vdnumber,registered,valid,spoilt,total
43502341,1553,1104,14,1118
11780298,796,521,9,530
76080090,1639,1067,12,1079
32951606,2710,1838,17,1855
76250190,804,536,9,545
33250621,891,763,4,767
98280052,3109,1972,8,1980
22200174,932,806,21,827
10841363,221,165,3,168
76250437,1038,545,10,555
22750141,2420,695,12,707
22600369,1088,549,7,556
32890349,1717,1609,31,1640
33060484,2224,1678,26,1704
97090421,3033,2378,7,2385
43992186,487,334,6,340
86743222,555,403,10,413
97130796,1564,1370,9,1379
43350410,948,616,20,636
32862124,2177,1229,14,1243
76291016,465,240,2,242
76170315,861,585,15,600
21970010,842,483,7,490
43500710,386,238,1,239
11780120,532,381,8,389
54620119,636,391,10,401
97520036,899,731,1,732
76321324,109,87,0,87
97120256,2136,1498,0,1498
11772097,398,419,14,433
97280073,2911,2396,4,2400
10890547,308,237,0,237
33010052,4083,3156,33,3189
10590454,1759,1243,1,1244
76220557,1414,864,5,869
32951774,2536,1617,15,1632
11780591,517,394,4,398
54430051,2120,1086,15,1101
10910719,77,56,0,56
11810483,621,426,8,434
33060158,5249,3983,44,4027
43360095,2331,1796,4,1800
32900116,5045,3869,31,3900
11070661,214,125,1,126
11200026,1541,1194,10,1204
54130092,698,573,11,584
22420077,1427,859,23,882
43416985,929,723,7,730
11530011,2650,1756,28,1784
54600184,2458,1724,36,1760
43361894,2372,1732,33,1765
86991553,1627,852,16,868
11620639,340,253,5,258
10640012,790,566,12,578
10590162,2200,1648,19,1667
11640169,655,407,4,411
86553030,698,552,18,570
76100699,860,505,9,514
43400764,2704,1800,4,1804
10841037,194,127,2,129
43504534,316,287,2,289
43773633,711,491,16,507
32862719,4057,2851,36,2887
10350010,81,68,0,68
33250047,2339,1735,5,1740
11070436,374,278,15,293
22720306,811,638,9,647
10590634,3174,2277,22,2299
54590126,1628,1138,0,1138
76140200,927,628,7,635
54120057,188,142,2,144
65690062,39,21,0,21
43360994,2110,1702,26,1728
22430045,247,184,0,184
76210680,318,164,1,165
10890143,615,444,5,449
76280362,1202,735,80,815
11752219,230,168,1,169
65140130,708,688,13,701
43450073,254,285,3,288
43770089,416,322,5,327
11650610,186,146,3,149
21861413,478,411,5,416
43500765,1846,1306,20,1326
43410631,660,395,17,412
32861134,1899,1430,23,1453
33260172,2619,1638,18,1656
54870183,2343,1735,21,1756
98400078,2194,1373,7,1380
86770042,1892,1281,34,1315
32952078,3287,1936,9,1945
11580511,624,563,4,567
11631608,504,356,2,358
76350450,751,454,6,460
97110042,2085,1316,21,1337
54880634,484,373,8,381
43640018,2662,1694,26,1720
76080506,401,315,1,316
43500888,1015,700,10,710
43951215,506,498,4,502
54911134,659,796,8,804
10900044,277,210,0,210
10870657,738,550,2,552
32862562,1223,1050,7,1057
54100033,1939,831,4,835
32840681,2748,1891,21,1912
97092119,1828,1223,8,1231
76290903,375,163,3,166
11780276,523,342,13,355
43580088,735,465,9,474
76100420,1606,707,5,712
76450147,2488,1521,22,1543
54620816,300,161,5,166
43430037,580,383,6,389
97530138,423,251,8,259
97200132,1591,692,2,694
43622175,902,585,22,607
33040145,456,436,12,448
10810684,414,291,4,295
76321526,296,190,4,194
11830137,630,437,5,442
97142575,554,575,5,580
22420594,967,496,8,504
86663436,180,143,2,145
32851368,2003,1780,13,1793
76240515,296,367,2,369
22530057,1154,898,18,916
86740151,1105,699,26,725
11631204,223,135,10,145
10810796,228,162,4,166
43692004,947,658,26,684
86992206,310,233,3,236
10080010,2278,1585,13,1598
43400607,997,835,2,837
22650443,335,201,4,205
54830055,2502,2000,17,2017
76280070,1016,535,8,543
32952337,3374,2426,71,2497
22650308,382,262,6,268
43770898,1194,775,24,799
43400843,1886,1696,4,1700
43990757,1123,768,68,836
32980079,5379,3805,14,3819
33250216,2305,1643,12,1655
43992490,961,752,5,757
10940543,390,266,3,269
11090078,85,47,0,47
86550914,432,242,10,252
11630731,462,271,1,272
32890765,949,1193,22,1215
76080696,327,348,6,354
32960538,5962,3226,12,3238
10840070,601,434,8,442
32851212,1898,1285,10,1295
43600047,3411,1973,16,1989
86661108,1965,1454,10,1464
54210349,336,303,6,309
76280429,528,416,4,420
54330072,2605,1697,33,1730
10850408,449,306,9,315
11781211,226,142,5,147
43416165,674,539,9,548
10940071,313,194,2,196
54580215,1038,748,8,756
43951170,306,243,5,248
76260359,559,272,6,278
98130045,1138,834,11,845
86660220,976,601,7,608
33010311,2438,1825,40,1865
11580308,699,477,9,486
11640147,526,317,7,324
10920147,602,404,3,407
11460327,179,119,15,134
10940330,376,246,6,252
86742928,364,229,15,244
86610034,413,315,4,319
11571296,582,384,10,394
11811125,310,210,2,212
43410743,929,653,28,681
43411621,1288,845,6,851
11790716,309,237,3,240
43501250,1297,791,12,803
32863114,886,993,5,998
43620263,426,304,8,312
43418820,871,706,0,706
43362312,417,332,4,336
10870950,527,394,9,403
32862696,4910,2620,98,2718
33060978,2754,2034,39,2073
11750509,275,186,1,187
32870921,2680,2019,18,2037
43583182,567,438,8,446
43950168,1477,1011,1,1012
43500811,1079,629,7,636
22800013,95,39,2,41
33080161,1836,1451,52,1503
54620715,492,392,12,404
11590590,1157,750,15,765
54410059,303,251,6,257
32951033,3057,2266,7,2273
97091624,3895,2987,110,3097
32960628,2810,2022,14,2036
32850929,2762,2278,9,2287
33250777,1016,1159,21,1180
43584116,628,518,2,520
43417380,1128,745,2,747
54590395,513,376,8,384
76130388,597,361,4,365
43370816,3993,3387,52,3439
43993738,874,698,0,698
86551892,695,371,10,381
32960268,3088,2283,6,2289
43625550,1102,846,8,854
43419270,179,162,2,164
86742827,81,70,0,70
11070830,463,301,3,304
86820767,269,112,6,118
76150458,988,684,13,697
76270530,357,228,3,231
21860085,2448,1873,9,1882
43419089,440,351,7,358
43415557,1166,924,16,940
44030089,1733,1227,30,1257
43416413,253,179,2,181
32840265,1185,615,9,624
98110065,533,362,12,374
33260262,1501,1022,8,1030
76230457,351,237,1,238
32951998,2450,1749,18,1767
32850884,1894,1427,8,1435
43900028,2222,1343,19,1362
43400696,1501,1318,11,1329
97130909,3692,2803,11,2814
76540103,187,59,1,60
54230251,415,460,9,469
43580730,1594,1284,16,1300
11820529,433,260,8,268
32861369,1443,1083,6,1089
43994335,85,48,2,50
11580117,431,263,0,263
11830126,347,248,4,252
33270162,1854,901,28,929
43412745,2509,1531,35,1566
43582608,800,672,15,687
43570054,1348,854,15,869
32861853,2382,1880,20,1900
10670150,934,600,6,606
22820059,175,113,0,113
22090058,113,70,3,73
43411160,585,440,0,440
10810842,475,349,1,350
97090342,2230,1873,4,1877
97090904,1545,1295,12,1307
11771984,148,112,1,113
11760094,440,244,5,249
43400292,1121,1052,8,1060
54680058,1238,574,5,579
76200274,1597,823,26,849
76130254,622,343,4,347
54320037,1312,796,9,805
10910191,202,143,1,144
54890208,1802,1320,10,1330
43691991,154,103,3,106
32862966,3548,2801,28,2829
33060259,2139,1613,21,1634
76520112,44,39,1,40
10790108,358,212,6,218
97141136,4200,3366,30,3396
43951136,1369,1136,17,1153
97960135,1349,1322,21,1343
11810618,368,214,5,219
43413588,1496,877,13,890
76140042,407,237,1,238
43774814,274,222,4,226
86991104,1408,879,2,881
43950797,2112,1714,27,1741
33190039,1312,1131,7,1138
11070605,283,170,1,171
32910432,870,678,1,679
33240259,1830,1126,12,1138
76351013,292,253,3,256
87060012,1803,1503,44,1547
11631653,257,167,3,170
32860605,2009,1486,15,1501
54120181,296,227,0,227
43360040,3001,2621,29,2650
11630810,232,148,2,150
11240053,1057,758,11,769
11831059,273,193,3,196
11780096,623,403,14,417
11630258,676,427,6,433
11620785,533,346,13,359
43372098,376,395,0,395
22420235,538,488,9,497
76341089,294,204,4,208
86743738,350,340,0,340
33010456,1748,1318,17,1335
43690798,680,480,7,487
43502082,2068,1309,9,1318
11821317,292,180,8,188
10250266,3608,2613,12,2625
11611134,89,63,0,63
43416604,716,624,0,624
86990147,898,430,11,441
32871416,421,478,7,485
76080573,294,296,6,302
86740331,791,551,21,572
97090195,2968,2052,12,2064
32980204,3377,2690,58,2748
43371615,1260,817,5,822
11610122,384,246,1,247
76190283,1010,699,15,714
22110163,36,30,0,30
43503140,1043,837,13,850
43583632,340,186,2,188
32860739,2685,1850,24,1874
11750565,870,591,10,601
11220051,2465,1887,37,1924
76150773,315,212,14,226
11600648,1319,868,33,901
33080048,2791,2022,13,2035
32950290,4063,3262,26,3288
43990601,1238,919,14,933
86990507,413,257,5,262
10820146,623,479,1,480
43550018,1803,1130,12,1142
76420021,3204,1910,19,1929
32850312,2087,1501,4,1505
43417694,518,354,11,365
33020019,3959,3004,11,3015
22820071,1338,1474,18,1492
11750150,576,386,14,400
43720017,1435,1023,14,1037
76190519,958,690,13,703
33000040,3825,2867,14,2881
22410177,399,652,9,661
10590319,1799,1624,16,1640
43773295,937,574,15,589
11630113,755,585,3,588
11071213,384,322,5,327
76250808,752,348,10,358
43730131,1133,955,6,961
22170079,761,614,17,631
33020288,2634,1773,17,1790
86554277,293,244,2,246
10910663,326,223,2,225
33250643,1813,1492,16,1508
76251236,314,192,2,194
54440074,504,406,5,411
97141035,2510,2003,1,2004
43502318,495,334,10,344
65370034,1449,1159,41,1200
76480432,635,384,0,384
54790320,2254,1679,29,1708
33020097,2767,2158,28,2186
10300228,3119,2296,8,2304
54540615,524,474,3,477
10950061,919,560,11,571
43670527,1358,1073,17,1090
11631024,360,190,13,203
86740634,885,534,12,546
76430066,520,429,2,431
54410385,116,128,1,129
10920440,127,92,2,94
54740134,692,503,13,516
76370698,360,211,0,211
65190023,1373,930,81,1011
98280085,2190,1447,17,1464
32950807,1729,1300,10,1310
11070559,620,389,8,397
86820936,180,123,2,125
97120571,2034,1523,19,1542
32850817,3574,2170,30,2200
97550095,663,341,4,345
86991250,571,384,4,388
43504769,338,296,4,300
22421663,290,223,3,226
33250339,2980,2138,32,2170
32910263,5520,2683,84,2767
86992138,686,376,1,377
76450484,241,239,2,241
98380154,1778,1201,16,1217
54260298,1484,1300,29,1329
10790591,524,373,9,382
43622142,89,57,10,67
11080897,587,431,2,433
11071785,46,29,0,29
76150032,2499,1415,23,1438
76370700,637,378,3,381
10790681,248,192,3,195
86600055,1619,1187,28,1215
97120223,1967,1259,0,1259
43621028,967,652,19,671
22590132,1693,1156,18,1174
11640248,355,257,2,259
11580892,473,266,14,280
43773093,503,389,2,391
86551375,1072,724,17,741
76390106,1085,576,112,688
64980030,1440,1018,20,1038
43416918,845,667,17,684
10250817,2382,1588,28,1616
43990184,811,620,14,634
32950683,1111,888,21,909
11640305,582,381,10,391
76370531,1315,651,13,664
86740263,673,430,5,435
54320093,1094,870,11,881
43770977,1158,996,15,1011
32861415,2576,1908,27,1935
22640060,260,153,2,155
86910273,2232,1422,29,1451
43360220,3660,2780,47,2827
21860388,1217,798,12,810
43951192,1985,1602,0,1602
76360822,280,204,1,205
11831004,425,349,8,357
33020569,3846,2857,12,2869
43416558,579,423,7,430
33010030,2818,1908,44,1952
86661973,1808,1165,22,1187
76140985,488,349,0,349
43773374,403,313,11,324
76340178,1196,624,10,634
10890121,539,392,3,395
22400301,351,265,0,265
54510139,1380,1260,18,1278
43670167,2287,1600,43,1643
43991567,407,243,5,248
54610499,1414,1019,18,1037
76140930,802,519,3,522
86661782,1336,1005,21,1026
10820977,326,312,3,315
76400243,631,316,3,319
76150234,888,553,16,569
97091938,1410,1047,0,1047
86663403,251,197,5,202
54540042,1692,1147,32,1179
10871197,379,258,2,260
54330038,2970,2576,9,2585
65130061,1027,837,15,852
22600617,639,556,9,565
11650823,429,334,0,334
43414411,745,580,3,583
33090139,2078,1434,76,1510
43730018,1897,1494,22,1516
32851223,1720,1421,10,1431
11630966,661,416,13,429
43417953,344,412,27,439
43380097,1657,1432,2,1434
54790409,1000,793,10,803
87020018,3871,2559,31,2590
97142373,762,802,3,805
32940503,1754,1537,2,1539
43622388,659,481,9,490
97141844,1611,1334,16,1350
11100283,495,397,3,400
10950320,264,241,3,244
33000017,3692,2612,40,2652
11750486,438,255,6,261
22120287,84,69,1,70
22470049,2434,1835,5,1840
43691878,1727,1259,34,1293
21861727,280,433,1,434
11620730,508,335,7,342
32851357,562,532,9,541
32862371,3368,1996,24,2020
43622692,595,382,7,389
86620079,559,428,4,432
11831420,833,665,8,673
43630039,376,331,7,338
86670287,391,541,2,543
76300668,458,336,8,344
32860223,3287,2537,18,2555
43690068,560,373,14,387
86552039,620,431,6,437
32940176,1604,1201,13,1214
11490027,1288,694,11,705
43370782,2268,1738,6,1744
21861738,836,616,8,624
10300161,2742,1857,40,1897
32950964,3533,2508,12,2520
11751713,138,88,1,89
76520167,211,159,2,161
43412958,402,216,5,221
97410012,2882,1304,20,1324
10030048,628,516,4,520
43470019,1753,1546,12,1558
54250017,885,533,11,544
11490016,1760,1338,20,1358
76260023,2635,1489,11,1500
11630494,646,398,14,412
10251009,2992,2385,30,2415
11690030,439,289,9,298
11781255,338,241,6,247
43361917,1709,1438,27,1465
54790241,1355,1051,8,1059
43670448,2160,1658,28,1686
10820809,698,561,5,566
43504208,320,249,3,252
11830845,523,328,1,329
86551139,518,280,2,282
11650418,630,452,14,466
43416053,2113,1887,27,1914
65350133,48,55,0,55
86920072,678,570,10,580
32930186,1978,1603,16,1619
76480814,396,216,32,248
76211254,656,434,3,437
22820262,89,65,0,65
97140045,2957,2478,3,2481
76481129,230,253,6,259
43360916,3684,2637,31,2668
32841761,776,816,13,829
43361928,1841,1531,22,1553
43880014,454,373,6,379
54160084,350,528,0,528
86552129,731,461,12,473
97092276,5368,3524,78,3602
11740025,1297,1098,28,1126
76380037,477,236,5,241
43413702,1026,709,12,721
43620959,907,607,0,607
32951369,1627,1223,8,1231
87050011,1888,1294,21,1315
76140659,782,505,5,510
32861639,2242,1734,15,1749
97710059,1551,955,15,970
32862786,656,422,3,425
76310388,755,452,7,459
11590444,453,261,4,265
97520328,1086,1037,3,1040
11320041,707,566,6,572
76340583,663,397,2,399
22630104,106,68,2,70
43693320,173,141,8,149
11570071,944,687,10,697
97550028,334,219,10,229
76160190,1180,646,28,674
11620752,953,743,13,756
43775118,312,279,5,284
76300590,405,237,2,239
86742096,63,46,0,46
43412464,1058,930,12,942
76211636,303,270,0,270
43581674,723,523,11,534
97220145,2148,1553,9,1562
33250823,607,851,5,856
10591309,991,934,14,948
43580482,2763,2030,52,2082
11100351,190,123,2,125
10871344,620,481,4,485
43580268,672,490,4,494
76211287,888,627,5,632
43581326,531,388,6,394
10570148,530,422,1,423
86991395,939,469,22,491
22790044,1142,911,9,920
43581865,418,312,12,324
97280242,776,668,2,670
54590294,440,324,9,333
43622535,589,343,6,349
43993918,432,316,7,323
10251087,2058,1992,7,1999
22740016,2756,2167,5,2172
11600356,538,262,4,266
33020435,2826,1846,13,1859
21890011,1950,1385,31,1416
32850682,2158,2133,0,2133
54720086,2452,1950,28,1978
10410028,173,92,2,94
11600165,492,324,10,334
10251829,889,1163,19,1182
43504512,245,244,24,268
76210062,653,308,8,316
11071808,205,161,1,162
32951011,2463,2030,8,2038
86552747,121,49,3,52
76330278,499,269,4,273
65970018,1985,1339,13,1352
43690620,974,665,7,672
43771945,114,79,1,80
54580305,479,362,6,368
11631462,391,237,0,237
43371570,2693,1612,21,1633
65220038,2450,1653,15,1668
32870718,2224,1642,15,1657
11821283,428,325,6,331
43690529,955,745,8,753
86553760,504,273,8,281
43991613,726,526,10,536
32862506,1699,1448,8,1456
22650353,300,182,7,189
11610212,519,302,0,302
54620737,189,113,3,116
32863170,1690,1812,12,1824
97280152,2507,1458,25,1483
11070032,217,132,0,132
43371873,1049,987,10,997
10591039,1658,998,16,1014
43990285,648,549,18,567
11590400,298,188,5,193
10250165,2902,2567,12,2579
43691328,509,329,10,339
54610185,1725,1143,26,1169
43583508,733,484,6,490
43503746,323,280,0,280
43411463,1190,819,16,835
76150289,1260,794,14,808
98150014,1573,1096,11,1107
76510458,364,219,2,221
86730172,1863,1390,28,1418
97091747,3732,2633,36,2669
22080204,235,187,3,190
11800820,312,231,7,238
97280040,2400,1407,27,1434
43420126,916,915,3,918
86990114,939,600,3,603
10810572,291,148,10,158
43810017,1569,1257,22,1279
86742074,64,38,1,39
43371817,2318,2903,48,2951
43900084,3266,1893,45,1938
43583126,734,597,5,602
43415962,248,175,2,177
54900086,500,359,21,380
76070077,593,740,2,742
86690087,1919,1420,23,1443
86820352,212,113,3,116
43691913,237,184,2,186
22420819,865,610,20,630
33260138,2164,1660,9,1669
11640338,523,353,4,357
76170180,1126,718,14,732
43360736,2249,1957,21,1978
22210063,2244,1657,22,1679
11820765,89,64,0,64
22560083,146,55,0,55
22430247,153,139,4,143
33150125,1220,1065,16,1081
33060013,2116,1949,7,1956
43690103,1124,837,29,866
76350146,457,271,4,275
11761095,400,235,5,240
11820967,500,298,7,305
22430090,239,184,3,187
86700045,3276,2300,14,2314
32840164,4102,3168,29,3197
76470183,826,934,6,940
32952045,2785,1630,0,1630
76050121,479,640,9,649
86660938,1739,1278,5,1283
32850592,3021,2446,11,2457
43772429,972,758,15,773
54880139,2375,1808,20,1828
11650092,648,441,16,457
11800325,664,451,9,460
76340066,925,567,2,569
76290970,552,225,1,226
76530089,307,87,0,87
76480881,579,414,7,421
33030245,2118,1164,66,1230
86580210,1491,957,13,970
65900011,2990,2133,25,2158
43991714,1358,1371,13,1384
65090077,1479,1057,23,1080
11751881,94,61,3,64
11780142,587,357,3,360
10380035,295,79,6,85
11800381,745,523,0,523
11590387,453,223,6,229
11770736,829,542,7,549
43994436,527,401,14,415
10250479,2181,1932,13,1945
11780579,358,231,4,235
86690098,3319,2334,77,2411
43413476,633,488,6,494
10350087,68,37,1,38
86660196,1073,623,22,645
11071178,218,160,2,162
32960583,1887,1388,10,1398
86870537,664,539,18,557
54320149,734,643,11,654
98080027,408,254,4,258
11761040,370,250,4,254
54280087,714,630,9,639
33000466,1094,967,19,986
32860920,1621,1347,22,1369
54620254,445,240,6,246
10820359,571,340,1,341
43362211,2964,2313,38,2351
76250820,694,506,11,517
97142193,881,746,13,759
86660466,1000,536,8,544
43994739,303,260,20,280
76350089,1255,700,17,717
43416491,530,377,2,379
65440043,1755,1258,19,1277
11800156,459,295,11,306
32950098,2618,1925,4,1929
54910481,1296,977,19,996
97130448,1409,1101,5,1106
97400033,2423,1351,11,1362
10540055,713,685,4,689
43414455,2380,1656,38,1694
43771956,1240,910,13,923
97090645,1462,1161,5,1166
86552501,1458,1596,15,1611
11080842,426,346,7,353
11591120,296,190,1,191
22600077,1281,1018,9,1027
43773677,1313,1033,19,1052
43390234,1618,1285,33,1318
10840924,67,38,1,39
11781075,401,219,12,231
33090409,1562,1707,35,1742
54650077,1969,1616,6,1622
11790222,1244,830,20,850
33250272,2657,1910,18,1928
97100366,2693,2237,17,2254
43361388,2448,1741,121,1862
43415647,1058,792,9,801
11060109,1118,753,9,762
43411553,518,340,6,346
76540046,365,181,4,185
76260641,311,316,5,321
11071651,137,96,5,101
44010032,1461,1002,15,1017
43620308,1753,1207,32,1239
43370748,2985,2277,16,2293
22110107,45,41,0,41
54370065,93,42,0,42
11620976,165,113,4,117
86553007,412,229,6,235
32940783,605,910,18,928
32980439,2907,2683,11,2694
10590207,1507,1260,17,1277
86743457,56,45,2,47
32940334,2296,1753,17,1770
86663324,450,382,4,386
54650101,2922,2083,15,2098
11070896,254,190,3,193
97140427,2387,1594,14,1608
11580869,260,183,2,185
11390723,400,293,11,304
32861077,3288,2203,43,2246
21861233,2060,1630,7,1637
43417335,335,273,5,278
43370557,2276,1854,21,1875
86590200,515,968,12,980
76080517,397,505,13,518
97110277,2909,2259,10,2269
10820438,184,134,0,134
10251526,1707,1214,17,1231
98410057,2267,1245,23,1268
33060732,2923,1599,22,1621
54890578,934,669,6,675
43992131,1138,822,3,825
43417256,1351,1020,12,1032
43670123,1989,1539,25,1564
10940138,425,275,6,281
43692891,592,415,7,422
65440649,905,812,4,816
97550185,376,227,6,233
54620838,207,176,2,178
65890019,1929,1412,14,1426
11450034,184,107,1,108
54660214,49,71,1,72
43584138,292,241,4,245
97200222,1475,728,5,733
86551218,501,380,6,386
11640260,387,221,1,222
10840182,381,259,2,261
76220298,1267,655,10,665
76340842,444,297,2,299
10300385,1940,1502,31,1533
86743659,31,32,2,34
11390161,695,467,13,480
76230222,905,479,8,487
54320150,1449,1295,62,1357
11760779,118,117,2,119
43693005,364,297,4,301
43370063,2616,1854,18,1872
22430067,76,61,0,61
10890031,263,134,5,139
32953103,485,640,5,645
10251458,1879,1447,23,1470
97140696,2711,1967,21,1988
43770696,1361,1013,12,1025
97091433,2304,1518,11,1529
11800538,511,297,0,297
65460023,3425,2176,47,2223
76480780,372,278,2,280
11790547,552,342,52,394
11750060,191,134,6,140
97141260,2051,1627,16,1643
76370924,584,342,0,342
43991691,1935,1469,27,1496
10250930,2630,2055,28,2083
22750365,580,553,17,570
43691924,1001,854,15,869
76450114,1069,519,10,529
22650072,247,231,6,237
86991485,2448,1498,0,1498
54790173,1689,1207,22,1229
33310257,289,292,2,294
43502699,278,188,2,190
76280531,1848,1221,10,1231
76510548,71,45,1,46
22320098,1060,573,88,661
76150504,917,560,8,568
43581562,461,336,11,347
43625077,484,353,14,367
43774443,450,336,2,338
76211681,216,189,0,189
22210085,1560,1040,31,1071
43620689,528,370,2,372
97090049,3186,2529,14,2543
33070160,778,760,2,762
86850074,1575,1214,24,1238
32863091,1034,819,10,829
11630179,365,230,4,234
76100284,774,566,3,569
43480087,2111,1689,15,1704
22400637,236,323,9,332
10850655,184,155,0,155
43412677,1284,997,12,1009
11570329,980,600,10,610
76101106,535,519,5,524
11620291,843,554,8,562
32841132,2987,2104,23,2127
10850419,517,375,7,382
76221176,445,457,4,461
43621321,1568,1074,30,1104
43992861,651,432,0,432
43501812,796,529,13,542
54890590,1115,834,4,838
21870390,2104,1694,32,1726
86741422,186,89,1,90
32951853,4695,3972,16,3988
76280687,375,298,2,300
22490131,388,352,8,360
43390548,3543,2523,45,2568
43504411,411,320,3,323
76280463,1295,829,29,858
76161023,377,229,3,232
33090353,1464,1179,11,1190
32871056,3951,2648,23,2671
22590053,1732,1326,7,1333
86670276,540,503,6,509
10250277,1660,1040,3,1043
43624942,277,197,3,200
97120065,1154,1383,4,1387
76330537,300,180,1,181
97130785,1644,1353,11,1364
11390329,854,506,6,512
11620987,85,38,10,48
97360117,256,161,3,164
10460034,1354,1052,4,1056
43870169,609,634,28,662
43360590,1327,1070,9,1079
43772766,226,170,2,172
76160572,846,541,14,555
97140292,1846,1288,2,1290
10790478,144,100,0,100
76450372,457,347,4,351
10910674,304,183,4,187
11070302,332,209,4,213
76480027,2531,1266,14,1280
11560047,1293,811,8,819
43582743,979,766,13,779
76170629,298,237,6,243
65660069,56,22,0,22
32960178,2425,1811,11,1822
43774106,755,497,13,510
22250056,743,644,19,663
10870242,2386,1464,11,1475
22020118,1309,867,20,887
32930568,3976,3011,46,3057
32840636,1158,1080,5,1085
97130112,3160,2525,7,2532
22400053,128,77,0,77
86990956,839,552,11,563
43772913,121,88,3,91
33030616,816,787,10,797
33020244,2729,2000,22,2022
43418505,696,519,29,548
76210949,1509,836,6,842
54880083,2040,1466,27,1493
10870534,384,264,10,274
43625415,301,212,7,219
11631181,208,158,2,160
87020164,1762,1177,0,1177
32930872,2333,1867,20,1887
54800029,3411,2371,31,2402
11070346,738,456,7,463
43693230,775,708,16,724
97200244,1700,1035,14,1049
76230468,175,121,1,122
33010423,2007,1362,22,1384
11070144,533,366,0,366
11070852,371,261,2,263
54890264,1493,1131,31,1162
43390122,3394,1920,0,1920
76540057,971,719,7,726
33030144,2463,1653,22,1675
10510063,251,139,2,141
22020062,892,615,17,632
65990043,87,72,1,73
43991231,1235,933,21,954
54910087,1890,1161,19,1180
86580232,465,420,5,425
86820431,136,74,0,74
54210114,1918,1395,12,1407
22600134,1949,1379,17,1396
11640428,337,228,6,234
43362132,1513,1115,11,1126
54830022,3689,2906,30,2936
98280175,1047,877,10,887
43370692,1499,1374,25,1399
76170236,1018,617,7,624
33020323,2961,2443,6,2449
43413285,494,331,8,339
10870949,360,224,17,241
11752286,340,323,3,326
43900039,1973,1143,20,1163
76310108,700,452,6,458
11800954,622,481,7,488
10870927,464,374,15,389
10590735,4017,2948,6,2954
11831217,724,534,3,537
33020468,1790,1583,8,1591
65530100,314,193,2,195
10090088,2382,1246,15,1261
10940363,163,80,0,80
54300013,2526,1769,48,1817
32930894,1132,820,10,830
65040016,936,679,20,699
22720036,2158,1365,20,1385
11600963,431,296,6,302
10840171,475,321,4,325
43413836,1725,1081,20,1101
32950469,2587,1560,8,1568
54470134,381,296,6,302
43580729,841,578,13,591
54540110,1151,745,1,746
44070061,2099,1368,15,1383
11771265,797,469,76,545
32980125,4642,4324,20,4344
32951932,3539,3181,13,3194
11820282,671,355,0,355
76320570,460,204,2,206
43360309,1695,1111,12,1123
10950128,518,345,1,346
11821351,323,233,12,245
43450051,1306,1115,20,1135
22120074,259,180,4,184
76320806,1919,1023,13,1036
54880229,1607,1284,12,1296
10870938,243,157,0,157
43950764,1510,1273,57,1330
97141800,3815,2388,31,2419
43371569,1153,823,12,835
54890073,373,178,5,183
54790858,771,848,20,868
86910598,1155,1424,0,1424
33000309,4333,3638,19,3657
43582912,755,636,4,640
76101421,397,329,4,333
76210376,601,365,9,374
98400124,2567,1731,9,1740
22600055,2169,1407,85,1492
76220209,1357,836,11,847
76210196,1925,1094,16,1110
76480230,1276,719,12,731
43622377,340,200,2,202
11780029,919,619,11,630
43413342,811,622,14,636
10870264,449,276,6,282
10591387,331,299,2,301
76240278,2246,1326,13,1339
32960101,1673,1211,11,1222
54410341,74,62,6,68
33030223,2722,2010,34,2044
43411485,397,266,9,275
98290019,2721,2042,22,2064
76101094,647,440,6,446
86870076,2168,1534,51,1585
43390874,2979,2822,30,2852
10251100,2381,2226,6,2232
32940963,957,807,10,817
10251818,5407,3581,64,3645
11591041,587,406,6,412
11580263,1005,673,10,683
86662301,1983,1086,12,1098
54610286,1129,900,22,922
76300477,1580,934,30,964
11650104,525,236,4,240
10940521,990,842,13,855
54570405,620,571,15,586
76480410,70,44,0,44
76310030,616,368,6,374
65440380,3373,2418,54,2472
22620068,883,639,6,645
43625370,964,701,21,722
97710105,1267,710,3,713
43992973,1398,1047,22,1069
43970047,715,704,23,727
32930681,1490,1219,10,1229
43773532,614,414,13,427
43503881,1460,1023,11,1034
22490120,624,495,4,499
33010209,2938,2442,40,2482
33170048,2914,1819,16,1835
86661232,1707,1155,0,1155
10890435,184,129,1,130
10251380,1387,1094,13,1107
54780015,771,723,5,728
33000365,2178,1539,7,1546
76220894,874,500,4,504
43411025,889,634,7,641
10850802,535,399,6,405
76060054,1451,871,15,886
97142014,1649,1294,12,1306
54890534,1708,1337,39,1376
65370056,493,393,2,395
11630797,416,211,0,211
43625594,1053,876,28,904
43400067,4367,2967,16,2983
43790014,1442,1119,18,1137
22120221,408,339,0,339
10910528,622,371,6,377
97280017,1915,1077,25,1102
11100115,466,338,6,344
97980058,418,388,2,390
10790333,240,140,3,143
86992543,908,658,11,669
86552837,309,238,6,244
97730028,1311,911,14,925
54750023,1468,1149,7,1156
43581023,247,170,4,174
43950146,3235,2013,30,2043
43502453,597,422,6,428
11751432,429,302,6,308
11390149,1339,695,11,706
43691003,501,377,4,381
33250801,1581,1374,17,1391
76210578,1288,534,9,543
54790274,2919,1996,22,2018
33061182,829,1013,7,1020
76510032,177,81,0,81
86554200,576,500,23,523
86741376,923,637,0,637
43416031,931,735,8,743
21870402,1890,1340,24,1364
43951114,1381,1216,40,1256
10950296,491,396,1,397
43600351,1478,1324,25,1349
11770758,807,519,13,532
33000062,4140,3185,47,3232
76320929,690,483,2,485
43992298,1146,710,17,727
21860074,2339,2015,8,2023
54890950,282,279,4,283
54740190,519,477,1,478
43503511,1484,1063,5,1068
32860166,3918,3307,21,3328
86870515,627,601,5,606
86550419,783,471,3,474
22260057,1093,815,8,823
86660994,995,768,12,780
22421898,116,110,2,112
43417054,1308,1225,18,1243
11570891,471,341,5,346
32940075,2786,1786,25,1811
54510050,2825,1873,28,1901
11570206,374,268,2,270
97520092,1469,902,14,916
22540148,1971,1333,22,1355
97830186,335,206,1,207
11630944,260,171,0,171
76120152,675,409,5,414
86552488,375,259,9,268
21870637,474,402,14,416
11460271,229,185,0,185
33000130,2170,1605,14,1619
11080202,489,291,0,291
43624964,379,298,8,306
43361939,1485,1323,32,1355
65440199,2558,2023,53,2076
33060956,2675,2015,18,2033
11800842,411,300,8,308
10920484,383,268,1,269
54620388,378,249,2,251
32860368,1851,1495,2,1497
76210152,1477,869,4,873
76260247,239,225,3,228
86740443,1154,589,11,600
43581102,309,213,9,222
43414400,852,659,19,678
43570177,1027,801,11,812
86550341,295,114,1,115
43771710,545,422,4,426
11631901,272,203,2,205
54910155,1512,1063,19,1082
54900031,1304,875,25,900
76230187,1353,815,6,821
32860818,2233,1596,11,1607
22630182,65,40,1,41
86552152,1229,654,11,665
10910641,163,104,0,104
11590062,341,258,5,263
65090392,152,381,8,389
43990274,394,261,6,267
43625022,85,50,0,50
54490068,739,596,19,615
86553636,297,225,2,227
11761208,219,171,1,172
43951237,1206,1125,12,1137
21861873,221,237,3,240
10820933,649,505,3,508
10250985,2870,2113,21,2134
11570262,804,486,14,500
76520202,196,223,5,228
54220036,918,640,14,654
43730029,1731,1108,6,1114
76290576,1249,393,2,395
76360743,316,233,1,234
76360608,563,360,2,362
32930434,1997,1204,23,1227
11620044,230,134,17,151
76280621,527,370,10,380
54910841,735,585,5,590
10910157,239,132,5,137
76320637,659,333,8,341
86991249,855,493,4,497
43991747,582,464,5,469
33290041,816,600,14,614
32890608,4178,2982,18,3000
11080033,950,523,12,535
86992699,439,313,10,323
54540671,970,735,6,741
11590433,336,195,2,197
76490017,1243,912,12,924
10840463,329,215,5,220
10841071,181,123,0,123
76270057,1141,733,9,742
43570021,1115,793,5,798
54470055,159,91,3,94
11070010,290,181,1,182
32951101,3476,2914,10,2924
54700028,644,672,6,678
32953079,712,897,4,901
76370384,152,67,0,67
97110525,2428,1823,0,1823
33030559,963,944,13,957
43400719,827,772,2,774
43418000,1283,1032,17,1049
97090982,2022,1416,9,1425
43410620,441,187,2,189
43504017,292,236,6,242
33270353,41,43,0,43
86820576,178,64,1,65
11820495,535,317,5,322
43504826,485,402,10,412
43501205,826,566,6,572
11800482,822,580,10,590
10950229,267,188,3,191
11630102,389,194,4,198
86741196,675,401,3,404
11560137,1603,1133,4,1137
11751241,1402,1051,17,1068
43775129,387,339,2,341
43413544,2862,2014,23,2037
11600176,823,488,42,530
76490073,229,123,0,123
65620010,1911,1421,28,1449
43774320,831,631,17,648
11460080,340,192,2,194
43990106,279,182,7,189
54440366,284,210,5,215
98110087,283,176,1,177
43622827,1307,1036,21,1057
43416862,305,234,4,238
22820228,117,68,3,71
76100756,379,212,2,214
76330021,686,351,1,352
97110121,3846,3194,16,3210
97200255,3742,2343,32,2375
44070027,1560,1077,14,1091
22650454,61,42,2,44
10251740,1256,980,8,988
76080607,318,232,4,236
98400012,2544,1657,8,1665
43621613,398,281,1,282
11770725,660,381,35,416
43625538,1087,907,20,927
33070193,1434,1306,17,1323
33090218,2606,1917,2,1919
10300172,2173,1623,25,1648
97960090,2088,1842,5,1847
43361041,2123,1731,14,1745
22420022,772,406,12,418
33040077,2442,1675,7,1682
43610037,1996,1514,78,1592
43990780,770,555,7,562
76330267,1613,913,10,923
76270361,566,331,2,333
22090070,67,40,0,40
10770027,548,457,0,457
22740128,1467,1071,11,1082
11750217,802,560,6,566
86553737,439,348,10,358
86992341,470,326,4,330
10670015,1520,979,11,990
76290600,840,334,3,337
22150190,790,580,9,589
86740588,518,311,5,316
11590848,373,253,8,261
86741725,173,70,0,70
11060064,1222,863,3,866
43414804,918,747,14,761
76450316,408,267,4,271
10910269,477,295,0,295
33030436,1437,1170,35,1205
33030076,1488,1295,15,1310
54410318,1113,1047,20,1067
32841413,3127,2109,47,2156
32861819,1946,1553,17,1570
21860827,1559,1227,0,1227
11601111,348,214,3,217
76481174,337,283,0,283
33061014,1578,1376,24,1400
33290052,588,445,17,462
22800147,63,39,1,40
97131090,1989,1495,16,1511
43993525,949,647,0,647
43412947,740,539,5,544
97140360,1777,1450,9,1459
11800268,474,287,11,298
33170082,1837,1308,21,1329
54540200,2111,1196,24,1220
11290081,317,294,4,298
43994582,383,285,5,290
43418112,615,505,10,515
86870504,666,562,3,565
97090791,2795,2098,23,2121
43583777,1294,1078,26,1104
86740094,853,483,12,495
22410212,32,13,0,13
86551555,957,441,18,459
43412868,1872,1332,11,1343
11771399,1260,775,29,804
76100543,1445,885,1,886
43620454,639,468,10,478
43951248,1452,1567,18,1585
22820307,1374,1133,11,1144
32951471,1956,1388,8,1396
22720418,451,390,8,398
43520037,293,218,3,221
86550835,1026,774,20,794
54890725,171,132,2,134
54790667,1051,912,3,915
76380060,490,274,1,275
97820174,732,797,21,818
86660477,1076,623,11,634
22200039,1779,1067,12,1079
22120276,123,95,0,95
22790022,1132,838,16,854
11580016,1605,980,26,1006
11771221,872,586,10,596
97091578,2118,1267,14,1281
54470077,412,272,2,274
32850277,2818,1952,15,1967
43693274,405,356,7,363
11810629,387,249,2,251
76080416,704,729,0,729
54580259,679,534,7,541
43450039,2541,1684,17,1701
97960124,444,381,1,382
10850431,648,487,8,495
11570958,568,383,6,389
22220019,2060,1496,39,1535
43581742,651,463,0,463
98430240,1013,687,14,701
43994111,571,421,10,431
11601076,263,186,3,189
97540241,667,404,7,411
11590040,573,321,18,339
32951752,4246,2576,2,2578
54220058,1082,693,0,693
43774892,587,433,9,442
76211445,613,480,6,486
10840946,158,106,2,108
86662503,2047,1307,33,1340
10590791,2225,1381,19,1400
11630315,452,263,5,268
11160166,185,127,1,128
43360815,5175,4076,22,4098
86820914,264,162,1,163
54450031,453,375,6,381
54120068,463,338,4,342
33330024,792,508,7,515
54890589,1016,708,13,721
43582956,348,287,3,290
21861132,1556,1001,20,1021
43620117,1172,867,0,867
43625695,689,534,7,541
10670374,1597,1179,0,1179
43693263,427,406,5,411
76500031,142,43,2,45
43970014,2018,1447,33,1480
21870705,537,478,15,493
86820475,131,90,1,91
86821094,1830,1550,42,1592
22400110,309,239,4,243
54880050,1815,1442,42,1484
43620319,333,225,9,234
97830063,375,292,2,294
76100442,1008,502,19,521
43621545,460,307,10,317
54600319,1570,1514,21,1535
76290510,405,167,1,168
97370028,334,149,4,153
76370632,751,408,1,409
76130669,363,287,1,288
11620280,578,373,6,379
43993143,976,771,22,793
54570269,1033,539,15,554
76090114,3208,2401,15,2416
11610975,705,495,6,501
10850970,213,168,4,172
86550464,545,378,5,383
10460067,329,465,6,471
54620096,1325,789,11,800
33250799,628,726,8,734
32871102,1233,1030,8,1038
11751555,455,341,7,348
11780131,864,635,12,647
11590264,427,259,2,261
11571106,519,364,10,374
22030018,730,814,12,826
76140402,664,477,2,479
10920350,488,338,1,339
11690052,613,405,9,414
22700102,743,572,0,572
54540176,236,55,2,57
43411092,699,495,6,501
11610346,315,190,5,195
43362143,1362,1163,5,1168
86991328,460,343,6,349
65680061,85,61,2,63
86661647,1988,1565,5,1570
33061003,3310,2616,35,2651
54460043,369,304,10,314
33080172,2024,1544,23,1567
43418202,240,213,5,218
11600233,656,435,12,447
76060144,2315,1426,12,1438
43773611,1306,1139,17,1156
65400038,149,194,6,200
76200128,680,412,3,415
43583463,1375,1184,31,1215
76170337,1255,836,13,849
32910140,4631,3786,7,3793
33020255,2236,1534,22,1556
76540192,334,176,0,176
10250378,2250,1590,50,1640
54330195,469,588,6,594
11460529,262,213,10,223
33010355,4532,3514,51,3565
43418101,437,384,8,392
43771260,703,574,15,589
86870403,1088,799,7,806
43991837,396,276,8,284
76211715,307,236,1,237
32863046,289,222,0,222
22210221,470,391,13,404
32951527,2160,1306,2,1308
54410374,179,169,3,172
97910051,1548,1002,8,1010
86660321,926,591,7,598
43430082,963,983,19,1002
86550048,1467,800,15,815
43412318,1334,985,1,986
11820417,444,289,1,290
65080010,581,482,2,484
86960076,1104,811,13,824
76140097,1067,750,6,756
76280812,405,368,1,369
43400225,3398,2713,55,2768
86590176,1179,1078,4,1082
33240406,668,574,13,587
11770310,1351,767,10,777
54740055,1717,1236,24,1260
10940712,317,221,5,226
33060350,1797,1504,13,1517
97120201,2928,1897,0,1897
54510094,1161,920,9,929
86870098,2043,1364,20,1384
54530030,2391,1712,22,1734
43774296,115,93,0,93
33250698,2351,1837,28,1865
22120232,128,92,3,95
43625628,146,114,2,116
10250154,4091,3359,10,3369
22330099,388,321,0,321
43625820,274,224,0,224
32861932,2762,1954,27,1981
10850846,135,99,2,101
43582709,888,678,7,685
22400233,415,322,6,328
32951550,2034,1470,20,1490
54240027,491,446,5,451
54140059,2533,2218,38,2256
76110173,2354,1836,6,1842
76450338,355,264,5,269
22420606,1800,1231,28,1259
43416198,732,497,9,506
43773251,2312,1853,47,1900
11071695,222,165,3,168
97540162,1069,515,5,520
22590042,1430,1067,4,1071
11771658,351,267,5,272
10590230,1838,1272,57,1329
43930076,576,622,0,622
22090069,90,59,1,60
11801090,207,141,2,143
43771675,228,179,4,183
97141080,2341,1783,21,1804
86742793,162,120,1,121
76290082,732,370,7,377
98170038,1101,781,17,798
76211221,1331,714,8,722
86870548,775,738,7,745
22630216,161,79,0,79
43621400,1475,1060,29,1089
43372054,1563,1339,5,1344
43504297,345,294,8,302
65980109,42,26,2,28
11751454,454,329,4,333
76211074,1094,725,6,731
43693128,358,277,10,287
43625909,1079,901,29,930
11751959,301,219,5,224
86660152,1161,679,12,691
65530087,223,105,0,105
97142306,2234,1579,14,1593
54620175,575,277,4,281
11631912,123,94,2,96
11640327,494,322,8,330
10100114,981,703,18,721
32862449,421,245,3,248
11761152,850,582,14,596
54880612,566,440,6,446
97142003,3284,2446,15,2461
11631282,245,125,3,128
86870559,723,839,10,849
11080640,320,200,3,203
87020502,2737,1611,18,1629
22421584,353,274,7,281
86620068,918,759,18,777
76150739,380,287,2,289
11620741,669,420,11,431
43991893,1003,725,22,747
43500114,639,418,4,422
43900163,418,563,4,567
97090027,2496,2118,5,2123
33060877,2008,1751,10,1761
86820059,260,165,5,170
76360888,560,492,2,494
10810077,588,393,5,398
76050031,2635,1833,0,1833
76160910,296,264,10,274
43504028,163,131,1,132
43419180,462,405,9,414
11760274,343,236,1,237
76210961,348,179,2,181
76340167,246,158,5,163
54400069,255,150,1,151
97680022,2368,1553,15,1568
11751544,295,209,3,212
22400356,189,88,0,88
11820114,561,319,1,320
54220069,1425,825,36,861
22450036,1519,1090,9,1099
33090498,680,845,10,855
21860232,2654,1852,13,1865
86742085,51,41,0,41
10870028,661,478,1,479
97090768,2378,1771,10,1781
43583722,483,363,9,372
32952832,733,1357,5,1362
10911024,151,104,2,106
22150167,1648,1280,11,1291
43418426,748,778,15,793
11580432,450,312,14,326
54790803,612,737,3,740
32960156,2106,1532,8,1540
54570371,755,479,0,479
86720047,2086,1415,14,1429
43621725,678,549,12,561
43500024,254,218,3,221
43625246,744,527,7,534
65500118,64,42,0,42
97110211,3710,3339,0,3339
97710149,425,576,3,579
21860052,1315,1007,6,1013
76190216,821,571,5,576
10840407,385,198,2,200
76370935,174,107,1,108
43502835,480,368,3,371
10890211,497,325,3,328
43584330,1727,1671,11,1682
43774252,552,485,7,492
11180034,191,141,2,143
76060234,2357,1666,16,1682
11591311,155,107,1,108
32841211,2217,1346,23,1369
22420910,819,405,15,420
11751263,441,279,4,283
54890152,1040,791,25,816
76351046,236,163,9,172
22420404,807,572,8,580
43390649,3796,3226,50,3276
43610015,1761,1062,13,1075
10790401,276,149,3,152
22690098,785,609,6,615
97830209,617,347,5,352
54310025,548,530,7,537
11810146,202,105,4,109
98100064,872,500,7,507
32850761,3309,2789,15,2804
11040017,983,767,9,776
32960189,1280,1017,8,1025
11570116,401,259,1,260
11580960,467,294,2,296
54100011,1658,1221,82,1303
11821137,187,131,1,132
86661254,729,462,5,467
43993615,545,382,15,397
11620707,248,155,0,155
11600615,1091,609,10,619
43501261,1781,918,17,935
43412396,570,399,2,401
76400298,1167,660,6,666
43416288,252,203,2,205
43410440,1186,857,25,882
33090410,3341,436,18,454
76140222,876,529,9,538
43417582,952,683,8,691
86660343,1163,733,21,754
11600570,745,477,12,489
43994144,419,354,3,357
43771068,689,604,7,611
86870492,264,279,4,283
43990476,437,263,14,277
76140378,425,224,3,227
32861730,2736,1976,31,2007
10230028,662,467,8,475
86662312,1900,1327,10,1337
43371323,2076,1653,6,1659
43414590,1976,1445,42,1487
32940435,2659,2142,8,2150
11071011,272,189,1,190
76380183,1180,653,11,664
86930073,988,468,13,481
65440177,2570,1885,38,1923
22430191,220,171,2,173
22421562,406,275,6,281
21861547,619,624,7,631
97090522,3065,2223,14,2237
76450192,1700,1275,8,1283
11751623,358,263,3,266
97140225,2611,1685,10,1695
97100490,1539,1231,8,1239
86552602,1118,623,5,628
10400016,910,672,5,677
10950038,552,352,6,358
76270259,2204,1213,4,1217
54590441,720,588,12,600
10250389,2283,1614,40,1654
11630427,614,406,1,407
54650167,2235,1766,25,1791
97141338,5283,3711,71,3782
43580303,1100,923,16,939
32840816,2392,1642,33,1675
10810752,182,120,3,123
76341124,131,132,1,133
22430056,269,209,4,213
65650013,812,756,16,772
86820385,280,193,2,195
21870367,1644,1158,20,1178
43584295,259,210,6,216
54120035,361,293,2,295
22520012,1717,1164,24,1188
32890338,1363,1193,16,1209
43500158,850,662,0,662
97130167,2091,3416,6,3422
64980029,388,302,2,304
33250070,3068,2570,13,2583
22810081,137,88,2,90
43350296,3174,2573,48,2621
32960695,2877,1936,13,1949
97140180,1910,1281,7,1288
43502925,319,203,6,209
65980110,75,40,0,40
76340268,535,315,5,320
76270372,1485,1024,9,1033
32870730,3479,2459,37,2496
76220423,1586,904,8,912
76110285,284,296,4,300
22421269,796,521,4,525
33060710,1456,1282,3,1285
97140753,2810,2304,4,2308
76080494,233,219,4,223
33060024,2373,1793,39,1832
76380497,332,245,5,250
43991400,559,409,3,412
43430026,2040,1510,11,1521
76420100,570,541,13,554
54790577,1118,1036,17,1053
22190026,832,564,3,567
86900159,404,220,3,223
76340156,363,208,4,212
86990596,1383,823,8,831
43584161,452,376,2,378
43994762,448,447,7,454
76520055,367,234,2,236
10670105,1606,1076,10,1086
11780377,920,605,18,623
22630283,85,50,2,52
54670259,568,485,8,493
32951695,1954,1325,10,1335
33280084,5468,4015,40,4055
11460316,485,343,5,348
11720034,112,77,0,77
76360114,663,342,6,348
43350252,2083,1495,26,1521
76500233,208,154,6,160
43500866,887,570,0,570
54420140,1612,1729,16,1745
10810673,399,280,8,288
11600761,644,380,3,383
10460090,1288,1448,9,1457
86743020,1387,878,27,905
11600019,1092,655,19,674
54910616,2020,1437,16,1453
97141686,2735,1913,17,1930
97130190,5175,3683,56,3739
86553186,2462,1385,32,1417
22620046,1378,994,12,1006
54570281,1021,479,8,487
76341012,477,267,4,271
32850840,4306,3426,29,3455
43361816,2019,1477,14,1491
54910986,418,395,9,404
43480223,1617,1008,10,1018
22250067,758,694,4,698
32950032,4031,2797,41,2838
43950371,1542,1284,18,1302
54230059,2359,1827,12,1839
11751926,413,295,5,300
43691687,475,368,10,378
43692532,268,194,6,200
10870400,455,299,3,302
43415209,461,376,5,381
76221143,564,575,5,580
43621309,502,311,1,312
43413971,553,362,5,367
43411788,580,397,7,404
97960056,2675,2181,6,2187
76360675,309,198,1,199
76280036,1153,726,7,733
54880577,447,392,4,396
43414983,409,263,3,266
54410071,260,181,1,182
97090533,1055,873,9,882
86741398,879,542,12,554
97091501,3601,2565,17,2582
76380015,834,465,6,471
54570191,1062,655,6,661
97280196,1640,1294,27,1321
43992164,528,378,1,379
76320301,502,339,2,341
11631585,409,220,3,223
10910573,602,386,12,398
11160144,139,89,1,90
54610589,505,582,10,592
32890585,4658,3578,8,3586
22150066,1652,1239,20,1259
11821216,414,292,1,293
22430089,188,130,2,132
97110222,3419,2536,68,2604
33000400,810,668,14,682
76140075,656,428,5,433
43770506,476,321,5,326
86990057,338,244,1,245
54220294,227,171,2,173
76100026,1473,939,26,965
65580048,1078,1132,20,1152
86650016,916,571,15,586
32940266,1872,1556,15,1571
86740083,1049,699,13,712
11790042,833,572,9,581
10910012,313,195,5,200
43583306,888,630,8,638
97840042,985,576,4,580
86992385,991,582,23,605
76370104,697,403,4,407
43360781,2954,2442,64,2506
97090229,3025,2017,0,2017
32862270,4305,3255,4,3259
33000152,2805,2143,26,2169
32861190,1962,1458,21,1479
10590331,1615,1212,15,1227
97530240,2091,1283,25,1308
43350533,491,286,2,288
11600143,1022,595,13,608
11631541,229,152,1,153
86580175,941,642,11,653
76280171,1381,838,7,845
10850183,473,287,8,295
76100172,1322,632,11,643
43690057,908,632,8,640
11631866,857,566,7,573
32861808,1775,1399,14,1413
86990350,1364,904,16,920
43622467,570,412,2,414
87010051,2920,2245,16,2261
43692600,147,151,1,152
11830856,468,335,5,340
54570247,1198,671,1,672
43951147,517,471,11,482
43500620,466,324,4,328
65520121,111,92,5,97
11620077,704,424,0,424
86662031,1713,1140,16,1156
43692262,841,499,14,513
86740612,772,406,15,421
43413713,1354,898,30,928
11100294,395,266,4,270
43670088,1828,1387,12,1399
32860155,3317,2571,29,2600
43361120,2505,1774,53,1827
43670257,2128,1463,32,1495
76320930,853,452,0,452
22100027,562,365,21,386
65290125,88,59,1,60
22700056,1821,1075,15,1090
11770578,1379,915,16,931
11830801,336,250,5,255
10820483,715,460,8,468
43991118,517,390,10,400
22430382,357,348,8,356
86662165,1587,1227,26,1253
11601032,210,140,2,142
43411665,849,647,18,665
76260449,558,406,4,410
32890866,574,660,6,666
11750026,339,190,10,200
33090296,1764,1458,9,1467
11820901,220,139,4,143
11460518,590,429,11,440
86551331,1108,726,17,743
76090293,1315,931,12,943
11650755,648,460,8,468
11752039,316,240,4,244
10730157,128,98,3,101
65990021,305,167,6,173
76220759,790,444,3,447
10240030,2088,1501,13,1514
32951257,2388,1726,14,1740
22421405,894,744,22,766
65330119,42,35,0,35
43692105,699,497,7,504
33070227,958,770,7,777
76160437,1697,953,15,968
32840580,3394,2914,9,2923
11071280,284,215,4,219
11460473,241,187,5,192
10820551,166,110,0,110
43774061,967,845,18,863
22070067,584,488,19,507
76170348,1257,871,15,886
86743503,437,261,8,269
33270061,1359,859,12,871
54500015,1947,1386,16,1402
87020243,1947,1178,10,1188
11390510,333,195,5,200
76420010,2893,2015,21,2036
11821148,361,232,4,236
86821207,291,283,8,291
65800032,849,619,15,634
10840632,244,160,3,163
43418875,486,496,4,500
22400615,66,49,2,51
11631530,429,282,5,287
43581146,532,351,8,359
87020254,2579,1754,45,1799
21861794,112,126,0,126
32910128,4465,3571,80,3651
11611044,525,361,6,367
43502644,667,479,9,488
76330526,232,180,0,180
97760010,896,430,3,433
76250909,362,285,8,293
76350922,739,536,4,540
54460021,214,165,2,167
54590193,1518,987,20,1007
11570688,646,389,1,390
10330030,132,70,0,70
10240018,4061,3352,6,3358
86990338,891,587,12,599
43990061,319,242,6,248
43380299,2313,1850,2,1852
86820510,640,495,4,499
21860423,1269,920,10,930
86551915,464,308,5,313
54140060,1650,1208,18,1226
10890053,695,459,8,467
43417762,346,285,3,288
54570427,432,283,1,284
22650195,318,257,5,262
54610196,1150,694,12,706
11780210,1115,905,18,923
21860467,2195,1470,12,1482
54360042,255,219,2,221
97120054,1813,1915,9,1924
33060057,2401,1850,21,1871
87020591,1377,1532,19,1551
87020524,555,709,0,709
43503735,179,136,4,140
76211366,415,259,7,266
32890451,3270,2318,39,2357
11620763,532,344,4,348
43419225,312,535,7,542
11771793,572,348,1,349
43994638,825,747,14,761
54860025,813,388,9,397
43580134,357,254,9,263
76160549,975,600,24,624
43415120,716,324,3,327
97100917,2169,2212,5,2217
11820237,257,166,3,169
11780355,393,253,8,261
76160729,242,156,6,162
54570236,1387,899,16,915
33310055,1097,689,11,700
97280253,728,521,8,529
10310038,136,119,0,119
43480267,1482,1189,15,1204
54230060,1977,1395,19,1414
43600340,817,747,8,755
43500181,964,578,21,599
76270158,547,304,2,306
76050132,268,229,3,232
11752107,173,119,4,123
10840328,445,308,8,316
76160831,925,547,9,556
97540151,721,346,4,350
97110109,1320,960,16,976
43774151,260,204,3,207
22380061,1054,743,10,753
10851083,504,382,9,391
43870114,1998,1741,25,1766
22480017,1860,2038,29,2067
43951057,712,585,8,593
54890466,817,622,8,630
54680171,519,372,8,380
11820530,723,445,7,452
22300029,473,388,5,393
11590398,379,212,6,218
76190182,1251,744,0,744
43400258,1824,1438,25,1463
11780300,665,421,10,431
11780872,514,391,7,398
10250503,6195,3506,40,3546
43417717,350,289,0,289
43775499,381,346,3,349
11570554,470,292,9,301
43771282,624,532,3,535
86990754,757,519,16,535
86992576,633,480,6,486
22420707,875,627,11,638
76350034,1044,581,15,596
86991991,862,544,11,555
22150112,1315,1023,17,1040
33240170,1142,638,11,649
97270050,1551,825,12,837
43650042,1056,947,18,965
65000179,573,653,2,655
43993424,1832,1543,36,1579
22750185,1245,1032,17,1049
76240403,596,446,7,453
87020388,1539,1205,37,1242
11750329,273,149,4,153
65000258,600,530,6,536
65990087,18,20,0,20
43412521,1926,1700,22,1722
43990623,812,601,12,613
33250384,2270,1703,14,1717
43504332,361,292,3,295
22820149,965,766,12,778
10840935,333,219,2,221
32940918,1599,1748,27,1775
43414905,416,261,3,264
86660668,1227,865,6,871
87020625,866,944,20,964
43740233,2091,1738,19,1757
54280021,2392,1818,65,1883
76210264,831,471,7,478
54620209,1954,1095,29,1124
22410414,219,121,4,125
97091152,1477,1087,18,1105
98280096,1807,1054,7,1061
32870011,5436,4952,19,4971
86960122,712,646,16,662
65440559,912,848,7,855
10400083,1489,1025,11,1036
66000068,41,37,0,37
43400472,2716,2063,22,2085
76470206,602,473,5,478
11630382,517,277,9,286
43370412,2684,2158,33,2191
76080685,202,491,1,492
97360072,547,348,4,352
32930456,2756,1948,27,1975
97091815,2555,1916,23,1939
32960437,2664,1786,11,1797
11611156,164,119,0,119
54220250,409,331,10,341
10250019,5853,3865,15,3880
22640318,115,41,3,44
54620647,485,394,3,397
76510481,747,482,22,504
76160897,460,364,8,372
43414501,1718,1354,13,1367
54830011,3554,2712,33,2745
98050024,1341,1133,3,1136
43690226,1450,1119,33,1152
66010070,26,31,0,31
43350094,3255,2409,37,2446
76250459,919,558,12,570
86551656,1511,931,45,976
43360792,1040,756,4,760
32840995,2321,1763,36,1799
54360031,589,347,5,352
43993884,214,171,3,174
43600395,1096,1005,20,1025
22430269,70,40,0,40
11630539,740,399,7,406
21861750,852,695,6,701
22780032,1793,1255,27,1282
11460552,414,324,1,325
54440276,531,387,10,397
65690051,61,40,0,40
11750206,535,285,10,295
76100633,542,264,5,269
11390521,599,431,1,432
65370067,187,225,3,228
43504545,447,356,3,359
32890822,978,1026,26,1052
32930737,3087,2618,9,2627
76150605,708,527,19,546
22720339,1005,675,12,687
11771120,445,297,7,304
54880544,615,566,8,574
33090094,2243,1632,34,1666
97090252,3408,2482,11,2493
98410114,1836,1336,7,1343
97300021,1248,868,10,878
43991501,488,362,8,370
43500079,1432,986,10,996
97140034,3387,2999,18,3017
43410776,441,287,4,291
76200544,255,165,3,168
32950346,1687,1485,4,1489
76211557,351,291,5,296
76210400,1408,732,4,736
86870436,1150,960,12,972
43960046,1901,1363,24,1387
98130034,1963,1424,0,1424
43417199,264,172,2,174
11390475,1077,595,1,596
11751937,269,206,2,208
76440113,479,432,13,445
54540435,1464,1103,21,1124
32940817,793,1077,9,1086
76220467,973,581,2,583
11560216,3479,2626,16,2642
76450462,497,405,4,409
10840700,163,124,2,126
54910885,360,505,4,509
11010014,1401,1182,12,1194
65490015,530,326,5,331
98410035,1380,1221,3,1224
86580366,1001,937,3,940
54220407,636,676,12,688
43692228,412,298,6,304
32890192,2251,2150,25,2175
22150213,1432,1087,24,1111
10940026,474,212,5,217
86551454,2070,1259,41,1300
32900172,2682,1870,17,1887
54910751,874,606,8,614
32890204,2923,1968,22,1990
97091848,2134,1663,21,1684
97141787,2136,1709,15,1724
43350386,1752,1317,7,1324
11750835,653,328,0,328
43411519,832,647,9,656
86992868,349,265,2,267
76120208,680,417,7,424
43450062,390,663,5,668
32960987,280,324,6,330
43583575,1445,1129,28,1157
43772205,808,591,12,603
76320288,737,392,5,397
11071123,212,131,1,132
22330088,227,194,1,195
76280698,456,314,0,314
65340121,72,72,4,76
54680261,3689,3351,2,3353
22110376,174,122,2,124
22410278,113,52,0,52
32890158,2738,1652,19,1671
76330414,1080,672,2,674
86992734,299,206,11,217
54210068,914,656,22,678
43410798,367,203,4,207
33010636,3549,3612,32,3644
11750048,400,272,7,279
32951314,1536,1116,13,1129
33000398,704,571,11,582
44050069,1209,1158,0,1158
54910571,1215,791,14,805
43412385,854,524,10,534
11070470,370,268,2,270
43990386,2606,1778,46,1824
76450327,302,232,6,238
32910397,1212,1892,12,1904
65640089,37,27,0,27
76101522,1712,2110,0,2110
43582136,590,247,11,258
21861637,951,1067,3,1070
97092186,1150,853,16,869
86550486,756,511,9,520
32861662,2082,1478,31,1509
10840485,408,261,6,267
43418011,644,494,6,500
86991665,317,321,11,332
43411373,332,205,8,213
10670442,1194,990,22,1012
43581551,1136,849,6,855
11800695,266,163,0,163
22750387,211,214,0,214
22410436,132,103,5,108
32951145,7325,3832,12,3844
10790287,474,271,8,279
65330120,38,20,0,20
43771417,1336,1023,36,1059
11600952,283,200,2,202
43390133,1488,1311,9,1320
76250325,1007,547,20,567
43501698,754,527,8,535
54440300,535,361,4,365
54230026,2143,1587,27,1614
86690010,2077,1415,21,1436
65600096,799,808,19,827
22340078,1761,1124,38,1162
43993840,518,339,10,349
43413993,1526,1079,19,1098
86663188,728,718,26,744
54370087,64,29,0,29
43992995,994,755,15,770
22420695,1445,1052,0,1052
10591084,1384,1129,13,1142
43350229,1455,928,15,943
43390021,2259,1637,21,1658
86820217,498,292,15,307
76340628,886,502,3,505
86991777,793,418,11,429
43620162,222,166,1,167
33010591,2827,2022,9,2031
11650395,602,459,10,469
11760601,238,123,3,126
22421607,423,307,6,313
43670628,1002,838,12,850
11580476,592,395,6,401
97470074,758,619,8,627
43400270,2657,2180,22,2202
86741860,939,547,2,549
11600187,816,478,0,478
97950088,1051,1056,21,1077
32862168,2040,1667,13,1680
54600162,2729,1765,14,1779
76140277,1074,614,2,616
86550150,932,560,13,573
43500743,339,230,0,230
11820473,710,381,4,385
10910506,560,382,4,386
97142250,808,774,0,774
43500855,902,602,9,611
54600308,696,743,7,750
11790435,576,350,4,354
76370171,1459,775,8,783
43570122,1845,1059,19,1078
43770753,647,405,12,417
32930546,1517,1348,19,1367
86741118,690,419,9,428
11390587,391,282,0,282
43411597,355,240,3,243
43621343,560,356,13,369
86661838,1170,752,7,759
11600480,710,447,1,448
43502060,432,324,4,328
21860287,2634,2022,7,2029
11800886,524,342,16,358
43620601,750,555,10,565
10070019,1827,1159,10,1169
97350015,2255,1419,23,1442
10330074,389,242,1,243
43415872,646,447,18,465
76080551,354,408,4,412
11800189,225,96,1,97
10250637,1909,1537,28,1565
11830036,168,122,1,123
43350454,3099,2004,73,2077
76250392,1331,760,13,773
86730206,1738,1389,20,1409
11650261,693,379,2,381
43371491,1367,1184,12,1196
76160257,298,182,7,189
76320266,603,360,7,367
86553603,137,91,2,93
86700124,2599,1603,12,1615
76360765,255,180,3,183
43500349,716,562,3,565
43691070,469,312,4,316
43417155,1013,750,21,771
54890095,1065,903,12,915
76321010,656,361,0,361
76370575,1766,592,16,608
86661344,1484,992,0,992
43416233,428,293,4,297
43626067,365,321,11,332
11750240,226,182,8,190
86551252,2024,1385,42,1427
10300183,2762,1916,49,1965
43670594,2293,1796,45,1841
76340145,645,327,0,327
22421731,451,332,11,343
22420651,1225,844,17,861
11761062,144,96,1,97
11820574,472,320,5,325
11760038,459,240,4,244
65980121,38,33,2,35
43362266,877,740,15,755
11620909,381,265,5,270
11560520,630,651,10,661
87020085,1929,1692,8,1700
43350117,2009,1471,34,1505
10851016,323,235,6,241
43400775,3108,2289,54,2343
43370973,2117,1959,0,1959
21860096,1717,1473,7,1480
97090140,2289,1757,14,1771
43670280,2852,1885,47,1932
86662604,699,506,0,506
32950166,2627,2001,7,2008
54790050,1376,1031,27,1058
86910352,1493,1242,29,1271
43773138,340,198,2,200
21970021,36,32,0,32
10850521,353,185,4,189
65340110,16,12,0,12
86550239,1190,696,20,716
10920125,358,263,7,270
43390470,1979,1570,50,1620
76370845,1014,646,2,648
43584149,317,223,3,226
32862337,2228,1685,16,1701
33260374,374,286,4,290
76380790,374,414,5,419
54650549,1494,1066,22,1088
76170012,1461,982,16,998
22810014,240,127,3,130
76100790,306,198,7,205
54880454,872,730,12,742
22820138,211,130,4,134
65470057,1188,770,18,788
87020580,680,849,5,854
43414208,1683,913,10,923
22421540,188,103,1,104
11420019,244,129,0,129
43415669,806,553,8,561
76211388,631,457,2,459
22210175,514,618,2,620
97090892,2636,1845,17,1862
54910773,689,419,7,426
10850475,392,253,6,259
11760342,452,259,0,259
32871045,2943,2188,6,2194
54880364,724,581,6,587
32910207,4165,2864,39,2903
11640350,149,97,3,100
43400247,3962,2634,72,2706
22421113,1847,1242,29,1271
33060428,1614,1181,17,1198
86820958,185,117,0,117
43412059,1476,959,14,973
11820305,388,189,9,198
22150325,1218,1070,3,1073
11600020,1131,645,15,660
11831532,210,190,0,190
97860101,884,512,9,521
11220062,333,260,5,265
11750082,602,372,7,379
32870729,2254,1784,27,1811
43772395,195,151,2,153
86742029,429,260,8,268
33270285,765,734,5,739
97140078,4047,3445,10,3455
43950494,1340,1383,22,1405
43584172,390,270,6,276
87000050,915,682,25,707
11390307,1403,924,20,944
86662334,986,723,13,736
76160976,322,221,2,223
65440201,1037,723,8,731
86663335,307,287,5,292
43360264,2582,1756,52,1808
65070020,1274,821,18,839
11650508,141,86,0,86
98310012,243,134,1,135
87020052,1442,1177,15,1192
33060675,4333,3269,19,3288
54660089,201,122,2,124
76160336,562,356,9,365
54770058,171,170,2,172
11080022,299,189,0,189
65850037,317,233,7,240
43370456,1657,1204,12,1216
11600514,688,421,4,425
10920495,357,271,0,271
86770019,2168,1425,38,1463
76270103,749,399,1,400
43417548,610,475,1,476
43371402,4394,3469,78,3547
43430048,382,287,6,293
43500563,888,632,7,639
33080138,2824,1752,18,1770
65440391,1245,1157,4,1161
43417627,447,377,2,379
86790044,1682,1141,48,1189
54220025,1234,720,19,739
86661030,1428,1104,26,1130
76370520,791,483,7,490
43412790,2103,1640,23,1663
10300138,2641,1985,46,2031
76120196,1071,651,7,658
76170573,182,126,1,127
43580550,466,431,1,432
65570014,2168,2156,22,2178
10250963,3220,2247,29,2276
98340059,410,194,6,200
76300398,1167,524,15,539
22560049,1116,810,7,817
32930041,3210,2194,37,2231
65330142,18,24,0,24
54700129,375,321,3,324
43690765,536,354,5,359
54620760,206,130,1,131
43419078,624,618,9,627
11080325,480,274,3,277
86663098,392,269,6,275
32862775,1365,1092,17,1109
54650336,2719,1867,31,1898
97141316,2312,1824,28,1852
43362301,833,849,6,855
54630075,308,190,1,191
10950263,944,666,8,674
86550970,424,317,3,320
43414927,454,311,8,319
43910018,861,767,15,782
10590498,1863,1328,14,1342
11070111,752,483,7,490
76170630,302,187,4,191
86663379,991,938,21,959
43371110,2113,1475,16,1491
76350898,597,412,4,416
86552668,301,234,2,236
11071820,211,164,2,166
76080113,2257,1022,20,1042
10220016,2178,1421,33,1454
10240074,1072,854,6,860
43691474,1069,664,20,684
43950056,2253,1454,18,1472
86741589,1197,882,16,898
43772249,1088,850,18,868
11750116,795,463,21,484
11070054,463,329,3,332
65940015,606,504,6,510
11820406,705,408,2,410
11830384,1121,860,10,870
76210523,883,519,10,529
33061148,1556,1666,18,1684
76370160,921,532,5,537
43950034,1148,943,10,953
86620035,1320,941,0,941
32841626,951,964,12,976
33250395,2090,1671,23,1694
76330391,1430,903,19,922
43626034,1103,975,10,985
11790705,547,409,9,418
11820563,391,233,3,236
33030087,4220,3412,21,3433
21861143,1449,1377,0,1377
21870480,500,390,11,401
76150267,553,289,1,290
32860874,2552,1911,21,1932
11650306,200,119,1,120
76221198,323,260,1,261
97142261,1433,1162,0,1162
10841082,188,142,4,146
86741387,746,465,11,476
33061081,1098,711,20,731
76481095,126,104,0,104
97850054,339,138,2,140
43380211,1091,789,36,825
97360061,417,204,2,206
11800785,562,397,9,406
43580886,821,591,12,603
43418325,101,317,4,321
43770483,652,428,0,428
98380266,1863,1291,2,1293
32890226,4673,3496,77,3573
97140168,2875,2404,7,2411
43400551,666,501,0,501
86740702,845,634,4,638
32930580,1370,1001,9,1010
98110010,325,205,2,207
54830112,428,332,2,334
97810016,1186,1055,4,1059
76270204,1048,465,0,465
32890754,2259,1880,19,1899
54120024,487,362,4,366
43770708,1024,725,19,744
10871298,481,350,3,353
76380835,489,502,4,506
43582877,1426,1217,11,1228
43994807,429,398,6,404
65440234,2667,1853,46,1899
43992692,979,782,15,797
65020025,1081,864,14,878
76270181,1592,882,33,915
33170060,1162,910,9,919
43992119,1047,736,21,757
10940802,218,156,1,157
32870437,2396,1689,15,1704
54890321,1076,848,12,860
43990869,421,272,12,284
11080572,208,149,2,151
54890185,658,420,7,427
76480285,1245,712,6,718
11720045,1019,781,9,790
54670158,836,496,0,496
97130572,2298,1781,10,1791
43390515,6305,5230,21,5251
10250659,3961,2625,6,2631
43773217,535,377,5,382
43775174,367,308,6,314
98210044,96,67,0,67
33010557,1306,941,15,956
76210927,937,491,5,496
65000270,1210,965,21,986
11752129,177,129,5,134
43670279,2598,1905,38,1943
76080146,1961,1191,14,1205
32952472,862,1007,1,1008
43413151,1216,839,12,851
97141563,4076,2410,22,2432
43362356,1341,1243,20,1263
76160561,713,401,6,407
22410425,391,260,12,272
43770348,221,114,1,115
11760386,323,241,2,243
97141585,459,269,15,284
76350562,709,359,1,360
86770165,323,327,1,328
33000073,2816,2140,13,2153
43415221,1112,774,6,780
97140146,3548,2786,15,2801
54590036,1819,1195,24,1219
76340864,400,273,3,276
97100333,1641,1413,0,1413
97090678,3806,2980,15,2995
10940420,313,150,17,167
76530102,226,100,1,101
43371716,2219,1684,22,1706
43600294,1448,1337,32,1369
43772777,315,216,3,219
54230150,1095,1046,7,1053
32862067,2801,1982,29,2011
76321201,533,325,10,335
22420392,809,306,7,313
43870079,2123,1708,19,1727
32890136,2442,1795,16,1811
43501441,774,504,9,513
43625954,1251,1094,31,1125
32840917,1686,1237,21,1258
86741411,605,392,5,397
22421843,267,140,0,140
43371165,2303,1900,10,1910
11820158,756,468,12,480
97490010,1861,1219,16,1235
11610920,85,46,0,46
86552927,681,503,7,510
76380701,369,328,5,333
76440034,1972,1337,13,1350
43420081,2488,2048,23,2071
10470013,437,438,2,440
65140118,1319,1074,23,1097
86660871,1122,799,5,804
65570025,1607,1170,9,1179
43480133,2194,1589,10,1599
11620303,104,58,1,59
97140157,2488,2148,6,2154
98130113,80,68,1,69
11071291,63,50,1,51
43773341,210,161,3,164
33110222,733,625,8,633
11080426,318,208,5,213
43503184,631,466,1,467
10910999,241,192,5,197
76480623,746,398,12,410
65210059,75,53,0,53
97100186,3664,2600,39,2639
32960651,1633,1311,15,1326
86660455,884,530,23,553
32950144,2341,1767,11,1778
43993547,644,439,9,448
43500697,1642,1192,0,1192
22770110,466,284,74,358
86680031,3164,2025,9,2034
86990439,963,629,10,639
76370621,1340,483,14,497
10870365,521,342,4,346
43690248,382,289,11,300
11751230,464,295,1,296
43771709,581,426,9,435
43693139,1042,1309,14,1323
10650013,1092,763,9,772
43540017,1148,914,8,922
43370423,1826,1418,18,1436
33060248,1777,1511,12,1523
43992872,787,588,17,605
11620123,526,281,0,281
22640341,1382,1176,22,1198
11390330,255,149,5,154
43500754,800,572,5,577
43622265,849,521,10,531
10871355,205,135,1,136
65520110,260,146,6,152
10910865,335,245,1,246
32952449,535,715,13,728
43350207,1227,720,1,721
11831431,128,94,2,96
76320974,1958,1336,13,1349
10890244,279,183,3,186
43991534,1278,1065,16,1081
98400292,1074,1034,2,1036
33030100,2945,1908,17,1925
97091310,3332,2509,24,2533
10251212,2215,1462,30,1492
32951864,1051,371,8,379
43420104,1702,1474,18,1492
22600213,1289,932,2,934
43625886,349,280,6,286
97200334,617,547,1,548
43380288,2293,1655,18,1673
43413577,607,475,10,485
10851162,164,126,0,126
43951361,1088,987,29,1016
76390229,182,72,3,75
76510380,485,336,3,339
22210254,345,240,4,244
33090195,2501,1749,40,1789
86553669,269,162,7,169
32871067,2651,1926,0,1926
97580010,640,345,4,349
86661423,1431,1030,23,1053
43581168,492,371,14,385
76480757,1274,622,0,622
10670138,1092,795,10,805
22120164,230,123,2,125
32860582,2550,1978,15,1993
54790612,706,639,8,647
10630033,427,376,4,380
32960516,3944,3159,20,3179
76490163,1358,978,14,992
11830687,1061,830,10,840
32850244,2473,1243,7,1250
86620024,2940,1812,18,1830
32930164,1818,1442,10,1452
43691610,806,542,10,552
43581359,342,262,5,267
11751083,468,320,3,323
43361838,2138,1391,13,1404
11751397,888,632,16,648
54680025,2227,1250,18,1268
43380020,3964,3152,1,3153
43504286,377,301,0,301
97280130,1858,1242,29,1271
98280209,1794,1734,10,1744
43414017,946,740,0,740
32840502,6029,4322,26,4348
22610113,407,406,5,411
33060103,3881,3198,30,3228
97280129,2119,1841,2,1843
76320345,512,293,8,301
43415782,861,614,11,625
76200881,269,191,1,192
43504635,311,301,2,303
54580091,1461,906,15,921
10910922,158,100,0,100
22600448,1789,1306,8,1314
11790020,522,352,4,356
76520123,218,121,2,123
43990960,3121,2177,44,2221
10800054,146,120,2,122
43993299,468,326,8,334
22110332,63,54,1,55
11030117,2535,1971,17,1988
32840692,2220,1579,17,1596
43412587,723,538,9,547
22600011,3009,2051,15,2066
54430095,977,1094,18,1112
76350955,425,335,9,344
43480188,3744,2201,21,2222
86960065,2137,1154,25,1179
43502554,751,497,10,507
76321267,744,548,18,566
97140056,2875,2456,0,2456
32850558,5732,3868,18,3886
43370142,2937,2126,2,2128
97120111,2455,1838,2,1840
76140356,842,534,3,537
32950065,3708,2939,18,2957
43581753,347,212,8,220
43350241,1520,1046,12,1058
32900228,5325,3406,52,3458
32862629,1488,1039,10,1049
43692059,618,420,9,429
10090011,2284,1611,17,1628
97100816,1073,1170,39,1209
11591377,653,542,3,545
43690316,216,190,2,192
11640372,358,293,3,296
11781198,457,374,4,378
97140124,3115,2643,6,2649
76210804,1328,670,7,677
43774623,1246,1005,17,1022
11580285,394,220,0,220
10850082,324,169,1,170
10130016,1541,952,13,965
11570060,618,378,5,383
86552905,1149,864,15,879
10591332,763,885,9,894
43412217,909,623,0,623
10420041,2455,1599,32,1631
43480111,1902,1402,13,1415
76101173,808,482,6,488
97092029,2392,1799,17,1816
43418853,317,247,11,258
54650628,2672,1699,21,1720
10670396,869,774,0,774
43411339,318,225,0,225
86690021,1754,1249,19,1268
66010014,160,83,5,88
11820518,506,277,4,281
33010041,2880,2073,29,2102
43400887,725,871,1,872
21861772,805,758,9,767
22560061,1404,1039,13,1052
43583452,2034,1573,52,1625
97090184,3545,2563,40,2603
10860195,299,210,3,213
11771939,814,643,8,651
11771681,265,192,3,195
11110015,107,53,2,55
32870987,1878,1233,26,1259
87040010,654,426,7,433
54260399,2376,1633,29,1662
32850413,4406,1440,20,1460
43773037,603,444,5,449
44030034,2573,1778,25,1803
86550576,705,341,8,349
65370078,687,709,10,719
54570225,1235,749,3,752
97131168,553,425,11,436
32930827,3762,2802,43,2845
65020014,1712,1322,12,1334
97090094,2460,1874,4,1878
97090993,2285,1559,7,1566
97142519,603,683,1,684
32840760,1792,1478,15,1493
43583351,392,338,4,342
54840034,351,150,5,155
76290419,904,189,4,193
86552220,1165,610,5,615
21860063,2719,2065,6,2071
11821340,232,171,2,173
54790061,1315,1205,11,1216
76290857,595,264,0,264
43370502,2807,2710,31,2741
43582327,831,364,11,375
43350397,3456,2360,56,2416
43360084,3462,2923,39,2962
86554198,501,364,10,374
11790301,595,391,7,398
21860399,1162,872,10,882
22421304,321,246,7,253
10880030,152,96,0,96
22570028,2664,1338,61,1399
11570969,342,231,3,234
32840344,2727,1464,15,1479
76170089,2506,1423,10,1433
54260344,495,1174,12,1186
10940419,241,121,3,124
43360770,2566,2071,0,2071
10820630,320,212,2,214
86743233,735,440,32,472
54600263,1034,1090,13,1103
11390262,734,421,13,434
86660657,918,655,14,669
11620055,513,331,5,336
11390059,623,405,7,412
32861976,1501,1283,15,1298
11631574,265,169,4,173
43350139,1658,1100,9,1109
32860784,3814,2693,13,2706
86742906,200,110,3,113
54130025,1174,716,14,730
66020026,138,80,0,80
86870414,887,654,92,746
10820102,298,219,1,220
76490411,471,339,5,344
76280597,221,150,5,155
54840113,756,459,7,466
11810281,608,385,6,391
54210293,558,486,5,491
11410029,128,105,0,105
76130243,497,217,7,224
44040013,2283,1780,7,1787
76200410,494,395,5,400
87020298,2387,1478,8,1486
33080273,959,981,14,995
22080103,368,873,6,879
97131045,2467,1967,19,1986
86661164,1437,1026,11,1037
87020029,2297,1477,27,1504
76340370,1717,1025,8,1033
43950809,2616,2033,18,2051
86663469,362,308,6,314
32870404,843,683,11,694
43581887,531,362,23,385
54260412,1568,1339,31,1370
43730108,1231,950,10,960
76450282,1076,742,7,749
11590624,326,202,3,205
86910194,2254,1498,88,1586
11071437,328,227,2,229
86900272,2199,1709,22,1731
44060026,2280,2259,8,2267
43670358,3245,2521,74,2595
43417177,852,659,12,671
76430022,2226,1488,10,1498
43414107,777,451,9,460
76450046,1959,921,11,932
43503702,334,236,3,239
11611123,545,376,8,384
22390039,1803,1085,16,1101
32900239,3141,2480,7,2487
11590332,768,496,10,506
43772069,986,716,24,740
64930035,252,185,2,187
76510425,332,209,3,212
11750756,851,572,8,580
43960103,594,569,8,577
65910023,2286,1601,13,1614
10810718,193,136,2,138
86730194,871,621,5,626
76341001,652,495,8,503
76540248,133,93,2,95
76130221,441,256,2,258
97091130,2172,1567,23,1590
32871304,1926,1553,22,1575
33260116,1827,1427,15,1442
22720429,556,445,10,455
76380105,814,442,1,443
76400524,196,153,3,156
86742579,192,137,3,140
97091602,2618,2182,8,2190
33030526,1399,1220,18,1238
87020434,1045,909,11,920
86992330,415,318,6,324
11590220,339,177,3,180
43504444,334,276,0,276
43670460,1849,1424,12,1436
11610087,1105,744,18,762
97090623,2784,1870,14,1884
43624830,456,336,5,341
98380288,3117,2530,49,2579
76290778,1140,486,14,500
86662884,1735,1444,15,1459
43993536,568,414,3,417
10920271,262,176,3,179
54910863,1086,913,17,930
10820584,1186,989,7,996
11150110,270,152,3,155
10871445,213,149,2,151
76370452,516,594,11,605
11630720,324,189,2,191
98130089,2854,1690,26,1716
10810381,493,344,2,346
43990364,640,520,9,529
22421876,319,302,7,309
43584420,371,300,0,300
11831464,102,82,2,84
32910386,1268,1336,1,1337
76090158,2806,1649,25,1674
43411070,1110,699,19,718
32870505,2441,1711,10,1721
11071088,163,122,2,124
43800049,107,99,0,99
11781042,918,675,11,686
11650700,186,120,3,123
43414297,249,153,3,156
32860762,3004,2266,16,2282
43412194,792,578,10,588
11750453,542,315,1,316
43580774,623,534,2,536
86550497,750,425,8,433
97270083,1792,1441,5,1446
76321278,184,118,0,118
43950090,2773,1728,19,1747
43950360,2696,2216,15,2231
86743312,910,705,9,714
10590421,2458,2097,10,2107
11390284,439,307,3,310
86550598,530,290,5,295
97100658,2387,1698,10,1708
76260573,353,236,0,236
86552387,1110,795,13,808
10840542,531,375,4,379
43416064,502,379,13,392
76200027,1351,661,13,674
43415850,483,314,5,319
11771074,105,80,3,83
43990870,521,406,16,422
86660905,803,661,8,669
11810719,249,176,6,182
76230132,525,309,1,310
22800204,191,104,0,104
43500327,617,408,5,413
87020614,509,700,13,713
87020478,1406,812,14,826
22800035,225,123,3,126
76290936,752,291,2,293
76400063,992,569,1,570
32950368,4185,3465,10,3475
97930031,854,711,6,717
43417661,140,100,0,100
43583643,484,350,9,359
76260630,238,176,7,183
11581062,297,228,2,230
54280098,414,381,3,384
97120043,2761,2177,3,2180
32862999,1648,1584,18,1602
43502802,328,242,5,247
32862809,1592,1074,23,1097
43417458,224,164,3,167
54510061,1525,1029,12,1041
32871247,2122,2140,27,2167
43583070,2205,1824,35,1859
32841301,1905,1348,10,1358
43625921,225,185,3,188
10851140,274,228,1,229
86720058,1665,1122,4,1126
44060093,670,616,2,618
65330085,80,62,1,63
22610067,1485,1111,19,1130
22710035,1686,1202,20,1222
43360893,1594,1210,20,1230
43773228,313,210,3,213
32952809,431,564,11,575
43774117,868,615,6,621
43625099,397,301,4,305
76101241,562,570,6,576
43993581,561,398,7,405
76371015,391,307,9,316
22120186,141,95,2,97
43621523,982,683,14,697
43621770,922,626,6,632
11820462,764,460,6,466
66000046,58,46,0,46
32940277,2820,1608,0,1608
10810213,810,511,1,512
11580410,412,280,1,281
54880409,741,546,11,557
97110514,1484,962,6,968
54440186,836,553,5,558
22150235,1510,1150,56,1206
32940165,2327,1578,23,1601
10980020,783,528,6,534
54440298,397,251,0,251
43621398,635,364,5,369
33060271,2681,2167,24,2191
65390047,840,592,10,602
22570040,1040,718,12,730
54890657,2066,1436,20,1456
43774421,267,260,2,262
76100611,556,356,7,363
43360646,5068,3373,83,3456
10590016,3024,1934,39,1973
76200847,146,149,3,152
43992658,767,506,11,517
86551195,841,542,10,552
65000090,2616,1606,21,1627
43600238,2420,1882,52,1934
21880043,1000,768,10,778
11751982,800,564,17,581
43622580,252,200,3,203
22120210,244,167,1,168
98430273,1364,1154,20,1174
33180038,1962,1381,12,1393
97090331,1043,875,9,884
32860469,2392,1932,19,1951
43621512,910,567,23,590
43410192,380,153,2,155
86660848,2375,1492,24,1516
97130897,1885,1432,8,1440
43621837,388,254,9,263
43417964,274,239,6,245
43993075,1356,1057,16,1073
11620336,856,572,10,582
10840159,530,308,9,317
54360109,388,283,9,292
11390453,790,500,7,507
43500956,840,627,7,634
43500248,993,672,0,672
22530068,207,189,3,192
43991950,836,635,6,641
86720182,140,267,3,270
32861213,2363,1575,4,1579
43692071,1108,782,14,796
86900238,2085,1427,23,1450
11590578,887,523,7,530
86790088,222,206,3,209
76240144,1135,485,5,490
76080630,239,172,1,173
33010524,2372,1788,34,1822
86550060,481,368,4,372
76250448,1415,753,16,769
97131102,2744,1956,6,1962
86661197,1267,892,11,903
22210029,2743,2065,22,2087
43501957,639,447,10,457
43991455,347,205,4,209
97140898,3495,2988,4,2992
86820970,416,218,14,232
43773947,566,428,4,432
32862359,2972,2160,3,2163
76100194,1740,816,6,822
76440067,1404,1059,11,1070
10410039,152,94,1,95
76180035,1578,1063,23,1086
10220027,629,397,9,406
10841396,374,256,3,259
32851122,1722,1554,79,1633
76060166,1129,755,8,763
54150016,2584,1852,30,1882
43390672,5333,4099,114,4213
10251379,1557,1321,23,1344
43621332,220,148,2,150
54540424,1098,869,0,869
33060822,2015,1660,6,1666
10591220,1690,1580,6,1586
76290330,735,328,5,333
54820010,1206,1109,4,1113
32862887,1499,1181,55,1236
43350476,3093,2435,37,2472
43692947,661,519,8,527
22600358,1315,939,15,954
76380116,924,457,7,464
76210499,1334,871,8,879
76290105,1356,563,5,568
10851094,261,145,4,149
21861480,463,444,12,456
76210589,1530,702,0,702
76310300,1384,834,13,847
65440548,1328,1118,10,1128
43380277,2902,1936,55,1991
11752163,266,217,6,223
10870871,786,572,7,579
76100206,1840,735,6,741
10870668,737,488,8,496
86820521,958,427,6,433
10870646,1740,1214,7,1221
76140626,583,388,4,392
76130782,512,383,0,383
76140592,1104,652,4,656
43951181,1044,948,2,950
43990094,173,103,3,106
43418482,393,566,19,585
43580909,298,240,4,244
76120332,160,120,0,120
54400137,595,917,17,934
43625123,425,349,5,354
33250238,1895,1322,23,1345
21870187,2573,1625,12,1637
43770988,1022,794,16,810
86662738,4220,2694,45,2739
54890826,1422,1130,10,1140
54790162,2009,1311,17,1328
33080239,1169,910,7,917
54910245,842,594,3,597
43416301,491,381,6,387
10890424,286,205,3,208
43411610,847,568,11,579
54430040,285,162,8,170
32930254,2224,1621,20,1641
11580128,1000,666,4,670
32890530,4014,3459,9,3468
10790344,287,155,7,162
43730175,895,758,12,770
76060188,1096,711,6,717
97091882,2623,1879,24,1903
54260063,2402,1812,11,1823
54910829,684,600,14,614
86741758,954,658,12,670
54620782,435,381,5,386
11571050,455,259,9,268
54160040,2272,1939,29,1968
10251739,596,693,8,701
11571049,391,272,4,276
11160087,493,377,8,385
86661760,1723,951,14,965
10870039,516,320,1,321
97091387,2025,1503,18,1521
43530038,980,921,7,928
86820374,211,137,1,138
65000203,1535,1159,18,1177
11760791,375,253,5,258
54740022,1564,1279,8,1287
76460014,2437,1231,13,1244
43600283,1096,865,13,878
54670293,253,214,0,214
76340673,583,304,3,307
10820449,535,393,2,395
43774498,362,289,3,292
33170116,925,666,8,674
10440010,414,266,4,270
43413218,1673,1153,0,1153
86741253,1123,708,13,721
11570194,361,177,2,179
33010568,960,1000,9,1009
76321469,115,89,1,90
54380077,244,188,6,194
32950199,1064,985,18,1003
32952292,1346,1357,5,1362
76240223,1557,860,17,877
76211300,1355,901,14,915
43990140,184,96,2,98
10460045,1030,847,1,848
33280107,624,892,5,897
76250011,324,201,0,201
21861525,564,486,13,499
32952573,597,977,1,978
76380262,107,67,1,68
76100644,456,292,3,295
10430075,358,277,2,279
98380244,1012,734,6,740
43502611,200,154,0,154
76060649,472,357,17,374
54410127,1996,1411,40,1451
76390230,263,166,1,167
43992883,480,330,2,332
43620207,743,618,8,626
97280220,1975,1724,22,1746
43417649,251,179,1,180
76150425,1256,887,4,891
22150303,644,629,2,631
43625831,206,172,1,173
86551342,1028,987,33,1020
32961045,519,471,6,477
86552804,243,138,4,142
86663122,465,373,4,377
65420018,2085,1154,11,1165
43583845,446,330,10,340
54570067,1282,655,8,663
43400652,1119,919,14,933
97100018,2388,1958,5,1963
33310022,2122,1369,13,1382
43870080,972,791,6,797
97220099,683,483,8,491
76350012,1090,609,5,614
43600418,699,637,8,645
10820089,581,353,8,361
11620178,248,172,0,172
22410223,185,115,7,122
76290385,684,356,0,356
11030241,567,432,2,434
65440379,3986,2628,7,2635
43503780,265,202,3,205
43691632,425,269,1,270
43370467,1924,1152,8,1160
43504118,135,103,2,105
76380475,1046,567,16,583
43771350,1064,856,26,882
76460081,860,955,0,955
76150751,370,308,9,317
11591467,238,136,2,138
11071044,373,313,2,315
10940789,237,177,6,183
32850839,2400,1253,23,1276
43670268,2505,1954,5,1959
86991788,825,635,8,643
43993895,1274,844,21,865
43413050,651,464,17,481
86992947,962,1166,38,1204
86743198,252,165,2,167
33000219,2132,1802,5,1807
22750219,1036,821,0,821
43500080,905,515,7,522
10250312,2541,1800,8,1808
76200195,865,370,5,375
32960213,2497,1852,17,1869
11810023,529,319,7,326
33020525,2776,2099,0,2099
43770922,1380,1148,22,1170
43692138,976,693,7,700
33260307,1202,873,7,880
33010221,2739,1989,21,2010
76340112,919,410,3,413
11080921,149,111,0,111
43418819,473,438,13,451
97100401,2459,1555,15,1570
97200266,2156,1051,7,1058
33110064,315,257,1,258
11780805,343,220,8,228
32840535,5995,4487,10,4497
33280040,678,544,5,549
97860077,447,272,2,274
43774397,464,282,2,284
43419067,461,397,3,400
11380047,235,140,5,145
65440087,1779,1320,29,1349
32840131,3223,2496,17,2513
11790525,528,417,7,424
22720362,1844,1403,20,1423
43991084,667,398,19,417
43503982,510,381,16,397
11780085,490,320,9,329
76260618,334,283,4,287
32870606,1200,1194,21,1215
22400200,150,118,3,121
54540233,1431,780,111,891
86553658,1360,999,43,1042
97130505,2273,1787,15,1802
54440355,897,866,13,879
10841127,307,211,12,223
43770258,723,532,2,534
86990103,845,547,13,560
22421539,227,130,3,133
76371037,301,180,4,184
32953057,339,731,0,731
21870514,360,294,3,297
32841491,1379,1441,10,1451
11100216,200,138,4,142
10871210,201,128,3,131
32871023,5727,4053,15,4068
86900070,1847,1213,27,1240
76380600,397,329,8,337
86991889,410,254,2,256
43772867,519,370,3,373
43582585,287,195,4,199
54210024,1452,1029,15,1044
10120037,3646,1951,30,1981
54911099,366,497,6,503
76160842,441,409,11,420
11590882,309,227,1,228
43410923,632,439,1,440
54440096,1281,964,25,989
10790153,499,321,2,323
11761174,252,170,1,171
11390071,909,620,13,633
97090050,2543,1790,15,1805
10840047,512,378,5,383
43771866,632,495,6,501
33100018,185,120,2,122
54880162,2049,1474,14,1488
33010669,4541,3543,9,3552
11620448,125,68,0,68
76380149,1506,1022,16,1038
43992153,328,249,10,259
10920181,558,370,7,377
11631451,377,221,3,224
43415502,220,188,11,199
44030012,3987,3273,13,3286
32840355,4417,3450,0,3450
10841318,107,97,1,98
43414747,2495,1548,32,1580
43500417,163,113,0,113
43584004,901,923,12,935
76140648,1238,833,9,842
32940772,3551,2810,35,2845
11570138,502,328,6,334
76150784,295,218,7,225
43583485,819,610,14,624
32940143,2149,1594,26,1620
11030296,936,839,5,844
11760432,502,265,5,270
33190107,386,412,7,419
97130864,2208,1797,14,1811
43691351,520,392,2,394
43991006,569,419,5,424
86743570,470,447,5,452
65990065,77,44,0,44
10940093,404,240,1,241
43500574,1194,911,12,923
32890068,4961,2442,31,2473
32862663,2257,1368,25,1393
11752185,287,210,0,210
43580651,800,542,6,548
76320693,652,372,6,378
43500664,500,382,2,384
86553883,433,17,0,17
11580971,595,491,7,498
54540716,1363,1068,23,1091
43620892,784,520,7,527
86662749,1239,1058,16,1074
11820541,773,458,31,489
11820440,669,401,17,418
54580237,952,611,8,619
86660095,1003,526,12,538
10450033,77,50,1,51
32840401,3724,3216,3,3219
43418831,843,938,14,952
76220805,649,427,8,435
97140618,2098,1529,4,1533
76050110,1024,739,11,750
65030015,60,107,0,107
43380266,2033,1491,17,1508
97141765,1954,1191,15,1206
86820071,351,218,2,220
22740106,1681,1136,23,1159
11770174,885,506,18,524
43361681,4506,3486,77,3563
76120040,1260,938,3,941
54660056,247,125,3,128
54830066,2551,1907,17,1924
76210860,1129,568,5,573
11760982,724,488,8,496
32851234,1815,1457,12,1469
76481084,505,422,14,436
10940329,594,423,3,426
11590646,298,0,0,0
86670209,1824,1463,18,1481
54630053,2315,1718,14,1732
43670437,2257,1710,35,1745
11590275,801,546,5,551
43580099,886,593,19,612
76240289,770,444,4,448
33110031,226,135,0,135
11820046,443,242,7,249
32940862,1057,828,18,846
43418538,252,204,5,209
76380464,901,560,15,575
11810641,785,552,13,565
22390017,1071,896,16,912
10850644,272,181,5,186
22670041,1804,1255,10,1265
54210237,1032,854,11,865
98100176,304,192,0,192
43773521,740,637,1,638
11770714,699,457,6,463
97091073,2400,1700,20,1720
65350122,25,28,1,29
43772306,1797,1357,22,1379
11830777,788,585,6,591
76220120,1443,773,2,775
76050097,816,575,4,579
76101498,452,266,1,267
76150672,977,666,12,678
43992243,891,602,8,610
11770815,1178,706,17,723
76350663,973,533,5,538
32910296,1207,1029,5,1034
87020412,1485,1150,39,1189
86662222,2381,1532,18,1550
43690282,462,329,9,338
10870635,716,497,6,503
76210488,1425,899,9,908
76351181,337,277,6,283
32850491,1106,1140,0,1140
22650139,138,81,3,84
43625437,312,10,0,10
64980052,642,503,5,508
11620066,191,109,2,111
11611101,191,122,2,124
10300194,2750,1743,9,1752
32861044,2499,1928,14,1942
86991261,381,224,4,228
76290037,1098,604,6,610
43582068,646,442,14,456
11080112,745,453,0,453
97110312,3222,2740,2,2742
54890242,1364,1008,13,1021
10620021,804,539,7,546
76190115,708,435,4,439
86741174,440,268,6,274
43620904,795,537,13,550
43503566,191,139,2,141
43690260,808,607,4,611
76420111,492,558,16,574
76060087,1849,1152,23,1175
76520044,218,103,1,104
76230086,470,293,4,297
76310333,672,479,20,499
11650799,565,424,8,432
98100187,590,338,9,347
11610368,438,306,8,314
11771692,263,181,6,187
54210282,582,700,13,713
43624885,659,412,4,416
76101342,567,414,3,417
43412509,472,266,7,273
11811226,402,305,3,308
32840030,3922,2859,32,2891
21860355,721,584,7,591
86663100,861,676,11,687
86551791,589,266,88,354
54690015,106,82,0,82
76240256,2024,1039,14,1053
43390694,2456,1677,30,1707
97530026,840,555,9,564
32841198,8027,5594,76,5670
97280039,3973,3345,10,3355
54410037,187,110,0,110
43691395,757,531,13,544
76160471,1110,685,20,705
11640440,718,412,3,415
33100030,607,409,2,411
10251098,2688,2199,6,2205
43581191,1072,658,18,676
11830890,222,168,2,170
43417076,260,210,1,211
32952056,6314,4254,49,4303
10870073,349,244,2,246
33200121,2966,2181,19,2200
76221121,375,272,1,273
11071796,203,165,2,167
76100903,1107,979,6,985
11571094,331,200,12,212
32940031,1982,1412,17,1429
43361557,3096,2462,42,2504
54150027,1607,1136,26,1162
33070058,1696,1251,14,1265
32980169,3711,3584,14,3598
43993356,266,195,7,202
11771894,460,345,4,349
22100106,111,62,20,82
65090280,526,234,10,244
86552231,464,290,10,300
11080448,671,444,5,449
43502194,215,171,2,173
76360787,392,333,3,336
76290532,1101,473,1,474
76510166,880,528,10,538
11771917,892,652,12,664
11571072,308,186,1,187
43991141,391,286,3,289
32850659,4967,3963,19,3982
32960381,2529,1749,18,1767
76340561,274,162,2,164
43692677,190,151,0,151
76221200,597,401,2,403
43950135,1396,967,3,970
11570240,515,345,3,348
10670172,1648,1202,12,1214
32930221,1174,827,11,838
97131001,2500,2022,5,2027
54870239,130,121,0,121
32950795,3304,2219,21,2240
22750400,654,640,6,646
43624795,547,260,7,267
11230018,1636,1095,0,1095
43411058,601,330,14,344
43581269,1234,905,17,922
86910554,376,398,14,412
86554110,231,192,8,200
76370216,806,450,3,453
10400151,2714,1736,40,1776
33270308,925,795,19,814
76440090,879,754,4,758
10590667,4010,2584,12,2596
32940402,2172,1691,13,1704
11801113,384,305,19,324
43992074,2282,1949,22,1971
54260232,2733,2086,32,2118
10840418,390,271,5,276
97600013,3144,2159,15,2174
11752152,270,187,3,190
11200105,606,432,10,442
21860221,2672,1931,0,1931
43992445,434,265,7,272
76320626,696,437,4,441
11071101,173,110,6,116
43504781,75,70,0,70
43583597,1985,1675,74,1749
86743727,154,132,0,132
76290464,1044,340,4,344
10740013,322,172,1,173
97410045,1331,586,4,590
11610650,95,72,0,72
21860524,1591,1188,12,1200
86553153,217,132,3,135
10870118,784,536,11,547
76150144,436,281,7,288
76080247,1066,796,17,813
11811169,369,299,14,313
11631170,148,101,3,104
32950920,2717,1758,19,1777
98380165,1991,1249,14,1263
32870280,3650,3019,3,3022
76080089,1841,1092,7,1099
43581348,444,297,8,305
54890376,1155,901,19,920
76290161,718,365,4,369
43501069,279,163,4,167
33090173,2613,1670,1,1671
11250032,1604,1096,76,1172
43670178,2535,1810,19,1829
11820608,322,203,6,209
33010490,1814,1332,4,1336
21860030,2328,1871,0,1871
43420148,497,654,8,662
10730045,2052,1556,20,1576
76350483,965,608,8,616
76300130,920,598,15,613
11590253,472,283,5,288
11571285,296,221,2,223
11160054,155,99,0,99
76100217,942,546,5,551
32940952,1293,1134,7,1141
11810078,423,261,2,263
43625190,564,417,0,417
22800181,206,117,0,117
76251067,237,199,6,205
86870245,984,658,10,668
43691744,1018,748,8,756
22720014,1664,990,6,996
43412453,971,800,7,807
10810358,642,441,6,447
32870662,2086,1674,19,1693
43414826,496,348,4,352
43416547,431,326,11,337
11750936,539,362,7,369
43410721,662,441,1,442
97540027,939,648,19,667
43775062,353,305,5,310
43350364,1529,1431,12,1443
86820486,566,381,7,388
86820677,496,257,11,268
11751184,251,159,8,167
76190317,790,497,11,508
43991512,740,506,14,520
65280089,187,104,2,106
32900150,4237,3138,43,3181
11100025,510,346,2,348
10490116,251,143,7,150
98180051,987,671,9,680
87020030,2881,1758,21,1779
33020682,2137,1959,18,1977
54130047,1870,1249,21,1270
43501845,391,243,1,244
32952135,2403,1543,340,1883
11630696,1681,1124,21,1145
54440029,340,272,14,286
33010894,1145,1191,12,1203
32940390,2161,1594,10,1604
33020626,3406,2704,30,2734
33250418,2168,1573,30,1603
64990042,551,600,6,606
43400236,2711,2067,31,2098
32860526,2412,1875,4,1879
43774915,199,156,4,160
97800048,2144,1410,29,1439
76170731,374,296,5,301
22010027,1452,1096,24,1120
86670300,523,483,14,497
11750161,992,716,12,728
76170753,290,201,13,214
65290046,119,68,0,68
10980097,1282,866,15,881
65010068,322,142,10,152
22060011,1111,653,6,659
76210668,1240,601,5,606
43622052,996,669,13,682
43503049,590,424,11,435
43410114,522,365,6,371
11751757,388,314,1,315
33150136,506,548,7,555
43503544,751,596,7,603
43621455,755,471,12,483
33170015,1286,1021,15,1036
43391011,1062,1243,21,1264
43691609,517,303,13,316
76270260,1283,800,8,808
11800415,625,374,8,382
97800217,1021,972,14,986
10851151,267,225,4,229
76210444,1890,1057,11,1068
76200230,527,328,1,329
11580678,672,408,4,412
97141888,441,293,3,296
43771079,1045,895,13,908
43620421,1431,1042,9,1051
10591231,918,765,12,777
43480043,2685,2120,7,2127
43415580,385,260,3,263
43503274,289,234,3,237
43413432,1155,916,14,930
54620489,640,502,10,512
43411991,914,667,7,674
43625819,255,194,3,197
10820517,359,215,1,216
33020592,3521,2556,7,2563
32910375,2191,1843,7,1850
97520294,810,696,6,702
86661377,1442,996,19,1015
76380521,424,231,8,239
11071134,178,123,1,124
97310011,2230,1953,5,1958
32840300,3587,2543,21,2564
86820688,384,258,4,262
10950285,236,160,2,162
86992510,448,200,6,206
86990484,412,220,6,226
43992557,278,183,0,183
76220568,686,472,3,475
33270342,1302,899,25,924
22650465,114,90,0,90
22260024,2181,1528,50,1578
11490038,549,561,6,567
43772755,334,132,3,135
98070060,736,478,0,478
43773240,118,71,4,75
86742108,105,57,0,57
43360556,3910,2372,38,2410
10670419,650,670,7,677
97142294,3039,2219,0,2219
32840838,1628,1293,24,1317
76380756,585,460,5,465
43500169,655,417,6,423
76251247,197,157,2,159
43417492,1082,855,14,869
11780254,430,276,8,284
86553984,508,395,21,416
43415759,785,564,9,573
86670175,3011,1976,13,1989
11080134,710,502,1,503
32850402,4639,2350,20,2370
76200397,525,294,9,303
54540929,441,480,0,480
10100024,2202,1591,27,1618
54660023,258,149,3,152
32960662,1140,1000,9,1009
21860816,869,681,6,687
76200870,377,308,3,311
76220984,832,675,9,684
76190373,714,431,9,440
54610141,1890,1346,16,1362
65110014,1152,832,17,849
76480106,358,176,1,177
76251089,531,372,4,376
76450259,777,469,5,474
97140506,1955,1322,16,1338
11570419,478,298,10,308
76100240,947,522,8,530
32860908,2880,1777,24,1801
32862810,2444,1660,29,1689
76290789,1134,578,9,587
43502701,336,227,2,229
54130115,398,346,4,350
97141091,1908,1449,11,1460
86580355,227,169,1,170
22421247,137,87,1,88
33130022,2374,1877,40,1917
65400016,1850,1182,14,1196
76340369,691,407,4,411
32951909,3175,2252,6,2258
32950728,2001,1505,16,1521
76280115,823,561,6,567
86551713,719,448,18,466
43504747,278,222,1,223
97930019,2100,1814,7,1821
76321548,322,257,5,262
11650801,485,359,9,368
11071426,79,65,1,66
11630977,312,195,4,199
43670741,1111,974,14,988
33240361,1882,1557,15,1572
76351305,361,295,6,301
43620511,617,369,1,370
65000146,2374,1415,25,1440
97130819,2431,1840,17,1857
54880230,1633,1122,21,1143
43773363,2291,1889,17,1906
10820269,1866,1149,19,1168
32960280,3157,2022,20,2042
22080170,121,73,3,76
86820015,1288,845,19,864
22370015,2027,1367,26,1393
54440030,1081,750,22,772
54320127,1266,1012,14,1026
43625448,234,153,1,154
76260539,676,449,6,455
97840187,219,154,1,155
76360518,1139,620,9,629
10790535,291,214,2,216
43416266,765,581,1,582
43418932,419,362,5,367
76390151,703,536,18,554
11600097,883,644,2,646
44010010,404,312,2,314
86553726,500,341,2,343
21860456,1753,1337,8,1345
11150086,575,401,7,408
86743761,238,219,4,223
21860489,1005,827,12,839
43992254,421,274,8,282
76120174,589,379,10,389
76300185,1896,1256,17,1273
11600288,724,371,7,378
10790579,371,264,3,267
11030094,1216,879,4,883
10050017,2202,1555,27,1582
54580293,461,413,5,418
43590135,746,689,26,715
76150830,535,485,8,493
76430033,101,71,5,76
43774364,370,301,0,301
33090443,3216,2551,19,2570
11590837,846,540,12,552
65680094,138,79,0,79
43774274,614,516,11,527
65350010,163,97,2,99
43350320,1030,727,31,758
11620404,523,368,6,374
97091163,1850,1286,10,1296
43412824,1276,1011,29,1040
97370073,1202,760,5,765
32841176,5592,4145,56,4201
43583890,1027,915,28,943
76140817,282,179,1,180
32951965,3769,1711,6,1717
54790656,1354,1253,14,1267
54590171,2208,1502,44,1546
43992636,1856,1599,19,1618
10790298,772,465,5,470
54560011,2206,1474,23,1497
43414680,1043,739,7,746
76130614,1130,676,4,680
76340785,147,104,1,105
54620164,900,400,12,412
76240065,865,530,12,542
22650342,184,125,2,127
97120379,1927,1577,0,1577
10840553,476,300,2,302
43690271,1014,763,25,788
43390155,3299,2716,6,2722
97131034,1493,953,10,963
97520070,2262,1949,8,1957
76320569,1002,701,3,704
97330035,1285,1129,1,1130
32952595,670,776,2,778
10080098,3448,2643,98,2741
21861783,526,409,5,414
97091118,2035,1397,10,1407
22610078,1599,1021,23,1044
10750025,283,200,6,206
76200151,857,467,8,475
10950140,893,631,2,633
54570135,2014,1228,30,1258
43583946,592,470,10,480
11600659,687,401,2,403
43414006,1320,764,28,792
43501104,483,345,6,351
33020312,2405,2032,0,2032
76211052,900,586,5,591
11750194,515,310,2,312
11580645,689,474,1,475
86960111,448,248,6,254
86660950,1334,988,10,998
43930010,1812,1321,12,1333
76280058,1353,841,28,869
86992532,853,605,20,625
11570565,769,479,15,494
43360860,2371,1648,29,1677
10820821,309,259,1,260
54540626,429,283,3,286
86740500,1353,846,40,886
97800060,1954,1469,14,1483
97620015,909,584,2,586
43560019,1898,1258,7,1265
43503162,524,432,3,435
97090128,2263,1617,19,1636
10591073,629,835,4,839
76140693,687,465,6,471
22421360,517,354,0,354
97100377,1584,1141,4,1145
43350218,3374,2075,17,2092
76320109,718,378,7,385
32840018,1590,952,1,953
10850745,338,253,1,254
32870640,1846,1381,15,1396
43371301,2489,2414,33,2447
86662547,929,594,13,607
86743558,298,241,11,252
86910442,1196,1041,27,1068
54260388,1294,1383,5,1388
54620018,1364,802,15,817
54210192,754,616,5,621
86553502,712,520,7,527
11760702,1150,695,3,698
54650505,1382,1212,11,1223
10870208,950,576,7,583
54510140,531,504,1,505
43691362,285,192,5,197
22400581,191,167,1,168
32952461,712,950,6,956
10790085,308,301,5,306
10770016,203,135,0,135
97120100,3842,2961,12,2973
22650319,135,93,2,95
32870325,5597,4702,6,4708
76220928,328,174,4,178
33010827,2885,2040,23,2063
43740064,2021,1208,30,1238
86720070,1912,1138,8,1146
10900112,178,127,3,130
76220232,1372,884,13,897
43570212,928,845,22,867
11752130,348,278,7,285
43418897,851,771,18,789
86950042,1063,885,13,898
76280823,808,626,8,634
86550903,290,117,1,118
97130314,1866,1504,3,1507
98070116,88,83,0,83
43370524,3280,2614,28,2642
32862494,2681,1623,19,1642
43625718,653,485,13,498
76090192,2478,1668,20,1688
32940648,4190,2855,41,2896
76360181,772,463,10,473
76390173,387,246,4,250
43419102,674,666,15,681
33130033,146,183,1,184
33060327,2094,1727,18,1745
44080028,849,696,0,696
11751027,522,329,24,353
43690125,542,386,8,394
33240147,1687,1074,21,1095
43415445,539,364,10,374
33170149,387,381,5,386
10920462,234,167,2,169
54220283,1142,895,7,902
76150492,1927,1147,22,1169
43419203,455,411,4,415
33020356,2031,1727,4,1731
22750310,580,542,3,545
76190586,1052,701,17,718
43584194,313,236,2,238
76220175,1287,589,16,605
76140941,1037,789,16,805
76120321,208,154,5,159
43417638,551,450,16,466
43692701,215,177,5,182
98430206,1278,757,17,774
10940240,517,398,1,399
54620591,926,717,27,744
11580915,594,380,1,381
43362110,1724,1393,16,1409
32951156,3178,1702,14,1716
43993569,1260,960,12,972
43770685,856,627,12,639
54540301,1280,753,10,763
32890316,3234,1857,9,1866
43410642,315,202,7,209
33060541,1226,920,3,923
76280485,1919,1138,18,1156
76210073,477,268,1,269
76250998,374,277,5,282
76510537,213,148,2,150
11620437,371,291,6,297
86910318,620,491,5,496
76190407,984,604,5,609
22020073,865,609,14,623
97110233,2956,2419,17,2436
33260048,1322,1029,8,1037
10251065,2743,1882,34,1916
11030375,619,570,10,580
43411979,1054,702,14,716
22630238,98,58,8,66
22540070,1024,776,9,785
43620869,363,223,13,236
43418527,387,339,12,351
76320952,950,584,12,596
33090511,582,759,4,763
97092120,2432,1840,15,1855
97220066,2063,1472,23,1495
76250224,621,382,6,388
43502712,595,443,6,449
97130224,2778,2001,24,2025
43416907,652,500,6,506
43990162,560,369,9,378
11770297,373,224,3,227
33110121,639,496,11,507
32950863,2354,2256,6,2262
76360316,1038,645,3,648
32980349,627,1261,8,1269
43500350,781,500,4,504
11801023,150,102,5,107
43691205,622,420,15,435
11760353,598,316,6,322
22340012,989,698,9,707
97140865,2858,2473,6,2479
76080539,361,322,3,325
76400030,1060,715,5,720
22120153,240,119,3,122
11570981,525,383,10,393
11060121,98,66,1,67
33010513,2796,2388,16,2404
10870691,1437,1078,20,1098
43991107,970,718,12,730
43580875,578,386,9,395
11160010,463,284,6,290
21870626,1020,913,16,929
32951549,1228,897,0,897
43503421,623,445,3,448
43501216,694,456,5,461
98230013,1986,1576,16,1592
76510504,179,108,2,110
54890769,599,481,5,486
98370030,2468,1648,37,1685
11830621,867,569,17,586
43584183,221,155,4,159
76280654,184,94,1,95
43414781,445,311,1,312
43418448,459,376,5,381
10930115,567,434,8,442
43417010,2006,1735,32,1767
43410136,735,503,11,514
65990010,83,13,0,13
32940457,2883,2232,5,2237
86720126,1637,1172,18,1190
43870013,2272,1323,2,1325
76450406,503,389,9,398
32863147,2962,2340,37,2377
11780030,736,412,6,418
43500787,795,498,3,501
43920031,2366,1693,24,1717
10860016,529,335,8,343
54210327,310,272,1,273
43413230,894,607,7,614
32860852,3545,2723,47,2770
97092041,4030,3048,44,3092
10250907,2469,1887,28,1915
43994267,235,139,10,149
44070049,1128,859,26,885
43992175,657,508,10,518
43692048,437,311,8,319
11820192,1200,766,10,776
11771557,564,387,11,398
76210635,854,506,3,509
10910551,471,323,5,328
86743479,478,302,8,310
43691452,540,389,22,411
11780311,606,378,19,397
10340086,163,146,0,146
43417605,557,419,8,427
86730116,2121,1538,40,1578
22170024,1081,790,10,800
86910420,1228,902,9,911
76450260,732,489,3,492
54610534,93,73,1,74
97120447,1325,827,1,828
43414769,1314,910,3,913
32850536,8366,5928,25,5953
54620221,1215,714,14,728
32862179,2982,2342,20,2362
76330515,192,173,5,178
54130160,476,473,7,480
43622007,308,258,5,263
54620120,947,498,7,505
97520047,1465,1208,4,1212
97800015,3182,2661,6,2667
11790323,493,284,6,290
54540839,767,786,7,793
86742355,232,172,3,175
32870291,3560,2840,1,2841
33060901,2756,2249,11,2260
11580555,639,395,8,403
76470138,115,80,1,81
76290554,1015,437,6,443
43502329,869,570,10,580
54220047,1296,941,4,945
43693252,526,372,19,391
11770983,789,491,7,498
10790300,447,250,4,254
43691957,594,414,11,425
76520178,109,117,3,120
11640417,288,213,4,217
97120560,1688,1728,3,1731
11790480,159,89,1,90
43361580,2034,1375,17,1392
97092399,1495,1316,20,1336
33030357,1985,1555,7,1562
11620954,261,167,0,167
10591130,2297,1852,11,1863
43414444,1128,792,15,807
10850565,308,185,4,189
43410338,1657,1189,20,1209
54610051,1748,1130,14,1144
76080135,1318,918,19,937
86820644,347,332,3,335
86663009,687,539,3,542
87070013,2527,1794,39,1833
43410877,677,386,6,392
43360972,2298,1862,25,1887
11020026,776,514,26,540
21861244,544,521,4,525
10820247,744,507,12,519
43772317,1276,987,9,996
11460260,376,274,3,277
11570396,565,355,2,357
22640330,1484,1068,27,1095
54890893,476,451,6,457
43414512,984,603,0,603
76150188,1058,573,16,589
43581078,674,464,16,480
65850015,240,191,2,193
76161001,677,461,16,477
33260408,1097,1138,5,1143
76330144,1492,666,2,668
10310016,2559,1562,18,1580
43772171,381,260,10,270
21860917,1809,1010,17,1027
33250058,4237,3289,6,3295
11571229,324,203,13,216
32980147,3669,3269,9,3278
54590081,1212,751,19,770
43502240,435,244,6,250
86663166,491,402,3,405
10251537,2764,1928,37,1965
76420076,1774,1473,6,1479
32952382,972,1269,8,1277
76520099,1800,1037,11,1048
98400090,1877,1297,4,1301
97100478,2730,1825,19,1844
33240192,1306,899,7,906
86660602,1244,690,10,700
76480443,415,244,2,246
22090306,61,25,0,25
43416075,814,687,4,691
32861493,3211,2466,25,2491
43361524,1888,1292,36,1328
22600583,1227,830,7,837
76370610,558,298,4,302
54450211,2067,1557,47,1604
43501519,382,284,0,284
32890079,4260,2735,7,2742
11770848,1264,776,6,782
32960886,545,609,9,618
21860940,615,509,4,513
43581281,488,306,7,313
43583676,273,195,10,205
43360051,2961,2510,1,2511
54120237,267,271,6,277
43411418,778,566,10,576
32930366,1559,1090,14,1104
33330057,587,706,8,714
32900251,1189,1046,10,1056
11760780,217,138,7,145
86860019,2762,2108,38,2146
11751511,242,151,1,152
22150033,1676,1273,19,1292
86554187,217,186,4,190
76340257,705,404,2,406
11580049,837,479,10,489
10910630,251,148,9,157
86551320,2786,1285,12,1297
65230017,1077,773,22,795
10390069,1627,1179,10,1189
76290835,506,131,1,132
76090147,3739,2694,30,2724
76160886,254,270,6,276
86991531,752,608,8,616
43774050,405,275,1,276
11790457,323,99,2,101
32951460,1634,1233,18,1251
76211591,207,271,2,273
76141076,505,398,5,403
11620202,532,335,7,342
97100625,3528,2904,5,2909
43415311,59,73,0,73
76500277,306,210,3,213
43773149,75,78,0,78
10870231,647,443,8,451
76340695,629,371,1,372
76060245,1876,1289,17,1306
10810460,362,249,9,258
86990215,2275,1308,34,1342
43584251,255,194,4,198
65000269,1095,969,19,988
43415984,724,533,11,544
54620287,1119,643,7,650
11070885,321,236,2,238
76160493,653,365,11,376
10760071,71,56,0,56
33060349,2507,1979,28,2007
76140851,604,407,6,413
44050070,1134,1443,8,1451
76100925,2013,1193,12,1205
43390447,2247,1868,47,1915
76160516,825,522,11,533
11650429,478,324,1,325
32980181,4041,2809,3,2812
43391033,2205,1853,5,1858
76050019,757,570,2,572
22340113,1154,974,0,974
32850604,1876,1558,6,1564
54670147,606,413,6,419
22200141,863,617,8,625
10930137,1442,938,13,951
11290070,689,557,9,566
43690642,336,269,7,276
32960909,1353,1175,13,1188
97540252,449,241,1,242
54620108,1135,638,16,654
43390290,3886,3352,101,3453
97090106,1603,1161,11,1172
33270218,832,627,7,634
22770086,1837,1323,29,1352
11571162,362,251,0,251
43583654,349,285,6,291
11570699,524,353,1,354
54260221,2730,1863,32,1895
10870433,1137,852,10,862
11760960,252,172,0,172
33180061,698,673,7,680
43372087,1092,1162,47,1209
22410346,192,120,0,120
43770405,1606,1009,16,1025
76100262,1184,673,6,679
43991017,698,419,11,430
54260096,2059,1686,17,1703
32860492,1428,1161,7,1168
86690076,2356,1666,14,1680
32870695,1945,1279,11,1290
76080214,294,115,2,117
76150481,1116,655,5,660
43620027,547,393,21,414
54140048,2740,2155,34,2189
76080269,805,482,8,490
33061249,481,693,6,699
86770121,1820,1463,53,1516
86553625,94,55,0,55
43550074,1011,741,7,748
43416356,383,313,3,316
43951068,1100,1033,16,1049
76371059,372,387,8,395
65060030,1128,783,25,808
98010020,1704,1258,0,1258
86660578,647,388,11,399
43372032,2553,1955,58,2013
43412723,1800,1257,27,1284
76320659,530,299,0,299
11810348,1313,873,9,882
76150177,968,670,2,672
43774869,422,366,8,374
11750138,427,265,6,271
10850879,340,242,5,247
43504602,569,566,6,572
10810651,626,472,14,486
32930524,3248,2215,23,2238
97800194,775,746,6,752
43771372,880,611,10,621
43418965,343,264,4,268
76370957,177,66,3,69
97090353,2798,2055,17,2072
86550723,316,146,3,149
76340752,280,150,2,152
43584262,159,105,4,109
11680028,608,514,15,529
76140895,569,385,2,387
43361940,1367,1182,19,1201
43362097,2712,2236,81,2317
32841345,1645,1329,8,1337
86741130,737,480,0,480
76090125,6740,5176,17,5193
21861424,527,499,10,509
43990454,274,172,7,179
54650145,2525,1752,68,1820
43416424,114,89,3,92
97960023,3550,2861,15,2876
54760125,1410,1426,6,1432
22420954,1394,848,25,873
76341090,239,140,0,140
76350315,722,335,2,337
10820157,1164,902,10,912
76100587,495,301,4,305
11820024,581,273,5,278
43625516,351,268,0,268
33280051,3408,2459,36,2495
86991890,873,601,11,612
86740768,715,514,17,531
43670752,391,490,11,501
43411474,1127,693,15,708
32871078,3158,2205,18,2223
97093446,889,966,15,981
43380345,5884,4779,59,4838
11752006,384,272,6,278
32860380,529,440,2,442
11620796,179,94,1,95
22600651,1283,1020,11,1031
43370355,3495,2395,30,2425
97100883,1207,1235,4,1239
43417807,294,258,2,260
86720137,2983,2020,13,2033
43500383,407,313,3,316
76210837,648,349,4,353
33060440,1458,1146,16,1162
10600018,2254,1398,23,1421
98100086,500,347,9,356
22421797,186,129,2,131
11571016,144,98,0,98
97370062,453,211,1,212
43994559,315,294,2,296
32890811,839,1287,13,1300
76510256,598,321,1,322
43582125,502,340,3,343
76251045,401,303,2,305
32861392,2165,1688,12,1700
10300240,2522,1887,12,1899
43670055,2268,1791,23,1814
43350038,4349,3486,14,3500
32900240,4304,3835,28,3863
33250126,1573,1137,8,1145
43620106,1012,673,9,682
43950641,1806,1476,21,1497
32951336,1976,1198,19,1217
32841659,1625,1730,7,1737
43670325,2105,1668,32,1700
11460507,289,203,5,208
76211502,437,314,2,316
76540079,643,426,9,435
54860261,96,73,2,75
22720283,1125,857,14,871
33070081,2146,1422,15,1437
76320547,796,572,0,572
43430060,654,749,4,753
33090230,1476,1279,18,1297
54620401,911,549,15,564
43410495,428,351,5,356
76280520,641,455,3,458
11600525,333,181,2,183
65160019,1448,1011,4,1015
54340028,2132,1600,19,1619
43626012,281,264,11,275
10810279,315,197,5,202
11752051,258,187,2,189
65500130,39,39,1,40
11760128,621,435,13,448
76250943,244,160,1,161
11630630,341,217,1,218
43420058,1695,1802,14,1816
97091512,3682,2457,55,2512
22670063,1173,915,13,928
10230039,839,562,6,568
76280294,590,397,2,399
22420583,1341,830,5,835
43361018,1936,1596,36,1632
11581051,674,436,3,439
86660624,706,421,4,425
32851324,929,989,1,990
76340594,1556,897,7,904
97130358,2289,1881,7,1888
86580311,1033,728,17,745
10910876,104,69,0,69
43771888,1974,1416,23,1439
86742759,372,227,11,238
32951505,3397,2377,43,2420
86663021,570,333,8,341
21870389,1915,1399,17,1416
22240099,320,426,0,426
76380329,918,403,4,407
22750095,1645,1205,2,1207
86743592,340,351,9,360
33050012,2151,1179,9,1188
43370254,1553,913,11,924
76300488,1390,726,10,736
76350360,1423,853,12,865
10910045,273,149,9,158
54140015,2749,1934,40,1974
54650213,1813,1322,11,1333
97142553,854,716,14,730
76360451,835,592,11,603
76130344,483,262,4,266
76270215,1148,710,9,719
11570802,315,217,8,225
11390420,376,286,10,296
11750576,407,252,2,254
43415546,1132,859,10,869
33170138,596,561,7,568
10940868,218,174,2,176
10910292,320,206,3,209
97540140,313,178,5,183
65030026,193,77,1,78
76200869,229,215,4,219
11830586,393,281,0,281
22400626,167,145,1,146
10850666,252,179,0,179
32890080,1955,929,10,939
32890552,3961,3299,4,3303
43410596,2025,1562,27,1589
86743109,603,402,17,419
22720137,1316,854,0,854
43413870,306,268,1,269
32950638,3969,2949,16,2965
43411609,345,237,4,241
43621006,675,426,3,429
11780737,422,287,14,301
76460036,1726,1285,16,1301
43630028,1074,867,24,891
10850228,418,236,0,236
76290756,1098,322,8,330
86551432,2205,1265,20,1285
86992071,805,528,43,571
98380042,2106,1715,5,1720
76490275,825,509,4,513
32951202,2147,1385,9,1394
11640013,360,206,4,210
33270050,893,311,6,317
86660679,715,477,4,481
76500211,1872,1398,15,1413
11630472,237,138,4,142
76280733,397,321,4,325
86662075,1283,939,18,957
43504589,193,157,9,166
76220052,663,420,5,425
11830407,986,688,16,704
43418314,689,683,7,690
11620718,564,349,8,357
43740086,2552,2095,20,2115
22550015,151,110,0,110
65430031,2156,1558,40,1598
22080237,42,44,0,44
43390414,2176,1817,46,1863
11590196,428,284,0,284
97140191,1487,987,5,992
11820653,351,229,2,231
32940682,1641,1314,22,1336
11070290,599,376,4,380
43520026,1733,1374,20,1394
11570172,755,495,7,502
43410552,757,572,10,582
43414376,872,582,15,597
32951583,1931,1358,23,1381
43504792,128,105,0,105
10251010,2792,1526,0,1526
43690484,642,438,6,444
86742838,893,770,11,781
43583395,1149,889,22,911
86870032,3146,2462,11,2473
32850457,6151,3005,22,3027
11650317,878,585,15,600
54540154,2957,1978,57,2035
76130265,1548,880,13,893
33061216,341,581,8,589
76400287,801,433,6,439
22400266,258,217,10,227
76340527,896,467,4,471
97520126,2070,1191,13,1204
54530052,2753,2219,30,2249
76360541,1439,708,0,708
10810325,192,150,5,155
10870848,338,252,5,257
54610365,554,470,13,483
98280119,2618,2045,6,2051
97100591,921,801,0,801
10940396,551,402,3,405
54660146,109,92,2,94
22120209,226,170,1,171
11640080,834,518,44,562
10790704,279,190,12,202
65420030,402,743,5,748
86740825,502,328,5,333
10840643,294,201,2,203
86661119,2033,1341,18,1359
10560035,1752,1043,18,1061
22820116,195,122,1,123
43770999,862,697,18,715
43625662,67,54,0,54
22630250,95,58,7,65
32961034,640,629,8,637
21860490,1763,1272,12,1284
43992265,472,291,3,294
43412239,731,504,7,511
86680042,1650,1387,11,1398
97110413,1760,1459,14,1473
65030048,98,61,0,61
86930118,1823,1032,21,1053
11760656,357,249,8,257
43993468,1149,881,8,889
32980024,4136,3729,10,3739
11590567,370,200,3,203
54600061,3168,2307,38,2345
33000039,3402,2560,33,2593
10871243,282,166,1,167
43371233,4986,3968,27,3995
43993413,423,312,2,314
43500439,982,695,5,700
11650081,549,312,2,314
11590455,631,378,5,383
10430222,414,408,0,408
43625741,165,135,1,136
10590094,2352,1714,10,1724
32951819,2668,2001,5,2006
11130040,383,239,1,240
86661951,1570,983,19,1002
21870334,1524,1019,21,1040
76140468,1252,814,8,822
76160167,1139,703,31,734
43951226,678,727,13,740
43504882,491,432,0,432
54540345,1318,1037,4,1041
86990046,523,301,2,303
54670327,64,101,5,106
43500899,1022,790,10,800
10990010,576,613,7,620
11590512,186,13,0,13
43581685,1517,1204,28,1232
76380778,549,581,3,584
11630663,428,277,2,279
11070379,328,225,4,229
11570475,547,372,2,374
22410470,126,106,0,106
76320660,939,504,0,504
98130102,1456,1031,14,1045
22421281,931,648,9,657
32841446,1503,1262,0,1262
76280395,583,287,2,289
43770281,525,345,6,351
65530289,44,41,0,41
54570045,912,408,12,420
86660770,689,503,4,507
11770602,550,251,2,253
11420053,45,27,2,29
43990050,211,158,3,161
22200051,1170,515,5,520
86820611,136,56,0,56
10910483,289,194,5,199
11080673,682,499,10,509
76510177,510,226,2,228
11820259,699,438,4,442
86661355,1101,705,15,720
10910797,278,184,5,189
43691799,812,566,19,585
22590233,1052,788,22,810
11761185,321,209,5,214
10591163,1085,925,9,934
22421012,1399,807,32,839
97200200,1288,865,8,873
11800088,517,319,7,326
10590432,1811,1730,10,1740
54560033,179,214,3,217
76190148,608,379,3,382
43740154,1969,1703,31,1734
43500530,673,470,0,470
43991220,453,297,22,319
22750275,909,718,10,728
43361827,1867,1279,7,1286
32940356,2386,1808,21,1829
11610458,405,279,7,286
22630025,109,48,2,50
98350027,282,122,10,132
43690800,731,578,8,586
97100153,2796,2108,12,2120
11611178,324,212,5,217
43584486,251,214,2,216
32960202,1701,1240,10,1250
22100117,95,40,0,40
43502105,434,297,9,306
86551768,633,394,14,408
11770152,753,454,3,457
98400304,1972,1898,1,1899
43411542,880,286,4,290
76500154,3888,1782,44,1826
11771861,653,426,18,444
32850042,2975,1905,6,1911
43691531,279,171,3,174
54620513,1007,802,13,815
76230402,435,266,6,272
65680038,47,37,0,37
43620735,393,277,2,279
43620588,791,616,19,635
86580333,363,264,5,269
10540022,1679,1087,9,1096
33260127,4209,3045,22,3067
43414589,496,313,6,319
54620298,1180,809,16,825
10250244,3011,2446,8,2454
76130580,716,322,6,328
54790016,2972,2171,18,2189
76500288,147,107,3,110
43418617,319,326,4,330
97360027,505,330,8,338
33030010,2456,1857,30,1887
43416873,347,268,7,275
10910450,251,156,4,160
86670063,1770,1342,17,1359
76150818,608,490,7,497
22410256,121,47,1,48
11390341,326,204,2,206
11570295,490,316,10,326
76211546,171,165,2,167
86991182,2066,1308,30,1338
10790377,422,227,7,234
22430180,103,74,0,74
10600030,2095,1234,20,1254
86740072,677,341,8,349
97100085,2715,2524,9,2533
86552130,784,501,18,519
11631473,675,456,3,459
33290108,1148,1136,18,1154
11761107,279,185,2,187
76251168,342,299,10,309
43360219,1810,1446,7,1453
86553670,649,389,14,403
54830099,528,692,2,694
11070234,252,195,1,196
76460058,921,874,1,875
54610073,1716,1077,29,1106
86554301,392,323,7,330
43582147,407,272,4,276
11650250,618,406,11,417
43371378,3867,2955,26,2981
11620943,318,214,1,215
33060394,2624,1959,8,1967
43951103,1427,1265,23,1288
87020197,4065,2712,1,2713
10250536,3473,2482,20,2502
76130322,1961,1129,9,1138
43371008,2662,2219,38,2257
76330548,337,290,3,293
76180204,405,269,1,270
33080240,2414,1756,26,1782
43740255,549,611,64,675
11330019,1961,1347,40,1387
10890389,306,182,4,186
76130209,424,228,2,230
32850806,3013,2190,16,2206
43626124,193,172,2,174
43775028,257,245,20,265
10810156,584,435,2,437
11770062,1190,652,25,677
76101511,148,146,1,147
43670707,1429,1238,16,1254
86580085,1296,753,10,763
76481062,596,532,7,539
43691261,496,347,3,350
54220272,325,247,5,252
76190081,651,452,2,454
54260434,1754,1711,6,1717
86743468,910,630,26,656
43582260,809,624,7,631
10870376,276,137,13,150
43419258,362,378,5,383
43416457,533,331,5,336
11460406,236,161,2,163
22650331,230,130,0,130
76100431,1646,561,5,566
86920027,2062,1193,39,1232
11610278,966,617,14,631
65670015,1955,1324,10,1334
22410043,689,505,9,514
43413803,745,505,14,519
43770797,716,509,26,535
10910427,220,133,2,135
43771158,1045,850,6,856
76170179,1886,1164,19,1183
43416693,691,558,13,571
97220178,839,690,11,701
33010715,3770,2941,9,2950
11810269,360,199,4,203
76100330,1569,586,7,593
43412206,1278,907,10,917
86551511,516,268,6,274
43390065,2888,2259,11,2270
43415939,229,162,3,165
43361007,2051,1732,10,1742
32960358,1869,1344,14,1358
65680016,72,39,1,40
11790727,201,124,8,132
11620875,329,221,1,222
10890345,299,209,7,216
86991238,820,534,9,543
43691643,738,429,6,435
86990271,965,599,1,600
97860033,165,61,0,61
43418156,664,516,5,521
11600110,800,437,13,450
11070739,322,189,6,195
86740623,876,581,17,598
76481118,147,111,0,111
10950162,520,373,6,379
43501137,891,601,13,614
10250615,2738,1887,25,1912
76060032,2098,1308,14,1322
76510021,247,180,0,180
11770556,793,459,13,472
97920018,1337,723,6,729
43360961,1093,916,0,916
43361029,2669,2168,49,2217
86662873,1447,1021,10,1031
76350247,643,408,2,410
22120333,231,221,3,224
43626045,251,195,5,200
54450086,544,407,7,414
76340381,498,297,0,297
76270518,182,153,5,158
86850108,312,299,1,300
43692307,1187,785,15,800
76190654,439,322,5,327
76220131,968,583,4,587
11591007,315,214,0,214
43625998,251,242,6,248
98320024,411,241,11,252
11772053,449,321,12,333
43413229,601,363,9,372
10841048,197,161,1,162
21870525,420,353,9,362
97140832,2178,1304,18,1322
43371918,1425,1268,19,1287
76480184,294,179,3,182
86551409,1308,806,24,830
54880285,2139,1719,17,1736
10590049,1443,1001,14,1015
86670153,1830,1202,9,1211
43991859,203,170,1,171
10871287,203,128,2,130
43994032,373,322,5,327
11080954,320,236,4,240
97142205,2117,1820,22,1842
54440254,155,107,7,114
97090151,3922,1488,10,1498
43950461,2326,1657,14,1671
86740858,1254,674,21,695
11630461,525,297,4,301
43418123,718,623,20,643
32862630,3007,2559,27,2586
43920042,1098,635,17,652
43501968,1052,696,7,703
10250187,3524,2861,12,2873
33010018,4381,3039,57,3096
43770067,415,289,7,296
43771136,788,595,12,607
43390335,3089,2198,59,2257
10810819,191,122,2,124
43430015,2126,1390,3,1393
32863226,897,777,147,924
10890266,337,220,1,221
22320212,595,594,8,602
10251706,639,981,16,997
97660019,1582,1018,10,1028
76330166,704,385,11,396
22420987,622,428,0,428
32960842,1087,1254,6,1260
86553861,365,338,7,345
86580074,1174,742,6,748
32870538,2344,1889,5,1894
86992161,593,361,13,374
76170540,1285,909,27,936
22720351,1523,1111,0,1111
54670080,195,50,0,50
10720011,1177,865,15,880
43624784,325,225,3,228
76100914,903,601,9,610
43400685,3202,2256,137,2393
86553490,1009,621,11,632
86661287,826,403,11,414
11570857,414,242,1,243
11650609,328,200,1,201
54540031,1156,965,13,978
76240166,1663,811,10,821
10250424,2844,2231,27,2258
11820989,127,79,0,79
43413634,978,589,16,605
86742434,1868,1346,54,1400
43412936,639,430,7,437
97430014,1445,1043,17,1060
43620757,523,354,7,361
11611099,196,107,0,107
54910458,1236,793,14,807
32960077,2526,1801,40,1841
43410686,236,211,0,211
22240011,1854,867,3,870
44000019,2735,1854,28,1882
43621602,560,356,3,359
10920417,315,211,4,215
11610481,328,227,3,230
10820450,434,285,2,287
76300680,202,128,0,128
32930849,1722,1415,2,1417
10570160,649,429,12,441
10460102,4887,3249,39,3288
11800033,562,380,0,380
43412420,744,479,22,501
76450181,2007,1352,5,1357
33240079,2232,1433,12,1445
43773048,407,302,8,310
11790424,278,113,0,113
65440223,1616,1162,35,1197
10460124,60,47,0,47
76210095,538,248,3,251
76360439,759,463,3,466
22600516,547,368,8,376
11590859,300,172,4,176
10910461,337,195,1,196
97140775,2123,1773,6,1779
21861479,787,719,11,730
43419281,199,164,8,172
22800068,235,153,8,161
33020446,4056,3078,1,3079
76210275,589,386,7,393
33010939,5363,3619,57,3676
33060495,2043,1603,15,1618
10870219,1427,1019,16,1035
11751612,295,217,1,218
76370519,1935,1105,13,1118
10250839,2266,1558,17,1575
11610155,236,106,0,106
11780625,300,206,5,211
76330010,908,472,6,478
97090779,1655,1252,11,1263
76360967,118,103,1,104
76150166,931,661,20,681
76080056,1623,911,15,926
97110165,3290,2687,13,2700
11771715,138,80,1,81
76270305,1077,732,3,735
11570767,398,163,4,167
65370023,2527,1772,33,1805
97100445,3561,2492,223,2715
54720109,1154,1120,3,1123
33250722,1905,1571,29,1600
86554154,338,247,2,249
97091905,2258,1583,12,1595
10850598,551,321,6,327
76211467,390,215,0,215
11650025,1282,760,28,788
32840490,6284,4256,3,4259
43500596,1471,964,17,981
76101140,154,130,1,131
97940021,827,476,4,480
76101139,181,146,0,146
43361692,1596,1129,4,1133
11070076,448,283,7,290
76230255,373,213,1,214
43770584,398,260,18,278
97131135,3526,2254,22,2276
43993693,713,504,15,519
10820595,487,390,3,393
22770020,1481,999,0,999
43950821,2320,1760,24,1784
86741073,301,177,7,184
97110097,1254,977,5,982
76250549,739,428,4,432
86552815,721,381,8,389
22421708,193,138,1,139
43418808,1014,962,21,983
11130039,108,52,0,52
86742816,333,204,7,211
10820731,620,424,4,428
43371974,1103,1274,8,1282
10250648,3920,3097,46,3143
43413386,1011,806,8,814
33040033,2824,1976,38,2014
76130401,286,165,1,166
43994717,375,340,5,345
54870161,183,112,3,115
86870346,2518,1829,51,1880
22210210,139,89,1,90
11770433,792,466,3,469
10490060,190,117,1,118
43504321,665,595,7,602
86743637,232,208,1,209
22421528,351,308,3,311
76211210,496,293,0,293
32950616,5017,3911,19,3930
11070188,397,196,5,201
11780670,461,316,15,331
43621927,2031,1559,29,1588
65290057,48,28,4,32
97110536,432,379,1,380
65440065,2771,1942,40,1982
86661883,327,402,7,409
11751252,807,576,9,585
11580038,1387,958,11,969
43500833,878,517,6,523
11800101,533,265,8,273
86690177,1621,1569,24,1593
97091455,1139,893,7,900
43994313,852,642,9,651
43693140,299,345,13,358
98430071,1337,866,4,870
32870381,2978,2065,35,2100
65090279,619,439,8,447
22820341,25,23,1,24
43503768,422,304,3,307
76240346,625,69,0,69
97830142,242,156,0,156
43412004,1059,655,18,673
10930250,181,122,4,126
76221064,556,444,4,448
43410057,665,464,9,473
97091174,3765,2767,33,2800
43693241,189,172,3,175
76230378,604,407,9,416
86553096,1198,745,21,766
33260194,1822,1348,10,1358
76370597,1395,677,6,683
43740132,2006,1738,11,1749
86920061,1960,1441,30,1471
97710071,707,482,5,487
43504758,479,404,5,409
76380396,631,322,4,326
98400180,1662,1225,7,1232
97370107,354,460,0,460
65440122,2274,1452,17,1469
11600783,649,506,7,513
22640262,121,82,1,83
32950784,2282,1592,3,1595
97130482,1099,969,7,976
54200089,309,280,7,287
76130041,1370,1068,13,1081
76320536,1330,838,9,847
22400558,487,379,14,393
43670729,1018,1107,3,1110
32980215,7993,6061,17,6078
11630124,588,333,8,341
76530113,215,136,2,138
32840377,3036,2357,24,2381
54430084,325,353,6,359
76090361,442,474,10,484
43411036,354,241,0,241
54790432,3657,3059,11,3070
11760544,296,154,2,156
43771934,947,696,2,698
54440175,676,556,2,558
32860830,3323,2286,29,2315
11821418,386,304,3,307
33250676,311,306,3,309
66010036,87,55,0,55
22421337,476,386,12,398
98070071,579,329,3,332
54590159,1606,1103,16,1119
86663302,308,237,7,244
32850738,6424,4712,39,4751
54590351,970,697,3,700
76200487,179,149,1,150
11070942,537,344,9,353
11560463,265,235,5,240
10950173,486,304,5,309
10920079,123,77,0,77
43413410,1060,754,14,768
11571364,144,113,3,116
76110140,2692,2020,15,2035
32850479,4777,2401,23,2424
43691700,1189,789,22,811
11770501,651,376,12,388
32862090,1891,1502,10,1512
11580319,893,635,7,642
86662008,638,462,7,469
54860193,250,238,2,240
33000343,1648,1276,11,1287
65440278,1862,1431,40,1471
76321447,363,304,3,307
97130088,3115,2396,26,2422
43590089,1563,1247,2,1249
43691463,678,550,6,556
32863327,483,473,7,480
54400104,1492,1090,24,1114
76380059,933,642,8,650
32860751,4270,2818,28,2846
54790588,1150,949,10,959
43415434,336,230,6,236
11820349,226,114,3,117
86820464,1360,1159,8,1167
11070582,586,384,7,391
22190037,636,518,11,529
66010025,80,46,0,46
76510302,270,160,0,160
22630137,203,105,6,111
76480151,530,300,6,306
11820125,779,458,5,463
11771344,292,170,4,174
10100103,1483,965,17,982
86553614,114,81,0,81
11830395,893,678,10,688
76490028,847,578,8,586
32870831,1373,1033,12,1045
65440188,1794,1109,14,1123
86930051,2966,2088,22,2110
43390357,3478,2703,0,2703
11460585,193,143,0,143
10850543,488,337,9,346
11390239,444,251,5,256
33090038,2771,1514,20,1534
10920057,497,327,4,331
43771271,802,696,10,706
97200075,3271,2447,2,2449
10300037,2646,1921,23,1944
11831307,286,227,5,232
97092232,1420,941,35,976
76400478,188,127,12,139
43361759,1845,1276,9,1285
22490108,829,517,13,530
43990803,1298,921,22,943
11390093,575,355,8,363
10890086,896,597,5,602
32951796,5672,3701,39,3740
43771507,345,259,5,264
76330223,530,132,0,132
97091714,2619,1759,12,1771
11810551,763,391,5,396
11390464,677,437,8,445
43501317,392,283,3,286
76340055,700,464,0,464
65820034,216,140,0,140
43773273,1494,1213,14,1227
11620684,104,75,0,75
21860333,1987,1502,15,1517
97142362,884,656,0,656
54650358,1660,1360,12,1372
11771872,512,355,3,358
21930027,1668,1181,22,1203
11390486,699,402,9,411
43413791,617,442,5,447
54210259,931,765,11,776
32931008,373,493,8,501
33260228,3836,2411,0,2411
10840092,538,443,4,447
86910240,1076,954,18,972
43772564,384,240,4,244
10250110,5801,3976,15,3991
33061137,811,878,11,889
22730037,572,538,7,545
97220044,2676,1609,16,1625
43420137,1035,1144,10,1154
43993042,742,516,65,581
33000332,5404,4410,67,4477
76080270,448,232,4,236
32890710,997,1027,13,1040
54110012,1283,984,13,997
97820152,435,296,0,296
76170483,1771,1087,9,1096
54570258,1404,814,11,825
86992958,207,148,9,157
86700203,1935,1318,12,1330
97120605,1059,983,0,983
10300149,2019,1601,20,1621
65760059,403,309,4,313
97090173,2374,1681,20,1701
22540171,2356,1593,29,1622
43391123,890,1247,0,1247
43361377,1089,1132,16,1148
43580572,1349,1164,18,1182
86742030,499,302,9,311
86990169,931,675,15,690
43771147,360,283,9,292
98370018,2735,1578,33,1611
11810067,565,562,2,564
54470213,576,606,10,616
54610343,845,711,19,730
43990768,992,708,9,717
11800437,711,513,1,514
11490049,548,538,13,551
43990218,893,741,7,748
86662109,1331,846,14,860
76160055,1391,731,71,802
32870448,983,775,10,785
43772418,823,642,9,651
86910150,1308,713,4,717
33060316,2131,1465,28,1493
76210994,327,156,5,161
11580825,577,329,7,336
43361085,3861,3066,0,3066
97280231,1035,869,6,875
11570903,535,376,5,381
43501687,166,112,1,113
11580779,194,134,8,142
10420074,100,54,3,57
43625392,193,139,4,143
43410945,592,396,4,400
76360260,602,371,2,373
43991882,390,309,3,312
22590109,1453,1057,23,1080
65990054,56,18,3,21
22240066,839,665,9,674
33030560,1944,1832,10,1842
10920068,809,510,1,511
86990866,385,227,0,227
43582732,485,279,6,285
43692756,346,271,2,273
76480252,334,206,2,208
76350102,321,161,3,164
65760015,963,649,5,654
86663267,552,466,8,474
11810494,323,151,4,155
76370799,898,535,5,540
33240215,2044,1322,17,1339
76130737,206,123,3,126
43416042,638,626,5,631
11460204,308,180,0,180
43414028,614,412,9,421
76320424,1254,906,18,924
10920552,40,36,1,37
54650583,1369,1272,12,1284
43501799,962,656,6,662
11080493,246,176,4,180
86661658,2430,1363,33,1396
76351248,301,200,4,204
10810022,435,280,5,285
43415771,2866,2151,3,2154
86553445,287,214,7,221
11830092,1065,710,16,726
76170685,931,818,15,833
11590422,323,150,15,165
43960035,1068,823,0,823
22210030,1105,778,22,800
76230301,474,272,6,278
22470072,2673,1748,51,1799
43503948,1002,847,8,855
43580404,1990,1780,75,1855
76120220,146,117,0,117
76090103,3522,2088,26,2114
10591343,993,1038,11,1049
65440302,2337,1735,13,1748
86990394,293,201,4,205
11800246,264,135,4,139
43992704,316,204,4,208
86990013,1070,783,2,785
43361153,2704,2384,33,2417
32960730,2955,2132,32,2164
10850295,614,423,8,431
43361658,2477,2835,28,2863
54490079,557,544,11,555
54330016,3316,2390,26,2416
54450154,336,235,11,246
97540195,81,39,0,39
43417650,450,414,7,421
76250358,1253,685,19,704
43413038,658,490,1,491
76380587,728,624,8,632
32870246,2828,2038,11,2049
54540053,1177,821,16,837
86742322,865,632,16,648
11800303,351,230,14,244
76310298,758,497,11,508
22380049,2194,1433,18,1451
10870062,1045,734,6,740
65590038,506,767,4,771
43416659,530,398,16,414
11752264,343,286,11,297
54650022,2661,1842,7,1849
76190339,1478,931,30,961
76160684,1360,987,14,1001
11820260,410,207,1,208
76420087,541,763,4,767
10820753,530,389,4,393
97530194,846,543,9,552
32940020,2810,2273,23,2296
86991902,953,698,15,713
43371345,2826,1980,2,1982
54790252,2119,1628,14,1642
10100035,1314,899,10,909
10940385,412,260,7,267
22120063,292,202,5,207
32890013,6136,4416,12,4428
33250700,1455,1455,16,1471
22600572,657,499,10,509
43621376,550,374,6,380
54900109,271,186,8,194
10850576,436,297,3,300
86740690,860,545,15,560
76490253,579,212,5,217
43580011,832,519,13,532
43583621,1689,1274,25,1299
11751768,479,329,14,343
11810720,512,348,0,348
10790524,267,195,0,195
76150447,1310,818,18,836
86554042,129,92,0,92
11831295,382,255,28,283
11590893,158,105,1,106
76090136,4177,2919,20,2939
32851100,740,797,6,803
43415131,756,497,1,498
86991137,1167,781,5,786
76280845,455,359,15,374
43993806,180,145,2,147
43502396,957,603,11,614
86553782,319,218,8,226
54910964,361,378,3,381
10820506,450,303,4,307
54911101,237,257,4,261
54660045,127,58,1,59
76140840,666,441,4,445
11830205,544,377,11,388
54400014,423,290,4,294
76450428,836,685,1,686
11630348,285,181,3,184
86740746,763,462,12,474
11810887,320,233,7,240
10890110,475,331,2,333
11380014,277,250,2,252
65440672,673,600,10,610
86740061,557,427,9,436
43991545,1935,1547,13,1560
76470105,1516,977,20,997
87020175,2647,1666,0,1666
86990529,1598,1009,18,1027
76140266,1215,707,5,712
11080820,413,283,2,285
54580282,555,468,7,475
11750622,622,351,14,365
86743110,390,299,3,302
10250716,2584,1807,27,1834
11610177,746,459,7,466
43690024,373,298,13,311
33060192,2855,2137,120,2257
86990787,235,143,2,145
11800493,318,206,8,214
10300217,2428,2117,6,2123
86553366,1260,850,27,877
76340662,328,158,0,158
11831543,583,560,13,573
43416479,588,419,4,423
76080652,321,268,9,277
76080292,498,385,4,389
43621107,344,7,0,7
43580279,1294,1150,14,1164
11590028,599,376,5,381
43640085,546,480,6,486
22610045,1254,811,18,829
65140040,1531,644,9,653
76180024,221,114,2,116
22600044,1511,1071,4,1075
86870380,1544,1124,52,1176
11010058,872,540,25,565
76050042,1176,680,6,686
22420145,832,596,5,601
11650812,528,436,28,464
11071257,243,179,4,183
11690096,824,701,16,717
54840179,257,265,6,271
33060293,2661,2020,24,2044
32950931,2871,1920,13,1933
97130291,2099,1743,13,1756
76150740,720,647,11,658
33290018,547,377,12,389
10150018,2485,1560,16,1576
97300054,1182,866,14,880
65350111,64,65,1,66
54540918,594,549,6,555
76480016,152,45,0,45
65090370,137,56,63,119
76480173,505,306,0,306
22490085,625,558,9,567
76130210,742,381,3,384
76160954,361,346,4,350
11760241,527,329,2,331
76340460,1127,759,3,762
98380031,2452,2179,8,2187
87020232,2831,1683,33,1716
97091770,1446,1288,12,1300
32980282,1555,1059,21,1080
10250750,1964,1417,32,1449
98410136,2367,1718,28,1746
22410289,1056,756,11,767
11080314,434,286,2,288
11751094,421,230,3,233
33330035,684,538,10,548
86910116,1383,805,13,818
43772856,412,302,5,307
76321391,211,129,3,132
86730037,2030,1385,22,1407
22020174,2110,1271,20,1291
11390701,230,164,4,168
65090022,180,115,1,116
33310213,223,217,1,218
65140073,1992,1402,26,1428
43413331,1261,890,21,911
76110128,1997,1058,11,1069
43440016,1519,1130,15,1145
54180019,2142,1591,27,1618
32930625,2136,1615,22,1637
43800038,115,79,2,81
11580443,630,367,2,369
32840759,1409,1100,7,1107
33150046,388,302,0,302
11160155,271,230,6,236
43416716,824,540,10,550
43581809,284,145,8,153
32870257,3581,3022,13,3035
54620546,554,418,0,418
11571027,427,234,1,235
43990689,695,414,15,429
86741657,477,375,10,385
54900187,389,297,1,298
43504398,1220,962,16,978
54410206,553,363,5,368
76351169,438,269,3,272
43502790,322,194,1,195
43993996,1022,838,11,849
11690063,408,260,3,263
11821328,418,285,3,288
22290038,839,757,20,777
43770191,1185,807,23,830
11750970,1215,779,4,783
11620583,701,439,4,443
10950050,510,329,9,338
76500132,1484,1216,38,1254
32860054,3146,2275,21,2296
43991073,982,649,18,667
11590343,380,232,4,236
43371851,859,655,7,662
76170258,2799,1764,70,1834
11760667,426,248,6,254
43994751,316,271,5,276
43772968,616,428,7,435
11580689,353,244,2,246
43504455,388,321,5,326
11761028,216,146,5,151
21860401,1851,1248,34,1282
43503993,887,666,5,671
86553164,106,54,2,56
76101252,892,655,4,659
33240484,693,567,2,569
43692880,26,18,0,18
76321582,328,278,1,279
43415513,535,388,10,398
43950999,2306,1516,18,1534
54790735,500,547,13,560
54160095,1145,997,14,1011
22810227,102,57,0,57
76470026,1989,1194,6,1200
10890312,962,651,6,657
97091556,3269,2394,0,2394
76390050,782,384,7,391
54890927,396,400,4,404
33190017,2586,1648,16,1664
76320187,484,249,4,253
32841378,2573,2090,15,2105
97131067,1804,1804,3,1807
97100142,1979,1550,8,1558
22630115,124,63,0,63
54420083,251,195,2,197
32890248,2190,1832,14,1846
97280141,1765,1143,7,1150
97130673,1936,1611,12,1623
86820239,787,453,2,455
76320312,742,402,9,411
43570032,2187,1338,3,1341
11750420,434,278,9,287
11630719,297,174,2,176
32851379,1501,1961,15,1976
43690237,557,419,9,428
76420054,1761,1494,10,1504
43773981,580,402,5,407
43418741,550,473,7,480
43950629,2410,2079,20,2099
76481163,347,270,2,272
43570201,1026,1075,2,1077
22421742,369,291,9,300
43418381,521,517,13,530
22650184,163,80,0,80
86662570,1265,915,22,937
11800864,247,163,5,168
33250474,2185,1596,33,1629
86551050,320,234,6,240
22421810,172,129,6,135
22740072,1450,1058,13,1071
43950933,627,525,6,531
10300093,2480,1894,16,1910
10110025,1080,859,20,879
76220591,786,506,0,506
76370979,130,77,1,78
76370126,877,508,0,508
86741017,1643,1126,4,1130
10910595,332,222,1,223
32841705,138,341,1,342
54260300,2913,2030,39,2069
43993390,605,438,7,445
32930962,1301,1273,5,1278
97660042,833,643,4,647
32940211,1308,1097,16,1113
65350032,96,7,0,7
76170225,651,408,8,416
76490039,297,211,1,212
32860560,2326,1782,7,1789
11030320,1226,914,16,930
54910425,1155,914,17,931
11640529,363,224,3,227
43951349,638,472,12,484
43692273,1609,1045,22,1067
43690013,596,375,7,382
22260013,1111,729,21,750
10910584,370,248,2,250
10590410,2078,1439,13,1452
54400126,495,480,16,496
11580735,407,287,3,290
54230240,561,694,3,697
10251470,1871,1210,16,1226
43600104,2910,2049,35,2084
76290925,346,134,2,136
11800628,274,168,4,172
43361805,1901,1310,24,1334
43360310,2625,1917,4,1921
10591208,1142,967,6,973
32951190,1653,1134,3,1137
11750093,687,361,4,365
64990020,1686,1269,21,1290
54820076,590,885,9,894
10430020,83,71,0,71
32862528,884,504,5,509
76120028,258,239,7,246
32952348,860,873,2,875
76130186,332,177,6,183
43625134,283,204,4,208
11780928,530,376,10,386
33020200,3864,2870,0,2870
76360091,609,363,9,372
76170304,388,239,7,246
33090364,2208,1627,45,1672
54130036,1613,1177,10,1187
10910988,317,219,6,225
86900058,2201,1406,29,1435
86551072,1110,620,13,633
43670549,2686,2031,36,2067
43417188,258,200,1,201
22600178,1478,886,14,900
11631327,516,318,13,331
32952618,2129,2363,4,2367
22340023,1351,860,8,868
22740139,1609,1071,7,1078
76360428,673,470,1,471
11620101,350,235,3,238
97141901,793,468,14,482
76290262,600,276,2,278
43414354,607,352,13,365
43360039,1733,1188,18,1206
54540581,642,585,7,592
11780478,843,543,15,558
97142148,2336,1843,23,1866
11751746,579,403,6,409
43390403,4110,2962,47,3009
54890792,1724,962,25,987
43800027,144,99,5,104
43580628,390,262,1,263
65000045,2375,1617,29,1646
10790018,391,204,2,206
32841143,2449,1892,20,1912
11490050,196,198,3,201
54750034,1395,1428,0,1428
32951943,3252,2727,7,2734
76130298,374,236,4,240
11030229,477,301,2,303
43410226,624,388,11,399
10890536,274,195,5,200
22410100,208,147,3,150
22400491,137,40,0,40
43412666,921,621,6,627
76220478,721,451,0,451
33060091,1977,1513,16,1529
10871412,451,327,1,328
10251324,1658,1014,7,1021
43419023,430,383,11,394
54680115,379,221,3,224
97141147,2921,2267,46,2313
43774533,248,180,8,188
22150280,1088,947,16,963
97200378,2151,1815,4,1819
86590110,1263,980,5,985
43625303,407,274,6,280
76380330,421,229,4,233
10591365,760,832,12,844
43412767,1216,784,57,841
33010737,2115,1247,9,1256
11630393,550,254,3,257
22421461,531,477,22,499
54670271,28,34,1,35
44050036,2869,1819,18,1837
21860254,1000,758,11,769
43390728,1734,1318,18,1336
11790581,410,277,2,279
76340987,732,490,2,492
97530161,929,543,13,556
11580667,548,378,3,381
43418550,340,293,3,296
33060529,2957,2086,5,2091
10251627,1119,998,19,1017
32930467,2192,1374,21,1395
98310045,564,261,8,269
54860081,286,281,2,283
32860706,1247,1022,12,1034
21860445,1292,983,3,986
43840087,445,580,8,588
54911044,335,456,3,459
43502419,738,524,5,529
33020693,1338,1260,24,1284
43951259,1131,1400,20,1420
11080730,193,128,1,129
32960505,2161,1648,16,1664
11070021,942,730,0,730
97090061,2950,2109,11,2120
43414095,655,484,2,486
22630272,105,87,2,89
65130016,1209,789,12,801
76170652,391,288,4,292
97092254,4231,2845,26,2871
10790423,467,309,2,311
97820062,666,409,9,418
65870028,1569,875,8,883
11790514,362,274,3,277
54440388,314,257,4,261
43740110,2972,2037,80,2117
86551814,184,127,3,130
32850693,1427,1245,5,1250
10860049,885,607,18,625
43774588,888,680,16,696
54220070,751,537,8,545
43773767,376,264,2,266
65440133,2399,1541,33,1574
76211298,622,413,5,418
11801135,241,173,4,177
32952089,3391,2477,36,2513
86550206,392,218,5,223
43621501,512,323,7,330
43503285,497,369,13,382
76450215,490,338,0,338
10820113,1839,1339,12,1351
32871034,2032,1706,6,1712
43362198,1499,1366,22,1388
97092063,4073,3310,1,3311
97140326,2612,1732,14,1746
11330020,635,550,12,562
10120026,1988,1515,13,1528
10670206,710,575,6,581
43774140,382,283,6,289
76190160,1035,732,0,732
33250362,2473,1602,10,1612
97130516,2431,1732,6,1738
43501889,228,134,0,134
22400222,216,152,0,152
11600378,318,191,1,192
32953013,1405,1527,3,1530
97091376,3075,2411,17,2428
97790079,220,170,0,170
54590283,1065,739,12,751
32951886,3388,2358,18,2376
97100164,2646,1809,21,1830
11100058,594,347,6,353
32870774,1532,1195,14,1209
43770045,538,416,22,438
43370849,3386,2945,42,2987
33150057,793,562,9,571
76190328,1061,643,14,657
97140494,2199,1676,15,1691
33061047,2758,2535,29,2564
21861862,311,477,2,479
43583991,1730,1541,31,1572
86920094,1457,1268,37,1305
54660191,236,272,3,275
11750352,272,152,1,153
76490220,1137,791,11,802
32870639,2635,1610,20,1630
76160875,637,550,24,574
76350988,972,730,7,737
11400017,914,676,7,683
10790311,742,361,3,364
76101353,314,228,1,229
10810606,229,149,4,153
43370759,2406,1733,53,1786
76080674,307,247,0,247
76290475,1050,427,8,435
43360286,1217,804,8,812
11740047,1214,1086,14,1100
43582800,1401,928,16,944
97520272,1768,1128,4,1132
11070380,396,240,8,248
43772441,1416,1103,40,1143
97130549,2262,1793,3,1796
22421865,200,158,2,160
86992060,1398,829,12,841
76290699,826,253,5,258
86991564,944,550,0,550
76310399,339,218,7,225
76170663,307,232,15,247
86991463,139,80,7,87
86743323,666,465,14,479
43582473,2202,1579,42,1621
33170059,1274,876,15,891
76141009,184,126,2,128
11810135,480,242,3,245
10080032,2852,2393,16,2409
86662963,1043,895,31,926
10950094,1028,683,8,691
65210026,137,63,0,63
11591399,281,177,1,178
54540390,2071,1407,30,1437
65290136,109,61,2,63
54600139,2122,1527,32,1559
44030113,980,900,10,910
43500057,300,208,6,214
43504703,355,337,5,342
32871483,1477,1207,24,1231
76101027,431,265,15,280
97270173,780,691,8,699
22421900,512,440,1,441
86821005,657,567,8,575
43624818,231,181,2,183
43583193,421,329,1,330
32960864,819,1296,4,1300
43412497,2456,1859,36,1895
86870391,1281,1073,6,1079
32930052,4311,3487,0,3487
11760027,897,541,12,553
10860083,774,468,14,482
86820442,569,358,23,381
32870471,2531,1809,20,1829
86992329,220,164,2,166
11571241,257,231,5,236
44060059,2039,1306,17,1323
10790209,449,298,5,303
21861097,615,547,9,556
11750699,261,164,5,169
97130099,3196,2685,10,2695
86820824,61,36,1,37
32960088,2198,1592,15,1607
76160268,687,387,19,406
11650575,154,95,3,98
11601201,295,201,2,203
33010883,5066,3441,50,3491
22400143,288,217,1,218
43390683,2887,2264,27,2291
86820947,280,173,7,180
32841615,705,771,5,776
43690855,1577,1257,21,1278
43414084,551,333,3,336
98000018,2507,1860,38,1898
98380176,1441,1118,9,1127
76450248,651,442,0,442
33260093,2679,1904,29,1933
43584510,794,643,20,663
98190030,88,57,3,60
32840951,2159,1600,20,1620
43775163,122,112,2,114
43501148,1177,792,9,801
54390023,211,165,1,166
43930054,928,731,9,740
43418303,552,443,4,447
11590141,1173,634,2,636
76230648,322,224,18,242
22650117,167,95,0,95
76380532,1263,885,19,904
76101229,956,644,10,654
43625729,439,377,4,381
32851111,948,1194,10,1204
97130404,3922,2111,3,2114
32863181,2098,1719,0,1719
32980361,2932,2667,8,2675
76130119,854,535,6,541
76170416,938,562,7,569
10251267,1827,1430,22,1452
76101465,399,325,3,328
54670125,712,347,10,357
32870820,1433,1164,9,1173
87010095,1222,957,24,981
22060022,649,323,7,330
76300758,430,364,10,374
43418213,336,268,9,277
76490219,833,460,7,467
43500091,655,469,11,480
76490185,979,664,2,666
11070447,508,362,8,370
97141574,2323,1390,9,1399
98340026,375,157,3,160
76251269,497,380,8,388
76360563,685,410,7,417
11580780,280,230,1,231
22410087,104,74,3,77
86660972,870,692,2,694
65500073,109,39,0,39
54130148,422,456,8,464
65480014,1029,728,4,732
76380341,590,354,18,372
33080015,2460,1775,50,1825
76350641,452,245,2,247
54620614,90,84,3,87
76530067,276,169,1,170
65520075,326,163,2,165
54890859,825,757,10,767
21870581,425,355,5,360
43580291,2433,1866,41,1907
97100513,4261,3418,6,3424
86900014,2319,1674,2,1676
54620557,863,648,16,664
11590703,544,294,7,301
11580331,184,134,1,135
97092085,2497,1763,21,1784
32861820,1627,1283,7,1290
76270035,965,564,8,572
76160224,2049,1036,19,1055
54650178,2456,1573,33,1606
86661894,715,517,11,528
76080348,750,651,11,662
22470140,1153,811,15,826
21861569,1259,1384,10,1394
22600527,725,501,13,514
54660090,187,109,3,112
22560027,1241,848,22,870
86741679,197,108,1,109
97880013,1923,1382,17,1399
43413094,995,671,26,697
11780434,550,334,3,337
43994010,462,361,6,367
54220418,384,330,3,333
97100232,2494,1480,17,1497
97091321,2252,1729,9,1738
65660081,28,39,0,39
43774847,455,415,7,422
76251001,489,334,7,341
22770075,2075,1313,33,1346
10660014,1351,1110,8,1118
54290011,1745,1292,14,1306
33010029,2440,2073,17,2090
97140551,1790,1157,10,1167
10890187,383,270,2,272
32861628,2757,1645,14,1659
10060030,1511,1159,17,1176
33030313,1440,1193,13,1206
43624986,299,259,1,260
43501395,206,157,3,160
11790233,585,302,18,320
21860614,1429,1078,0,1078
10251144,2916,2296,8,2304
65530199,196,138,4,142
65470103,563,445,5,450
76220399,971,581,6,587
97270038,1755,1091,19,1110
43774948,221,190,3,193
11640046,1061,713,23,736
43361603,1764,1091,9,1100
33250115,1430,1062,12,1074
76330256,1186,799,3,802
43360242,2393,1721,12,1733
43624997,300,230,6,236
76350438,1408,866,16,882
11760319,172,103,2,105
43380143,3373,2863,38,2901
10300295,2724,1712,38,1750
43415535,313,234,8,242
54890275,1375,1050,43,1093
76210781,1054,444,7,451
97141226,1529,1188,20,1208
32952876,1104,1244,3,1247
54270020,2216,1602,6,1608
11760757,607,410,13,423
11771636,465,281,1,282
22240033,1376,913,25,938
11580184,1544,1054,2,1056
43370210,3388,2266,59,2325
76190069,919,572,2,574
11180023,132,93,1,94
11600491,538,348,5,353
43780024,811,977,20,997
10590386,1298,976,13,989
11580162,883,578,7,585
11771580,245,160,4,164
43417357,352,297,8,305
43410237,571,380,5,385
76341034,393,281,6,287
10870905,184,122,0,122
76350416,510,316,3,319
76260652,235,227,4,231
11630067,603,362,6,368
43411799,1783,1361,23,1384
11790198,618,407,13,420
43504556,271,210,1,211
11050018,662,506,5,511
54680306,559,521,8,529
43600249,1904,1471,30,1501
10300150,2489,1862,26,1888
86743547,1423,1347,35,1382
43992502,208,129,2,131
54890747,1078,1009,18,1027
97530183,475,186,4,190
43774173,914,600,12,612
97141912,2104,1841,3,1844
54890332,1654,1285,13,1298
54790117,2814,1818,29,1847
76220535,1460,983,2,985
32840704,1629,1035,5,1040
22400154,212,147,1,148
10450022,85,62,2,64
65750025,744,488,3,491
22610090,504,381,10,391
43770528,194,128,0,128
86991317,1691,976,15,991
65260010,2755,1994,65,2059
32870112,2956,2343,1,2344
76480511,969,617,13,630
54730010,2187,1576,24,1600
43582934,2951,2419,44,2463
54620669,668,522,7,529
65000056,2085,1388,21,1409
43770135,194,141,3,144
43391066,977,933,0,933
11580577,567,408,3,411
11810045,566,396,0,396
11781110,232,132,2,134
76180079,2010,1322,10,1332
22430157,46,32,3,35
86551353,1371,891,24,915
32861561,2930,1876,13,1889
11390105,427,270,5,275
22090025,89,56,1,57
11571342,387,240,2,242
11780175,469,320,9,329
76120365,434,445,6,451
11070245,346,253,0,253
98050068,785,641,27,668
76080326,670,546,5,551
11831396,406,345,8,353
86910330,1082,848,23,871
33200222,863,651,12,663
54880678,382,404,3,407
32870752,1863,1453,13,1466
86820060,368,251,2,253
10410017,263,143,1,144
87020546,659,665,3,668
22110422,98,55,2,57
32940233,2364,1749,35,1784
11160065,517,397,7,404
43622670,248,163,3,166
43372009,1352,1936,43,1979
76220737,686,472,12,484
33020165,3033,2396,23,2419
43417559,684,596,7,603
86551049,285,183,4,187
43775196,411,371,13,384
43413117,515,276,1,277
11460293,208,158,0,158
43360668,3290,2250,35,2285
86670221,1843,1367,17,1384
43380233,5062,4320,40,4360
86741310,1269,917,35,952
76200061,981,462,1,463
22400389,140,84,2,86
10251201,1399,1009,11,1020
86700067,2941,2064,19,2083
22400097,472,290,14,304
43412262,692,486,3,489
43413443,616,385,7,392
33080149,2080,1578,24,1602
43540039,1192,932,16,948
43583766,620,492,7,499
54260131,1897,1268,21,1289
11830924,781,588,12,600
43621714,321,256,6,262
43502756,841,629,4,633
32840647,2309,1398,16,1414
43990814,1322,933,14,947
43414523,783,523,15,538
10590768,2585,1259,21,1280
86743031,439,325,8,333
54620423,847,553,14,567
10790142,508,338,6,344
43992579,395,285,5,290
76330098,1412,599,11,610
86720193,559,678,8,686
10620032,817,562,7,569
10670251,2327,1557,20,1577
86661940,910,622,11,633
76110274,924,923,5,928
22020286,401,346,12,358
11811079,413,287,12,299
86900104,2098,1450,12,1462
76280104,1245,844,9,853
32850165,4286,2680,21,2701
22020040,1844,1253,24,1277
32980259,2047,1514,21,1535
43584374,259,200,5,205
76250875,964,685,10,695
76290688,851,350,6,356
32940693,2137,877,30,907
33060585,2338,1709,58,1767
43502655,626,489,5,494
32840579,5380,4470,22,4492
43416828,326,273,14,287
10850813,252,181,5,186
86991047,663,421,5,426
22270014,1633,1167,19,1186
10910393,462,314,7,321
33080183,1587,1343,11,1354
54650482,2864,2080,28,2108
43360208,2011,1526,15,1541
43951080,1759,1374,21,1395
43690080,741,567,6,573
11821160,166,101,1,102
43690462,793,623,7,630
43390043,3408,2538,49,2587
76221053,465,372,0,372
32980338,3307,2217,55,2272
32841693,735,805,7,812
86900306,1233,1087,20,1107
76190575,694,486,3,489
21860805,1522,1078,18,1096
11080156,256,153,3,156
43993817,309,263,7,270
54860036,1040,605,5,610
11290058,565,390,3,393
43840065,846,809,15,824
76530034,928,610,5,615
97270207,510,552,1,553
11570284,604,313,1,314
86660185,708,432,11,443
54590182,1757,1290,23,1313
54790106,1979,1474,13,1487
86743211,421,311,30,341
11450045,54,38,0,38
22700023,1481,1189,4,1193
43361232,2083,1553,16,1569
76150414,1763,1088,10,1098
33250632,1085,1016,7,1023
22480051,1042,945,17,962
43410248,499,300,11,311
76310142,773,476,3,479
43504095,354,242,2,244
22530013,1572,1075,27,1102
10600074,614,497,3,500
54440377,392,306,5,311
86600088,595,541,5,546
86551027,446,300,5,305
22600246,1884,1246,19,1265
43400214,2348,1922,26,1948
43692082,487,349,12,361
65980064,149,58,1,59
32860504,1506,1194,7,1201
32960673,2720,1960,19,1979
22421067,1234,822,10,832
43415760,996,965,5,970
11790244,610,331,6,337
11240042,1025,760,3,763
43580752,2031,1663,22,1685
76530326,37,33,1,34
97130303,1207,982,8,990
86743378,1403,1062,13,1075
87000038,2117,1486,39,1525
10350043,837,680,14,694
76200498,213,130,4,134
54450222,301,261,4,265
11600390,801,513,0,513
11640495,219,151,0,151
32862203,2282,1641,21,1662
76330368,901,576,11,587
43740222,1942,1611,20,1631
86910093,2283,1565,32,1597
43360455,2276,1750,26,1776
86992217,350,250,8,258
54410420,128,117,2,119
32860649,2482,1859,37,1896
76200229,763,412,1,413
76220377,1119,612,5,617
22750422,914,836,3,839
11621023,160,136,5,141
54260052,3183,2323,9,2332
10870220,1429,997,11,1008
32870055,2790,2132,14,2146
43692925,389,317,7,324
97470063,1538,1173,3,1176
43380301,834,732,14,746
43773745,1269,982,17,999
43390818,2856,2675,17,2692
86670254,754,565,4,569
43415423,390,287,3,290
76260629,342,277,3,280
43480313,1510,1658,5,1663
76340831,336,192,4,196
43581922,496,323,14,337
10940644,209,145,2,147
76380161,415,255,3,258
11630708,412,272,8,280
22421236,812,546,22,568
22180025,1444,1078,28,1106
43581573,434,192,0,192
32871225,5321,4956,22,4978
76130726,455,286,1,287
43416671,389,274,7,281
76211120,1822,1102,8,1110
11830878,235,137,1,138
11751465,332,267,3,270
43773688,2897,2192,41,2233
86554019,266,192,4,196
10871388,179,122,1,123
54580248,770,573,5,578
76290228,687,245,0,245
76230525,417,234,7,241
43412734,1119,685,14,699
43692543,254,215,3,218
54100044,661,696,8,704
86741220,435,280,8,288
32950762,2401,1809,0,1809
32840232,2666,1849,14,1863
10940701,225,146,3,149
10490026,169,86,1,87
86551229,522,338,7,345
11100036,360,220,0,220
43772193,915,686,13,699
11600277,892,574,11,585
86820789,91,26,0,26
76190294,803,502,7,509
10940239,379,247,3,250
43370333,1985,1766,26,1792
43400629,1162,946,15,961
11820226,424,234,7,241
76300714,442,349,7,356
54540637,555,410,8,418
86992363,921,557,14,571
43415940,920,731,13,744
10250918,2798,1457,28,1485
10591107,1234,1109,0,1109
86700102,2348,1588,13,1601
76321100,800,427,6,433
43950607,2643,2165,18,2183
33080284,406,490,0,490
43994245,743,576,5,581
54670282,293,230,4,234
10591152,714,742,10,752
86670120,1307,912,10,922
11771142,269,161,8,169
86930129,2076,1488,24,1512
43370603,1558,985,9,994
43418404,526,593,5,598
43412510,923,590,9,599
11630023,801,408,7,415
54790083,1620,1243,5,1248
22740038,1357,958,9,967
11150154,416,325,0,325
86552062,557,321,9,330
21860412,1698,629,26,655
43970025,1386,1248,27,1275
22020231,1542,1208,40,1248
10490105,332,223,2,225
97950033,3282,2100,34,2134
11600671,856,567,14,581
43390751,2190,1813,31,1844
97090825,2707,1948,10,1958
65640067,479,366,6,372
98190041,68,53,0,53
43371435,2516,1990,35,2025
10250480,1966,1418,6,1424
54630042,2009,1725,31,1756
22230010,1410,685,10,695
11600222,844,563,12,575
43418471,957,1403,21,1424
76270507,408,351,2,353
54890354,481,330,0,330
22410111,89,70,1,71
11560092,673,467,3,470
22320065,3996,2313,35,2348
10590623,1806,1218,15,1233
98040034,101,114,3,117
11550013,1208,965,12,977
86740016,904,633,32,665
10850532,229,79,0,79
32861022,2121,1851,38,1889
10510052,201,145,1,146
86743042,371,281,7,288
43775365,370,319,0,319
43622209,436,263,5,268
43501777,476,309,5,314
43990678,551,388,15,403
43390908,1862,1457,41,1498
10090022,1679,1149,14,1163
10590140,2028,1498,34,1532
11620224,718,440,1,441
33250294,2016,1392,0,1392
86663177,575,680,3,683
76130333,546,266,0,266
97130370,3420,2637,11,2648
43361906,794,650,16,666
10980031,1121,590,5,595
86870458,2867,2294,40,2334
97100726,2481,1914,18,1932
76360237,719,509,7,516
11600413,682,409,3,412
97220167,819,777,13,790
10850149,558,333,6,339
22410380,453,303,5,308
97142485,1408,1243,12,1255
11771063,993,629,10,639
97830221,18,26,0,26
11830025,860,668,4,672
11740014,1684,1334,14,1348
66000024,74,47,0,47
43772531,2669,2177,24,2201
43624908,1503,1238,20,1258
54650156,3350,2505,5,2510
11771052,626,413,3,416
54800030,983,711,8,719
32900273,3171,2854,26,2880
43504815,276,245,4,249
76160482,1452,948,23,971
11600839,547,340,4,344
76210859,1554,690,9,699
10570058,2278,1371,72,1443
44050014,2403,1696,35,1731
86992105,648,455,6,461
86920128,474,440,15,455
32890114,2528,1825,33,1858
54911066,456,498,4,502
11760454,771,466,9,475
11751960,299,227,2,229
32952214,1609,1343,10,1353
43412813,843,631,12,643
43870125,1346,1239,19,1258
11820800,207,163,2,165
54650044,5067,3289,45,3334
97100805,1156,1184,3,1187
97130325,1273,986,4,990
11080437,413,280,4,284
33250441,3408,2418,32,2450
86553704,325,239,7,246
43502903,460,265,5,270
11781019,635,465,10,475
22820150,69,35,0,35
43584442,775,669,11,680
76480498,406,209,4,213
43414365,742,396,11,407
76320211,761,477,5,482
11071550,245,177,2,179
32870482,2685,1591,20,1611
97092300,3156,2093,39,2132
86741039,921,768,9,777
43993985,665,536,5,541
22421191,347,213,9,222
33090319,1192,1137,13,1150
86550846,256,154,6,160
10910517,388,248,3,251
54400081,263,201,1,202
11771388,716,452,10,462
43413027,761,494,12,506
10250143,3072,2649,5,2654
76200386,492,421,9,430
43670303,1867,1420,21,1441
54320059,1273,867,6,873
86742715,297,217,3,220
43990667,1648,1038,21,1059
43773969,377,241,5,246
10670059,3060,1997,0,1997
98410147,1028,773,52,825
54890444,798,611,5,616
22810126,149,108,1,109
43993200,281,169,1,170
97370051,759,515,8,523
11580487,818,533,2,535
97750019,414,421,7,428
22320122,601,426,5,431
43621624,702,463,10,473
54870284,483,508,15,523
21990012,896,630,4,634
43502532,1003,662,13,675
11650878,495,495,11,506
54890163,1614,1131,12,1143
43692239,864,600,12,612
11810630,141,86,2,88
11600503,517,288,19,307
76220210,1192,731,10,741
43500901,401,228,5,233
21860209,1761,1107,2,1109
11200116,564,432,3,435
76240087,651,373,13,386
43690664,1018,550,7,557
10300059,2431,1796,39,1835
97840019,1366,706,23,729
11630551,399,225,7,232
22430135,253,140,4,144
65820012,2451,1640,18,1658
32862382,3950,2731,39,2770
86870289,2207,1553,16,1569
76270563,233,195,5,200
43581461,799,620,7,627
43870147,1155,1249,0,1249
11100205,367,225,33,258
76340954,572,376,3,379
33130011,1916,1423,20,1443
97140359,1994,1176,4,1180
22750242,1825,1634,3,1637
43350061,766,598,0,598
11810236,713,285,8,293
10860151,449,280,6,286
97820051,935,423,3,426
22140032,83,103,0,103
43411766,298,191,2,193
32960448,2376,1637,7,1644
43583531,1637,1410,21,1431
43460119,592,482,8,490
54210338,341,358,3,361
11591502,410,268,1,269
86880044,591,562,13,575
33040066,1530,1102,10,1112
65140039,1022,629,14,643
11620550,280,161,1,162
76480960,845,619,2,621
11751724,296,210,5,215
76090215,248,207,5,212
76210129,983,597,11,608
33150114,43,27,0,27
11610166,182,133,0,133
21861020,1820,1212,23,1235
54420106,2067,1594,10,1604
11810584,364,162,3,165
32860773,1829,1360,10,1370
54510106,1280,1012,7,1019
11761275,74,56,2,58
76320884,1422,940,21,961
76350078,1361,757,7,764
11640518,776,529,3,532
76210501,1391,872,22,894
76280889,312,252,3,255
43993941,748,543,27,570
76380576,758,722,4,726
43415849,409,269,4,273
43370164,2090,1669,10,1679
54440209,1541,1197,16,1213
76360147,1761,1216,10,1226
76390184,1322,776,10,786
86820363,336,234,7,241
76190610,390,241,1,242
76480690,678,446,10,456
33110288,1314,673,9,682
76350809,1059,761,13,774
21860681,2031,1676,11,1687
97092007,3400,2384,16,2400
76260045,968,570,10,580
54680395,529,541,5,546
11100070,445,237,6,243
10591253,1386,1247,6,1253
76160303,739,441,10,451
22200196,361,301,5,306
43690541,555,382,14,396
10870501,423,297,6,303
76340011,1152,592,2,594
43772520,1055,667,15,682
43412688,1698,1396,15,1411
97530116,775,389,7,396
32940019,1779,1643,20,1663
86690111,1963,1230,21,1251
54740077,3242,2144,42,2186
76190609,234,171,1,172
76400119,1036,686,13,699
87060056,308,264,4,268
32900149,4565,2882,45,2927
54610556,652,590,14,604
76400142,1068,417,12,429
76290565,649,282,6,288
76250112,1194,519,17,536
97770044,341,304,1,305
86992273,246,147,3,150
86740296,1396,996,13,1009
54470167,463,330,8,338
76250561,507,286,5,291
33030256,2334,1458,22,1480
11770253,725,412,15,427
11250021,2070,1147,24,1171
43773329,926,733,7,740
43770629,346,227,11,238
97840121,304,141,0,141
43411384,1034,710,14,724
32840445,2776,2298,10,2308
21870592,620,539,8,547
43690619,834,595,3,598
11160021,241,99,0,99
10910854,227,153,2,155
32841255,1070,874,0,874
76270473,396,335,2,337
11460181,282,155,0,155
10930025,290,196,0,196
10900101,287,205,2,207
11570576,839,595,2,597
22421078,2116,1232,43,1275
43500732,798,503,2,505
32840085,4007,2896,33,2929
33250148,2136,1781,3,1784
86551847,403,282,4,286
97530262,696,480,10,490
97200110,2603,1642,43,1685
76150021,890,588,3,591
86820543,250,194,3,197
10940699,131,105,0,105
97091275,3542,2369,17,2386
43581540,305,231,3,234
76450226,1121,581,9,590
54230217,2779,3037,32,3069
43993558,646,445,5,450
86740735,946,654,12,666
10510030,371,329,1,330
86552657,1160,803,14,817
86551993,168,66,0,66
65980143,80,76,2,78
10910696,610,397,19,416
43411238,747,528,6,534
11830496,1108,815,15,830
86661771,1305,835,13,848
33200109,100,65,3,68
76400096,687,336,10,346
54410307,260,244,8,252
43960057,1611,1109,23,1132
43582024,820,618,12,630
21860142,1344,878,2,880
43411115,629,429,6,435
11580623,464,316,10,326
43361782,2032,1369,27,1396
33260363,1450,1402,18,1420
10910382,218,120,1,121
32910218,4697,3415,61,3476
86910464,665,947,5,952
76310311,809,491,15,506
86670210,633,556,2,558
11570486,583,369,3,372
54620355,483,289,4,293
76430044,1445,934,20,954
43410934,359,213,3,216
76220726,1112,638,12,650
11600637,839,542,2,544
11810876,317,211,6,217
43670808,751,682,6,688
10670475,475,354,4,358
10940149,246,158,2,160
32950627,3030,2284,16,2300
32952674,1026,1207,7,1214
43503656,971,691,15,706
43410439,937,627,26,653
54590430,1040,763,13,776
11571331,228,174,2,176
86661434,1247,844,20,864
54880117,1725,1176,14,1190
98280186,804,599,5,604
43620858,884,557,24,581
43400438,2744,2113,6,2119
65520031,1784,1262,31,1293
54190065,1041,744,11,755
54510038,1854,1235,21,1256
43416660,927,774,6,780
10890390,138,99,0,99
43993907,1034,888,27,915
86552972,837,638,11,649
98340060,386,239,3,242
43371121,1524,980,14,994
32960314,3272,2400,32,2432
10820720,505,361,0,361
43993266,988,652,10,662
10540066,496,446,2,448
32840850,2988,2004,28,2032
97550141,542,272,7,279
86662783,207,152,0,152
43992030,1323,1040,22,1062
43413296,416,245,2,247
43370591,1819,1465,27,1492
43370434,2505,1678,23,1701
43691171,613,391,14,405
10650035,506,359,2,361
43415300,1200,842,14,856
32960718,3105,2246,31,2277
76360372,661,320,1,321
76140064,1398,769,0,769
43580561,707,524,18,542
22310031,1486,925,32,957
11810179,722,457,3,460
86590031,2983,2013,8,2021
65630011,546,334,8,342
54860137,499,280,12,292
65720022,203,221,1,222
22450081,815,652,10,662
43625617,439,346,15,361
97141530,2211,1455,24,1479
11580027,1293,774,14,788
86740689,318,193,8,201
65030060,53,37,0,37
21861053,1175,201,7,208
65050040,1031,855,8,863
54680092,637,505,3,508
54260478,318,429,4,433
97140977,3710,3195,4,3199
32861549,2678,2074,27,2101
33260206,3130,2372,28,2400
11750992,318,204,5,209
33080206,2031,1612,27,1639
86820420,736,327,11,338
43371468,2971,2099,19,2118
32940479,3098,2537,8,2545
76290521,1113,447,3,450
43621534,657,412,5,417
43771664,177,117,4,121
10520064,125,109,1,110
43501452,648,471,5,476
11631114,670,388,10,398
76150683,523,342,3,345
10251199,1835,1641,6,1647
97800138,1972,1007,9,1016
10871018,115,66,1,67
76400131,765,446,7,453
76350977,386,264,9,273
43670145,1761,1354,20,1374
54600285,902,872,5,877
86730071,1814,1364,46,1410
43411957,949,444,4,448
54890141,1121,747,12,759
54600140,4138,2981,11,2992
32860144,6048,4427,28,4455
76240469,474,385,2,387
76490242,442,311,4,315
43773666,616,497,3,500
11590488,700,375,8,383
97440048,518,385,8,393
43670370,1607,1249,39,1288
54890703,197,184,5,189
76400467,484,420,5,425
21861075,1931,1426,13,1439
65840014,1004,726,5,731
11460114,509,339,5,344
43411261,298,166,3,169
54190122,1034,1042,9,1051
22680031,1124,929,20,949
86550396,251,153,8,161
33200198,216,152,0,152
11800314,676,413,5,418
76370564,625,333,3,336
97140944,2563,2020,9,2029
10870107,702,462,5,467
22320201,567,487,9,496
43773701,468,339,1,340
43622614,890,618,17,635
65090257,581,344,6,350
97250014,691,490,7,497
43992670,428,310,13,323
10920316,338,244,3,247
43994470,868,763,3,766
11771322,522,295,3,298
33260161,2594,1635,5,1640
43991983,3780,3096,51,3147
97130459,2298,1866,7,1873
11630056,751,454,1,455
76360068,588,341,1,342
76101038,522,353,1,354
43582596,963,804,17,821
10810639,426,270,3,273
44060082,241,212,7,219
86992431,673,489,5,494
43691766,456,336,3,339
33200086,90,56,0,56
21861626,505,375,10,385
33010759,2131,1731,9,1740
43582080,910,644,13,657
76280632,809,703,10,713
54890286,446,307,5,312
43418493,321,241,2,243
76200904,186,170,0,170
43771383,1707,1360,26,1386
21861086,902,749,15,764
86742782,398,287,6,293
86551061,419,270,5,275
22110365,96,45,2,47
43621680,1188,865,9,874
43990230,719,520,7,527
11071639,227,147,5,152
11150064,934,671,12,683
65090325,484,390,4,394
22640352,17,29,0,29
11750149,500,299,8,307
76370092,767,393,5,398
11821205,294,241,6,247
32860100,861,660,10,670
76370159,700,361,4,365
76340347,417,228,0,228
11771423,279,193,2,195
32930210,1125,815,8,823
10930272,640,489,4,493
22560094,240,168,2,170
32950593,4039,2718,18,2736
32862843,1046,750,12,762
76141087,618,541,0,541
11831240,490,368,4,372
44060048,3496,2002,57,2059
43774713,104,64,6,70
86660422,959,636,7,643
43692813,663,529,6,535
76341113,376,273,3,276
86660523,1501,816,12,828
10570115,815,498,7,505
11570712,414,229,8,237
65860050,223,157,2,159
43413049,297,211,3,214
11780647,398,277,2,279
22800103,118,80,0,80
10251830,1480,1375,10,1385
86670142,2875,1597,30,1627
43740211,1192,1128,12,1140
86743446,150,99,2,101
11790086,657,380,4,384
10850060,318,177,25,202
97120267,2014,1348,8,1356
11580375,456,307,5,312
33250373,1874,1407,2,1409
76380688,385,425,4,429
11610313,225,156,5,161
86740926,694,487,8,495
22200163,710,579,8,587
76290408,593,313,3,316
22150123,1946,1391,21,1412
10950184,952,694,7,701
97090599,2691,2257,19,2276
11600851,394,278,1,279
97530105,688,373,13,386
11590118,491,317,1,318
11580230,386,293,1,294
76390252,259,245,1,246
33060080,4301,3364,44,3408
43413319,764,596,14,610
11590129,511,277,6,283
76260337,313,206,3,209
86910363,886,729,11,740
76320615,741,415,0,415
43411395,546,350,8,358
76140716,1384,882,10,892
22510044,2029,1471,24,1495
11770657,912,473,10,483
10820393,333,231,2,233
97141349,2884,2072,17,2089
22420415,2152,1089,24,1113
54910054,629,432,6,438
43371132,1485,1137,7,1144
10820618,753,586,4,590
22110343,64,33,0,33
21860760,3056,1807,13,1820
21870019,2052,1475,17,1492
11770804,990,587,23,610
32960707,1614,1050,1,1051
86991306,670,362,6,368
97550152,865,527,13,540
10841150,170,118,1,119
54650088,2247,1744,40,1784
32840557,3874,2886,8,2894
86991946,1114,692,11,703
11600918,700,485,11,496
65370012,2751,1893,69,1962
97140933,3926,3314,8,3322
98380457,1432,1587,32,1619
11821395,200,163,0,163
86820891,94,52,0,52
76250617,1157,612,12,624
97092344,1634,1231,26,1257
76330076,977,551,8,559
10940194,444,257,3,260
43410541,1259,787,14,801
86590053,2711,1879,5,1884
86740959,382,264,2,266
98090039,191,113,1,114
65090088,391,222,1,223
43992142,295,196,0,196
76260607,96,53,0,53
54190098,1340,1043,6,1049
32870897,5768,4018,33,4051
86830038,3357,373,2,375
43360073,2084,1736,34,1770
97820028,437,296,5,301
86663155,349,283,11,294
11581118,351,251,4,255
43692712,183,155,1,156
21870132,1769,1260,18,1278
43992962,383,287,7,294
76221031,676,500,3,503
33070205,1040,883,5,888
98100053,915,596,29,625
10630011,329,257,3,260
32950391,2756,2227,9,2236
33100029,277,178,3,181
10250828,1666,1203,15,1218
76211658,380,336,5,341
32840108,4066,3367,8,3375
86660400,1044,695,6,701
86992127,788,553,7,560
10810741,287,226,3,229
97120087,5495,4060,7,4067
76250426,1201,635,20,655
21870378,1435,1075,31,1106
43413601,1184,891,32,923
21861851,200,293,2,295
32861831,2332,1793,20,1813
43583272,1178,979,17,996
21861031,1880,1471,22,1493
43600407,817,771,10,781
32850930,695,926,8,934
22480028,911,654,11,665
86551128,994,634,18,652
43416435,457,370,4,374
87020535,284,575,0,575
10890479,216,142,2,144
11751364,612,449,11,460
22400312,109,88,5,93
86552321,1262,794,21,815
43622120,392,240,8,248
76440078,3186,2291,32,2323
86991092,839,505,10,515
43600081,3490,2726,39,2765
43390931,1992,1470,7,1477
43416109,692,464,8,472
43413690,2165,1468,24,1492
43774285,384,318,6,324
43400450,2543,2276,9,2285
76090024,1912,1094,18,1112
43390469,2887,2462,43,2505
10251481,2453,1839,32,1871
54210169,551,364,5,369
10880108,24,19,0,19
97740029,1224,1152,3,1155
10590601,2102,1404,21,1425
32841570,3673,3697,18,3715
76170674,280,201,18,219
86990978,1113,642,12,654
76210286,1353,631,4,635
54540592,914,678,18,696
43772474,395,323,3,326
22421887,240,224,4,228
11100362,246,206,2,208
43503926,977,780,5,785
32930850,819,705,10,715
76380138,1089,640,11,651
76140110,677,377,6,383
43371536,1563,1047,10,1057
43501924,306,204,4,208
11630012,857,543,12,555
43580998,589,384,5,389
76080315,723,568,6,574
11580241,751,506,11,517
11610302,466,343,7,350
76130131,315,88,1,89
11590321,271,193,1,194
11810999,442,298,2,300
76250987,394,357,8,365
97470052,2222,1260,21,1281
86820048,132,64,2,66
86743413,280,194,2,196
43620555,1011,708,0,708
76220658,725,455,3,458
54910379,1575,1095,15,1110
43413533,1271,968,10,978
86992598,198,148,2,150
43371053,1864,1567,13,1580
43370793,2684,2017,25,2042
11080279,701,501,9,510
32850389,1976,1738,12,1750
86910453,1379,1113,30,1143
97440026,1216,613,3,616
32840412,3855,3228,21,3249
43770854,1206,888,17,905
76260371,736,480,14,494
32952719,514,639,9,648
86910183,1516,971,22,993
10820124,393,284,0,284
11770073,887,483,13,496
86990080,1373,763,5,768
10850341,339,147,3,150
43504196,244,203,1,204
43350511,940,961,10,971
11640439,421,256,10,266
43730186,909,807,29,836
76340493,321,143,2,145
33020053,2780,2132,23,2155
76300275,3025,2110,22,2132
22680019,1938,1310,0,1310
43504624,254,200,5,205
43670190,1329,1001,12,1013
76321234,828,551,6,557
76240234,1136,610,3,613
32851065,4180,2599,16,2615
32910151,4608,3478,36,3514
33060574,2727,2202,38,2240
54680430,998,1065,15,1080
11560340,338,611,7,618
11770646,600,385,6,391
86870122,1676,809,17,826
54440018,767,583,6,589
97790068,541,499,0,499
32960910,1349,1193,11,1204
11620662,308,184,6,190
11800606,201,145,3,148
76460104,1236,1086,12,1098
33030111,2857,1861,26,1887
10590083,2254,1648,18,1666
97141596,1678,1220,12,1232
10910720,215,147,0,147
54260276,1329,824,28,852
22150257,453,386,3,389
43770023,284,194,4,198
43416839,294,238,6,244
97710026,2290,1870,5,1875
10870354,622,415,12,427
32861358,2150,1637,11,1648
43370399,2475,1912,25,1937
32860021,2671,1592,0,1592
76500097,389,268,1,269
32851144,1161,1569,31,1600
22410469,130,107,1,108
87020377,2318,1666,206,1872
54740156,926,794,6,800
32910476,1003,1279,14,1293
32841604,864,755,3,758
10820023,622,400,4,404
21861491,665,639,32,671
43581898,414,278,5,283
11640361,400,290,14,304
86991340,351,283,3,286
97910039,2641,2076,7,2083
76260012,1248,556,8,564
86741736,1306,764,8,772
11071055,412,310,1,311
11621012,112,84,1,85
86740173,1732,1141,27,1168
43993749,1252,976,13,989
11751601,440,282,10,292
76270462,56,38,1,39
11100047,637,459,6,465
43992805,678,396,19,415
10870972,119,90,0,90
11771603,261,182,2,184
43360365,1705,1334,24,1358
32940828,2561,1864,18,1882
86670052,1343,971,9,980
32841020,2202,1639,17,1656
76540158,331,217,5,222
43413960,769,546,12,558
76340224,429,253,1,254
10820416,550,370,1,371
43501946,981,729,8,737
86770132,493,402,5,407
11030184,803,787,2,789
11780816,727,507,12,519
32860234,2402,1417,9,1426
97280174,900,615,4,619
11610223,557,288,3,291
76350405,1325,845,11,856
10591354,861,923,6,929
43370490,1934,1507,10,1517
98070082,232,129,1,130
54880421,2049,1563,20,1583
11650070,711,503,6,509
33020020,3385,2291,18,2309
86820037,624,311,5,316
21870716,836,694,24,718
43414837,515,345,5,350
76101476,484,384,3,387
11070627,503,357,8,365
76080438,616,553,17,570
86551836,628,452,9,461
32952517,403,517,6,523
76101409,440,300,2,302
43380176,4586,3905,148,4053
97410067,1381,944,0,944
21861402,355,405,14,419
10250301,3221,2613,30,2643
11770163,577,376,0,376
11591456,129,62,0,62
33000264,4503,1119,3,1122
97800116,1255,1048,12,1060
22020196,1881,1176,25,1201
86742692,585,446,12,458
76140233,827,528,13,541
86820509,734,522,13,535
86661322,833,533,10,543
32862483,2402,1563,39,1602
33020154,2557,1898,24,1922
11600031,761,483,10,493
43582169,511,358,10,368
86910532,766,893,1,894
11390677,609,443,5,448
43622681,425,294,1,295
86790066,1239,895,43,938
97140854,2673,2170,22,2192
43991297,1047,765,19,784
44000031,763,847,7,854
33010254,2458,1792,11,1803
22250012,1445,903,13,916
11770679,819,514,6,520
43773868,151,162,1,163
76260540,455,104,9,113
86730060,2063,1549,31,1580
32870145,3971,2757,25,2782
43581988,444,347,1,348
97093402,558,540,11,551
65980053,162,116,1,117
32861897,2259,1842,16,1858
97091725,3369,2530,16,2546
43504387,197,154,0,154
22600639,741,536,10,546
43990735,546,370,21,391
76210118,792,610,6,616
11761196,135,80,1,81
54670024,229,119,3,122
65090404,474,368,11,379
97500023,1095,746,10,756
76340897,395,256,1,257
76400300,1167,649,19,668
43900129,1659,1357,28,1385
43502217,931,541,10,551
21860995,4325,2589,41,2630
43992344,533,369,7,376
43350432,892,691,91,782
11070571,595,384,5,389
11590174,607,421,0,421
10590656,2386,1990,7,1997
97141619,1797,1510,10,1520
54860171,1459,924,20,944
11630584,545,340,6,346
32863204,618,580,3,583
32950313,4400,3593,11,3604
32862292,2641,1944,17,1961
76321313,271,155,10,165
86992004,726,500,9,509
54650763,2208,1712,31,1743
43370939,1245,946,9,955
97142441,2574,1629,19,1648
43772687,295,258,5,263
54100022,1596,1685,53,1738
43361861,2640,1864,28,1892
76310197,810,725,11,736
10251335,1975,1394,23,1417
97830029,966,679,3,682
43772575,1578,1282,2,1284
32862607,5202,4273,53,4326
32861202,1441,1058,16,1074
10790456,593,445,10,455
97550039,388,221,1,222
76370722,407,217,4,221
54460032,153,112,4,116
22750332,314,337,4,341
43772148,429,295,5,300
54910728,912,776,7,783
43690338,988,679,0,679
43670404,1029,789,9,798
32851032,4511,4066,38,4104
43773307,239,180,2,182
76210253,942,509,11,520
76140121,832,442,3,445
22200118,2751,1783,43,1826
43950843,1701,1649,25,1674
76490196,740,429,10,439
76070066,947,791,8,799
97093323,1664,1514,24,1538
32951112,2434,1935,34,1969
97092311,2202,1680,5,1685
32960853,1757,1793,12,1805
10940554,452,246,3,249
43951002,1074,880,10,890
43991275,1022,834,9,843
43450040,1827,1343,34,1377
43772025,526,358,8,366
86662682,1842,1338,18,1356
97100287,2231,1742,4,1746
43361322,3264,2585,61,2646
43503252,367,275,5,280
54890174,1122,878,15,893
22150291,1161,931,16,947
43990308,93,64,1,65
86992420,83,58,1,59
54220182,262,166,6,172
11070762,603,414,3,417
65280034,929,686,9,695
65300015,252,174,2,176
76300466,894,481,10,491
11080617,332,238,5,243
97300065,868,691,9,700
86553759,152,85,1,86
11100104,748,496,9,505
10320017,314,154,3,157
22810047,151,98,2,100
11080088,1158,866,12,878
76480353,743,536,19,555
43416930,576,390,6,396
43582349,624,427,4,431
43370243,2527,1940,26,1966
10251166,3105,2289,45,2334
32863349,936,1112,10,1122
76230266,354,211,4,215
54890815,1327,1126,15,1141
11751690,481,305,4,309
86550149,537,316,2,318
10330041,657,492,10,502
32861381,1645,1144,14,1158
86550071,520,287,4,291
76250460,882,581,9,590
43625358,306,224,9,233
65160042,378,296,5,301
11770196,943,617,15,632
86992914,383,431,11,442
11590668,342,201,3,204
22400165,217,153,9,162
54890556,919,693,4,697
22820251,80,81,0,81
11752220,237,166,2,168
54910223,1258,873,6,879
43361052,1290,957,7,964
54610219,2109,1533,25,1558
32863002,292,294,5,299
76140604,1909,1043,9,1052
33061238,645,1040,13,1053
86550183,382,225,2,227
76200296,1369,678,3,681
11580072,522,324,10,334
43415030,706,579,8,587
11810157,273,165,1,166
10940532,98,26,0,26
43410529,1249,910,16,926
11600884,573,331,11,342
86992295,1154,790,0,790
97091859,2279,1638,21,1659
43774331,620,465,5,470
76250505,1304,742,19,761
86552006,164,120,3,123
11610414,604,379,5,384
76130287,961,509,5,514
76380510,463,269,16,285
86991205,3420,1792,2,1794
86870526,576,601,9,610
10840373,369,212,4,216
54610095,914,634,17,651
54220227,511,377,3,380
86661603,2416,1454,16,1470
33030043,3111,2286,12,2298
32862540,2041,1317,29,1346
76300073,921,561,8,569
11820776,251,158,8,166
97960146,1544,1290,14,1304
43370029,2426,1674,31,1705
76090350,522,862,5,867
65440537,926,745,22,767
54600094,2447,1701,27,1728
10251795,2436,1420,39,1459
43950214,1188,925,5,930
54600230,1318,1139,4,1143
11100328,143,88,4,92
21870536,383,284,6,290
76170023,1699,1151,32,1183
43670684,884,801,12,813
76101061,995,733,8,741
22020321,370,341,5,346
22820172,161,89,1,90
11771377,923,524,20,544
10890020,556,391,1,392
10300273,2353,1513,18,1531
11460417,178,125,2,127
43390492,2707,2132,11,2143
98380020,2108,1774,2,1776
32841671,1438,1493,4,1497
54430062,1130,1467,16,1483
43774735,558,502,0,502
32870651,2792,2067,36,2103
11800134,302,187,8,195
54790825,408,566,5,571
54260085,3956,2621,41,2662
87020131,4145,3018,35,3053
86660703,635,450,2,452
11560025,1094,505,6,511
22640082,73,49,0,49
11631361,515,455,7,462
65350021,1659,1240,22,1262
22490030,1818,1223,35,1258
10890200,509,366,13,379
43501801,413,277,2,279
76211524,273,219,8,227
86550082,820,433,3,436
43950652,2182,1746,21,1767
32861437,2733,1734,55,1789
86740342,483,272,8,280
32951381,2090,1515,15,1530
11390442,608,418,26,444
54890848,308,167,2,169
22420279,1113,768,2,770
32870943,2079,1604,26,1630
43771822,622,407,32,439
54610523,386,394,6,400
32940705,3786,2790,42,2832
10760093,905,763,10,773
22540159,1552,1003,29,1032
10670420,940,928,10,938
76210321,1463,846,14,860
32980248,2734,2043,34,2077
11630191,246,182,3,185
32850907,2003,1492,13,1505
33040011,1031,885,8,893
43773992,527,412,12,424
11830654,385,250,2,252
43415917,730,564,12,576
76340640,188,130,0,130
22150358,353,310,4,314
32851155,790,866,2,868
10250974,2944,2154,33,2187
65470024,2031,1319,31,1350
54320116,641,508,2,510
76140952,749,527,4,531
11821238,422,271,4,275
86700135,2985,2101,10,2111
76300310,2019,1125,18,1143
11631619,555,433,6,439
43350106,1755,1331,0,1331
76240177,981,608,7,615
54860294,448,338,9,347
11620471,351,218,0,218
11821250,329,213,2,215
33260318,1908,1514,23,1537
43771585,551,313,9,322
10210015,1160,798,10,808
33240114,1404,1001,2,1003
10840564,364,234,4,238
21860300,2940,2296,0,2296
43950528,2361,1625,11,1636
54570179,1471,683,10,693
86910431,888,667,15,682
10430176,392,298,13,311
54620197,1856,923,33,956
21861356,683,777,1,778
22400446,532,359,5,364
10900077,259,159,1,160
44060037,1938,1202,25,1227
43412554,954,622,43,665
11780524,589,333,9,342
54260456,1274,1094,11,1105
22150101,1733,1231,15,1246
11460608,319,249,7,256
43361197,3136,2805,46,2851
76230288,805,452,5,457
32950582,2219,1581,8,1589
65800054,359,181,1,182
76340336,1037,421,5,426
32861538,1158,920,10,930
32961078,520,480,2,482
43771721,1276,1018,27,1045
76480476,783,514,11,525
11831161,557,448,5,453
86741242,1459,1141,20,1161
43412341,894,568,5,573
43415108,737,558,2,560
33010962,1491,1315,24,1339
54860159,153,114,1,115
76370834,138,83,0,83
54160039,1273,1051,8,1059
43691306,443,296,5,301
54540884,534,567,15,582
22420303,802,594,21,615
76470116,1368,759,12,771
43502071,969,550,3,553
86552376,1725,1112,27,1139
76230312,461,295,3,298
76150874,220,147,1,148
76080258,1030,629,10,639
32950841,4315,3276,17,3293
97100748,1298,1017,1,1018
76351260,351,272,7,279
22640116,98,68,1,69
43361883,1110,748,8,756
97980025,1924,1574,10,1584
76300567,1103,630,21,651
43992456,412,297,5,302
33030368,1835,1364,26,1390
10870309,674,494,19,513
10251728,1061,1281,8,1289
43417469,395,321,3,324
97510013,1148,432,4,436
86660545,720,399,7,406
43625268,669,528,9,537
54610275,1620,1058,56,1114
76160178,1182,770,26,796
76290745,680,280,0,280
11570846,518,340,20,360
76480915,573,425,3,428
33000051,2659,2057,14,2071
65030071,86,56,0,56
76350135,472,298,8,306
97130954,2817,2245,15,2260
86742917,659,559,8,567
54880274,804,606,8,614
10180022,1596,1289,5,1294
10840384,355,241,4,245
54140149,967,851,20,871
43583047,2223,1698,32,1730
43501665,360,221,2,223
43370726,3345,2547,32,2579
43991163,417,374,1,375
86820330,192,95,0,95
11810304,791,419,8,427
65440289,1127,969,12,981
54550032,1109,954,1,955
76210758,1510,894,8,902
11591131,270,162,3,165
76300815,277,216,3,219
76380633,181,142,2,144
76230592,286,210,7,217
86742120,44,27,0,27
21861468,355,287,8,295
76510122,685,380,4,384
43990173,800,502,11,513
76300376,635,349,3,352
43993086,414,300,5,305
65520019,176,98,2,100
65000124,1711,1242,15,1257
10920305,178,144,3,147
86670018,1777,1414,2,1416
64930013,338,135,22,157
43590102,807,759,46,805
22810193,254,158,5,163
33010704,1691,1349,18,1367
33010782,3418,2234,21,2255
11390431,846,532,12,544
76140154,491,336,4,340
11830520,114,72,0,72
86740285,695,459,6,465
32960752,2071,2079,21,2100
11030252,1328,952,10,962
86553434,358,214,4,218
33110334,1231,941,11,952
32870819,2670,1937,21,1958
33020738,1428,1275,23,1298
11830283,530,340,4,344
11200082,825,640,2,642
97540117,1105,640,0,640
54190100,1262,1116,16,1132
32890495,3703,2959,16,2975
43773790,1190,961,5,966
65070031,318,150,8,158
43690327,1639,1285,37,1322
11620516,401,255,2,257
76080102,1907,1172,16,1188
43417368,201,125,2,127
43412903,361,130,0,130
54460087,177,143,4,147
10790131,1847,1347,5,1352
11071268,499,342,1,343
11831060,552,402,4,406
43750043,318,265,5,270
43380031,1500,1093,10,1103
76400164,1145,686,12,698
43621118,1084,767,16,783
11772031,378,307,5,312
22600280,1700,1036,17,1053
43693195,257,190,9,199
11080910,308,206,3,209
54790500,703,644,5,649
43693094,372,309,6,315
11071381,164,126,0,126
10840801,238,177,5,182
43412228,807,530,8,538
32960336,2148,1598,3,1601
10850891,191,133,0,133
43504376,141,93,1,94
32890697,3561,2548,20,2568
97120469,2726,2402,1,2403
22810182,115,51,3,54
86960021,2368,1588,22,1610
22020141,2542,1910,20,1930
11830744,771,539,5,544
11570835,398,258,2,260
33110086,306,199,5,204
86910048,1802,1404,10,1414
97141653,3016,2255,17,2272
32890833,477,1055,24,1079
76320132,610,367,9,376
11600042,795,443,12,455
21861390,398,401,0,401
32980383,3540,3499,12,3511
43418651,544,557,10,567
43994627,328,277,7,284
86910307,1002,753,8,761
76230480,748,423,9,432
11830249,1033,688,11,699
76450024,1661,842,0,842
43416738,855,741,21,762
10820696,434,321,4,325
76340448,1048,644,3,647
86991430,952,1132,12,1144
11570420,581,321,6,327
97200211,1430,825,20,845
11630360,506,288,5,293
10310050,956,831,2,833
11460428,209,148,2,150
11781008,108,86,3,89
65600041,1924,1356,16,1372
11600424,491,318,2,320
10860162,484,307,2,309
76370317,282,146,11,157
22100061,112,73,0,73
11610986,360,231,0,231
10851106,470,289,3,292
22640206,168,41,0,41
11810089,903,512,7,519
10850385,683,503,3,506
76370878,994,609,6,615
43418583,432,363,3,366
86554143,285,143,2,145
21860557,2481,1518,22,1540
32952922,753,893,0,893
43583834,175,93,1,94
54410161,751,612,17,629
76220186,1447,868,0,868
10920215,669,426,4,430
76140963,329,244,1,245
76240021,218,130,3,133
65550034,2037,1537,23,1560
43418134,751,566,7,573
98160015,2086,1219,6,1225
97090465,1949,1604,7,1611
86870357,1851,1061,18,1079
33110367,274,232,3,235
32861651,1431,937,20,957
76110218,333,467,3,470
65660115,176,303,0,303
43950517,1286,931,12,943
76211489,368,249,0,249
10910214,303,191,3,194
76270248,1420,677,13,690
97141282,2133,1499,9,1508
43622423,719,509,13,522
76080225,355,257,8,265
10251661,893,1331,7,1338
22020129,1823,1260,29,1289
86552332,430,222,3,225
22470061,1528,1100,22,1122
33060563,2313,1765,30,1795
76290824,1730,643,7,650
76370733,276,167,4,171
76290677,1204,517,2,519
54910795,674,501,7,508
10790658,476,331,5,336
86930130,2660,1994,45,2039
32860087,2342,1571,25,1596
76440089,812,613,8,621
11650597,213,120,2,122
54260197,2546,1704,33,1737
10490071,143,116,0,116
97230045,925,717,6,723
21860298,2867,2535,12,2547
43400708,1135,1105,10,1115
32951077,4624,3504,14,3518
11821407,267,219,0,219
65760105,385,302,5,307
54130126,500,421,16,437
86552455,560,466,5,471
97090689,2229,1298,9,1307
32863439,1680,1671,27,1698
76140514,437,275,2,277
86990732,297,179,3,182
54690048,289,235,7,242
11821047,208,57,3,60
65730012,1356,1051,10,1061
86553771,228,125,3,128
43460074,1291,1067,11,1078
32900295,1325,1431,22,1453
43692565,194,120,0,120
86551599,458,309,10,319
43410305,212,120,2,122
54890972,611,575,46,621
43583698,1870,1452,68,1520
54260210,2621,1418,32,1450
76340202,359,202,2,204
22600099,1516,1004,15,1019
33290030,2805,1956,9,1965
76350427,777,363,5,368
98080050,283,147,10,157
43361849,1623,944,22,966
97140685,2599,2188,7,2195
10040016,1956,1306,26,1332
11810449,377,254,0,254
86552017,857,588,18,606
86990675,216,130,3,133
32850547,3672,3160,21,3181
10600085,302,327,2,329
43900118,1692,1173,41,1214
22650162,1497,1137,32,1169
86742748,148,95,2,97
43991185,1470,1015,22,1037
32950548,2272,1907,8,1915
21860647,1546,1092,11,1103
43415748,1096,938,11,949
43993952,313,169,6,175
22640150,141,49,5,54
76350887,343,226,2,228
33070025,1749,1217,5,1222
76320873,1468,953,9,962
11830553,427,287,2,289
98180028,180,84,1,85
86870379,1864,1451,23,1474
76260124,692,395,6,401
21860625,852,579,11,590
76280711,209,138,1,139
76370902,1018,665,2,667
11030207,1012,785,14,799
86990170,806,488,10,498
43626090,311,263,3,266
21870154,1465,1021,20,1041
76110252,602,544,1,545
11781031,682,500,16,516
11821384,217,160,3,163
43994481,442,332,6,338
76210309,826,453,4,457
54410172,932,788,6,794
54670226,188,144,4,148
11071347,519,368,9,377
43400393,2632,1721,5,1726
11581095,473,321,0,321
43583069,2479,2123,32,2155
76480263,516,253,7,260
10790636,104,82,2,84
11760487,513,296,6,302
10930306,888,685,19,704
11820899,400,217,11,228
33290096,267,268,3,271
11260044,775,540,4,544
10840441,270,177,2,179
86700304,505,840,11,851
43990027,661,486,8,494
86743266,456,315,4,319
10730012,1550,1353,9,1362
11580274,984,643,7,650
76250527,1246,793,12,805
43360848,1530,1225,14,1239
65280113,31,19,0,19
97800026,1585,1085,0,1085
86660916,1528,1097,14,1111
10820607,345,168,1,169
11751050,474,337,4,341
97093378,2296,1936,13,1949
76230019,1334,767,28,795
32960820,2677,1890,47,1937
11680017,1507,1221,24,1245
11830834,389,264,8,272
32840119,3115,2375,15,2390
32861303,2702,2038,24,2062
97110367,2335,1954,5,1959
43625549,324,272,13,285
11591243,473,314,4,318
54580080,1768,1097,17,1114
43950988,2456,1795,31,1826
11590938,406,278,0,278
10870860,162,114,2,116
11571397,331,258,4,262
43411148,933,631,9,640
97091736,3974,3058,39,3097
32860694,2143,1745,2,1747
32850705,2680,1867,20,1887
21900013,2174,1521,41,1562
86663087,543,378,2,380
97520171,1611,1041,7,1048
32850255,1590,1225,10,1235
11630876,351,260,4,264
43772070,468,340,3,343
43771877,519,383,6,389
32861516,3543,1760,21,1781
11300016,121,89,1,90
86661816,1991,972,0,972
76100116,920,476,5,481
11640620,536,429,5,434
86662378,175,118,2,120
43772283,697,523,8,531
65340097,30,22,2,24
76220603,1002,713,3,716
76260157,1111,682,9,691
43622546,180,529,4,533
65330063,48,16,0,16
54600016,1545,1156,7,1163
43411890,959,647,16,663
76370991,135,104,1,105
11751599,326,247,0,247
54790342,1771,1204,18,1222
11770231,639,397,12,409
43412712,3403,1990,32,2022
76211399,123,91,1,92
76330346,904,502,5,507
43416963,204,142,2,144
22020219,731,542,8,550
10890222,334,220,2,222
86663111,408,326,5,331
43361063,1336,1105,8,1113
43371547,2728,1894,24,1918
11750969,902,539,8,547
76300792,285,263,4,267
32960460,1275,853,14,867
86990327,1379,936,18,954
32870910,3316,2318,33,2351
98270028,977,916,5,921
86900025,1697,1148,7,1155
32862472,1256,1011,16,1027
65980020,188,104,4,108
11600772,929,628,2,630
54670248,102,77,2,79
33090241,2522,1882,26,1908
43771338,503,389,13,402
65190056,676,554,6,560
97091286,3250,2507,24,2531
11801168,274,211,5,216
10851050,453,320,2,322
11070548,392,263,2,265
43411429,771,500,8,508
65470035,948,687,15,702
43994368,325,230,6,236
43670392,2321,1429,39,1468
11751634,617,438,9,447
32980260,1935,1544,22,1566
33060811,5543,4229,20,4249
10870455,916,683,13,696
65090336,426,300,4,304
76200836,210,184,1,185
32850873,4014,1988,26,2014
86742995,658,422,15,437
76270271,1673,1071,16,1087
43992838,1917,1309,33,1342
43584228,323,233,3,236
11560182,1376,786,9,795
22380027,993,732,7,739
11070324,123,74,0,74
86662648,206,135,1,136
10820236,561,383,2,385
33030177,2119,1622,19,1641
10900145,222,171,3,174
97120368,466,323,7,330
76260360,988,195,3,198
65330041,291,135,0,135
11631383,505,298,5,303
54870262,1997,1719,11,1730
65440032,1552,1344,11,1355
11590039,889,546,13,559
33040088,675,586,2,588
54470156,1197,1020,1,1021
76260203,1743,907,18,925
10590072,1956,1494,17,1511
11571083,453,310,6,316
43411632,586,442,4,446
11790121,771,535,6,541
86670322,500,426,6,432
22630058,101,29,2,31
86741185,545,320,17,337
43950573,2565,1898,20,1918
65280102,45,31,0,31
54580204,1115,701,20,721
33250452,2817,2814,65,2879
76480421,414,230,4,234
76101128,949,732,6,738
86551690,1367,730,1,731
10820270,293,197,5,202
33020413,2936,2232,19,2251
43418516,724,775,9,784
76270237,1686,890,11,901
10940037,287,158,6,164
11570868,385,274,9,283
54570168,483,311,3,314
10690017,820,814,14,828
10910315,513,340,7,347
43371772,2008,1942,27,1969
10340031,474,404,2,406
11591142,276,212,6,218
11770792,454,276,6,282
86742175,273,216,6,222
10140040,2040,1293,16,1309
76210208,480,314,3,317
76220197,1482,920,6,926
43415568,605,412,8,420
43622524,753,501,27,528
32861404,1756,1333,2,1335
86820093,86,40,0,40
54200078,477,395,11,406
22421595,337,257,6,263
10870174,977,753,2,755
11640114,760,520,2,522
22400176,462,322,2,324
43590146,1032,903,17,920
43580583,1918,1626,58,1684
32841165,3784,2931,37,2968
11650654,171,118,4,122
86551544,395,247,17,264
22421719,218,177,3,180
54370076,127,80,4,84
86550127,877,401,16,417
76400388,659,397,4,401
65130083,538,484,5,489
76350045,453,261,12,273
43582204,306,219,6,225
98380132,1030,639,6,645
43413465,1867,1351,26,1377
11830676,428,348,9,357
64960038,1249,944,0,944
97130662,1770,1391,5,1396
43418998,594,547,8,555
76490523,305,214,3,217
33000118,2435,1893,18,1911
43372065,1274,1203,30,1233
43500619,1087,841,7,848
32910230,2043,1636,17,1653
32930782,5263,3468,28,3496
32860829,1908,1456,9,1465
10330119,78,75,1,76
11100014,551,377,2,379
98380334,1888,1454,3,1457
32940222,2026,1489,26,1515
43600250,2361,1687,25,1712
43581731,794,582,17,599
43772227,1404,1128,33,1161
43391077,1699,1544,24,1568
54680373,62,49,1,50
10870589,665,432,6,438
11160100,1178,895,12,907
21860568,2434,1777,21,1798
43550052,763,540,4,544
54230048,1158,833,9,842
43693049,418,340,8,348
76291072,343,172,0,172
11800684,47,23,0,23
11170022,127,76,2,78
32951482,1508,1184,6,1190
97142463,775,787,3,790
10251234,2025,1469,18,1487
43414387,1639,1151,19,1170
11460462,139,92,5,97
98340127,936,591,6,597
11830766,181,122,2,124
43993110,742,542,3,545
11631697,293,163,3,166
76251090,306,242,0,242
97630016,1332,867,4,871
76140547,535,347,5,352
65530201,466,257,15,272
32840456,4804,3834,21,3855
76120231,325,211,1,212
97910084,347,233,5,238
43418347,295,259,1,260
10670318,485,375,10,385
11810517,646,382,2,384
76210455,634,422,10,432
65290091,31,28,1,29
43621589,856,572,8,580
54650291,2431,1404,25,1429
97130178,6081,3927,34,3961
54540503,285,246,4,250
10400027,1802,1186,20,1206
54540019,1512,1004,39,1043
32851289,2689,2397,7,2404
86660242,914,525,11,536
43772890,130,102,1,103
86580153,1259,860,17,877
97130189,2974,2429,12,2441
76200645,308,192,4,196
97690012,5939,4946,12,4958
11820822,426,311,1,312
10870040,313,186,0,186
22750040,1805,1101,7,1108
43411564,823,547,15,562
76450080,1234,530,15,545
21861019,993,711,11,722
10300262,2237,1558,7,1565
43413184,887,549,4,553
10780040,92,73,0,73
11600446,1025,800,12,812
76340707,497,317,6,323
43410170,1064,788,19,807
22630171,129,68,0,68
32900071,3343,2680,2,2682
22820082,69,42,0,42
43840021,2569,2027,7,2034
43690923,581,403,4,407
11631079,164,112,1,113
76370676,961,574,7,581
33270016,1005,554,15,569
32840041,3620,2816,11,2827
43775343,539,516,2,518
97130842,1608,1268,9,1277
10670161,964,745,14,759
43625459,590,473,3,476
10820539,330,236,2,238
33240046,2495,1739,6,1745
32951448,2586,1757,19,1776
43730120,1043,785,6,791
97092333,2652,1785,23,1808
97840154,474,220,3,223
76221255,333,276,3,279
11590163,659,418,14,432
86590165,1118,988,4,992
11030218,809,554,4,558
54570089,1132,654,9,663
86742412,375,257,4,261
65550023,1609,1121,15,1136
43580820,3990,3033,77,3110
86870278,1967,1648,9,1657
10840676,152,101,4,105
11020048,701,541,3,544
65300037,21,22,1,23
43361210,2369,1653,31,1684
43416008,337,218,6,224
11620998,83,70,0,70
76221019,694,555,9,564
10910966,212,151,3,154
43692240,966,552,11,563
11591322,211,0,0,0
10340075,183,126,3,129
97100557,3888,2982,51,3033
11771311,811,476,8,484
97140438,1451,924,6,930
11620853,217,155,2,157
43503724,1039,749,1,750
22421225,1023,625,16,641
54260041,3241,2085,6,2091
76310412,397,262,11,273
65550012,1786,832,3,835
43582989,1069,839,19,858
11810393,532,296,5,301
76370014,1046,564,40,604
43361298,2873,1886,26,1912
32841389,5089,2847,56,2903
32861325,2806,1972,26,1998
43500473,598,443,2,445
11830957,343,240,3,243
76080641,543,550,6,556
33010434,2531,1744,33,1777
43774577,1101,903,22,925
33110277,2855,2488,13,2501
32861673,2039,1485,7,1492
43691845,508,409,7,416
11650553,201,144,0,144
11070650,457,323,0,323
43584453,418,378,6,384
11760690,161,127,1,128
43570100,2012,1288,8,1296
43770034,450,312,0,312
21960019,2009,1348,22,1370
32951561,2081,1474,22,1496
43590124,1296,1501,13,1514
11590781,647,423,3,426
43993255,609,513,15,528
54911145,158,147,4,151
43993503,587,494,12,506
22420774,1845,1270,26,1296
76350551,880,559,20,579
43417098,216,150,2,152
43417447,540,350,6,356
33030414,1175,1275,6,1281
22160023,1821,1446,29,1475
76161056,369,285,4,289
43621051,367,251,10,261
11580296,470,299,0,299
65850059,319,293,1,294
76300062,2599,1687,23,1710
54870240,214,365,1,366
33000208,3171,2610,6,2616
43951204,1377,1312,2,1314
54910953,425,393,11,404
10590487,940,713,2,715
65840025,456,300,1,301
33000129,1966,1503,6,1509
11620088,970,646,11,657
11830575,599,414,6,420
87000072,624,517,2,519
86840017,2155,1448,9,1457
76160921,109,107,2,109
65350087,37,57,3,60
54540389,1154,692,0,692
10420063,756,595,7,602
54650246,3585,2619,54,2673
76450013,1945,1083,25,1108
76330447,783,442,7,449
11820316,599,340,1,341
32952630,748,1275,8,1283
11150097,267,216,1,217
43390504,3957,3187,12,3199
10840698,249,171,4,175
76190429,1626,934,20,954
43418358,353,284,5,289
86742399,481,286,9,295
86550778,2223,1438,33,1471
10910247,744,467,15,482
98050035,2965,1899,12,1911
76510201,649,442,3,445
43480346,279,301,1,302
43670066,2977,1977,24,2001
33240271,1209,802,26,828
10910179,338,216,6,222
10400072,294,186,2,188
43411777,314,173,3,176
33061171,1060,1040,6,1046
32910173,4422,3326,50,3376
97360038,445,276,2,278
32850020,4136,3132,13,3145
86740522,1152,732,14,746
76480937,606,372,0,372
65000180,1312,977,17,994
43370636,4953,4214,28,4242
10340053,174,148,0,148
54220159,1286,839,13,852
10251616,1353,1230,18,1248
22420448,705,546,10,556
86552512,2994,1345,42,1387
76130805,307,258,4,262
54910694,776,626,10,636
33260071,1814,1154,34,1188
11620268,390,250,1,251
65080032,395,291,7,298
54330162,1598,1289,15,1304
11790109,973,617,6,623
97520058,2097,1434,8,1442
76360844,161,106,4,110
97270027,967,708,2,710
65500129,71,53,0,53
11460103,258,147,1,148
54540806,1535,1419,16,1435
32862854,1256,1037,13,1050
97530228,1026,605,10,615
76290284,849,324,2,326
76320996,774,377,2,379
22590165,1393,969,16,985
76320468,454,263,5,268
76101162,723,507,7,514
11780782,287,201,2,203
43411283,436,302,5,307
32960145,2428,1683,15,1698
11800640,180,109,4,113
11610739,410,273,1,274
76340134,530,240,4,244
32870673,2341,1682,26,1708
11580858,438,289,7,296
86554075,309,221,0,221
10730168,1216,1002,15,1017
10420085,84,58,0,58
97380041,322,161,1,162
98020010,2652,1858,18,1876
43504422,265,235,2,237
86960032,1918,1216,25,1241
76060100,946,572,18,590
43416110,354,282,2,284
43413364,882,670,10,680
97091220,2247,1222,21,1243
11250054,627,657,5,662
76270079,700,388,9,397
32952494,698,752,3,755
65130038,1631,1230,17,1247
43390560,2912,2818,20,2838
76100150,769,456,3,459
32862944,2612,1391,31,1422
43582091,364,205,2,207
86910251,4090,2194,6,2200
97370084,565,379,2,381
98420025,975,662,11,673
86662626,154,86,1,87
32862731,691,643,5,648
22730015,1600,1084,0,1084
43950270,1480,1352,16,1368
43413500,2244,1426,17,1443
76260551,843,429,7,436
21861558,552,636,11,647
22750130,2689,1842,21,1863
32862113,1860,1575,10,1585
76240368,1689,1215,10,1225
22540227,518,401,6,407
43410675,536,409,2,411
11080718,243,184,0,184
43416840,266,206,13,219
11440011,2627,1775,26,1801
11650069,463,330,3,333
43994605,457,405,9,414
86553221,483,352,9,361
33010276,1940,1505,40,1545
97120391,6809,3665,49,3714
11760948,354,245,2,247
43590078,3249,2722,82,2804
76480533,826,406,5,411
43412891,700,621,6,627
11631855,1128,761,15,776
10670329,994,743,18,761
11770938,417,226,1,227
33270319,824,702,7,709
43625932,152,109,3,112
10850240,329,211,2,213
32850952,6115,2059,48,2107
11610379,455,233,4,237
43416334,713,557,6,563
32951291,1976,1403,15,1418
43771327,865,711,4,715
10870624,623,386,1,387
97091804,2486,1919,20,1939
86552196,1429,815,18,833
32930614,3850,3047,10,3057
76330357,695,466,1,467
97141079,2409,1738,13,1751
76350810,270,201,0,201
43780013,2154,1424,18,1442
11570341,857,585,7,592
10870826,509,361,8,369
97590033,619,685,5,690
65280090,40,32,0,32
33060439,2677,2028,6,2034
76370508,915,625,7,632
10810347,492,288,1,289
65430053,1796,1201,41,1242
65480025,1750,1222,40,1262
10840014,667,446,7,453
54910100,1601,1243,12,1255
22600145,1487,932,16,948
43621411,1010,665,30,695
10870488,201,146,0,146
32841390,732,531,28,559
76510470,429,337,5,342
86660387,671,406,18,424
54110034,1574,1188,13,1201
43413746,1357,900,17,917
32861763,2850,2133,35,2168
76100723,700,417,3,420
54280032,2375,1726,30,1756
43430071,908,830,12,842
97840110,414,271,0,271
43625156,601,501,8,509
11810898,285,208,2,210
97550107,729,415,10,425
86553311,328,233,5,238
43692723,440,325,5,330
43503601,357,322,0,322
22460015,2468,1863,52,1915
76270226,1186,684,11,695
11610694,403,309,0,309
76380217,1087,737,11,748
43992052,537,488,4,492
43503151,749,551,23,574
32930096,2882,2310,7,2317
22110095,27,21,0,21
21861187,2088,1709,33,1742
33150068,142,110,2,112
76251012,218,178,0,178
76160763,929,610,11,621
76200308,1446,763,11,774
97370017,840,654,6,660
10251593,2658,1713,26,1739
11770837,248,154,2,156
11751195,719,455,6,461
54620052,1141,653,8,661
10670408,323,265,0,265
76240379,1145,690,4,694
43630017,1493,882,11,893
33010805,2433,1651,22,1673
97093299,410,293,3,296
97850065,19,5,0,5
76490422,219,180,1,181
65530335,162,113,4,117
76370058,1512,701,4,705
76330043,1265,725,17,742
22510055,1410,967,20,987
11770927,1080,688,0,688
76120185,720,407,6,413
22790123,1876,1603,22,1625
32960235,2399,1601,21,1622
86991676,806,495,23,518
76300040,1842,1219,62,1281
43504275,179,160,3,163
43581618,1803,1248,22,1270
11631068,432,257,11,268
32890293,2365,1721,25,1746
10830013,540,348,8,356
43500013,619,414,6,420
86741927,1020,521,22,543
43991725,930,671,20,691
86741556,266,126,3,129
43501878,384,219,5,224
11080875,285,206,3,209
11780759,624,536,16,552
11150121,648,447,8,455
43410293,1067,742,10,752
76100093,1088,691,6,697
97091039,2382,1747,20,1767
33250182,2598,1929,16,1945
11631507,371,254,5,259
10820168,273,91,2,93
22590222,957,749,22,771
97270128,2272,1293,14,1307
86553119,565,318,5,323
10650057,188,145,0,145
10790568,433,266,4,270
33290074,766,621,14,635
43992771,913,559,12,571
33060754,2733,1473,23,1496
54410217,868,312,11,323
11751803,365,266,6,272
86700056,2931,1847,17,1864
86550824,423,197,4,201
11610290,345,236,3,239
43740019,1815,1510,37,1547
11760904,230,160,0,160
54840191,160,134,2,136
43771912,482,389,6,395
32900284,3937,3817,12,3829
43413612,1935,1547,41,1588
43670516,2083,1452,86,1538
11570778,573,396,4,400
54540761,1099,834,14,848
11560519,1623,1414,18,1432
54910942,327,284,11,295
22420796,530,320,3,323
33060215,2985,2332,32,2364
86551926,1061,543,24,567
43501856,644,421,4,425
43413768,824,520,14,534
76370496,547,336,6,342
43418707,408,341,11,352
11790682,233,167,0,167
33060181,1787,1449,21,1470
76090349,1644,1536,2,1538
11570464,555,405,0,405
76090338,761,907,9,916
76280799,311,215,12,227
76400254,1166,645,14,659
11690074,328,189,3,192
76130074,366,212,3,215
98380019,3616,2918,6,2924
86700247,1525,1194,2,1196
43371884,1624,1189,28,1217
76340088,1407,679,6,685
43994379,312,251,12,263
43991635,773,531,1,532
11130017,222,172,1,173
43503173,391,306,0,306
33060800,1869,1540,6,1546
43580123,204,151,1,152
32841525,1616,1411,10,1421
10871232,600,441,5,446
97800037,2855,2334,5,2339
11030050,861,518,6,524
76320480,1043,678,12,690
87020557,927,893,5,898
43400854,998,912,14,926
33240013,3557,2311,16,2327
86553962,160,105,3,108
11590679,702,303,6,309
43418257,718,609,3,612
76080067,1702,532,11,543
32952258,680,595,4,599
32980293,1463,1540,19,1559
54880241,1482,974,17,991
97140090,2442,2096,12,2108
54860069,169,112,1,113
32860885,658,831,7,838
43502587,1005,592,4,596
54590025,1740,1150,26,1176
43580381,2897,3024,57,3081
43692835,203,156,3,159
86743389,284,209,5,214
86660567,974,621,14,635
76230323,608,304,4,308
86992251,374,262,3,265
32840748,2087,1458,27,1485
86910475,426,448,1,449
76530023,113,55,0,55
32931019,781,714,10,724
54440322,1418,1126,14,1140
76341168,590,481,5,486
54530018,1853,1317,23,1340
76380363,811,490,9,499
86662750,176,111,0,111
11570183,444,230,7,237
76141032,192,212,2,214
43418987,255,209,5,214
43418628,452,441,19,460
43692790,661,492,8,500
76140974,417,296,4,300
32952001,2929,1917,5,1922
54910212,814,635,6,641
43775354,568,498,3,501
11780445,392,193,2,195
11810359,844,542,8,550
10590353,2464,1390,21,1411
11830227,458,331,5,336
97930042,2639,2073,24,2097
43775107,661,636,5,641
97120278,2539,1647,16,1663
33080217,1589,1327,32,1359
54330184,982,1030,20,1050
43994302,814,655,11,666
11620381,598,398,5,403
10910416,332,198,8,206
43951125,1170,1047,10,1057
43414321,1222,920,19,939
33260217,1956,1316,19,1335
76500255,98,52,0,52
97091703,2778,2032,0,2032
43620825,367,229,1,230
10250862,2847,1873,26,1899
76450349,275,194,6,200
43771316,1301,1087,22,1109
76101218,652,427,2,429
10820685,304,237,3,240
32960954,1008,838,9,847
32861943,1256,1129,11,1140
43501632,994,683,7,690
22720171,1643,845,15,860
32952607,216,240,3,243
11830968,372,287,2,289
54580046,1649,816,26,842
22240044,2251,1202,28,1230
33020671,1394,1369,16,1385
54500026,489,464,5,469
22490074,1024,679,16,695
11760139,455,279,9,288
43413162,778,438,4,442
43413140,492,361,9,370
33061069,3906,3080,12,3092
32950526,3160,2527,9,2536
32951662,4971,3180,12,3192
76490455,411,297,5,302
97100827,1401,2086,23,2109
33240350,1918,1602,0,1602
43584048,192,141,11,152
11790479,407,294,1,295
86552635,1028,632,5,637
54870093,328,189,2,191
86820846,134,100,3,103
86990642,1161,779,9,788
32850671,4355,3211,16,3227
86740375,795,423,5,428
76250606,953,519,24,543
32870763,1893,1479,17,1496
76130478,652,394,3,397
43412543,289,209,6,215
11752196,225,162,2,164
76280913,266,269,3,272
76351259,320,227,2,229
11360012,777,390,4,394
86552589,115,79,0,79
97091950,2937,1226,14,1240
11080516,222,155,2,157
86920106,1875,1421,40,1461
11710022,1010,637,14,651
86552781,162,81,5,86
54620568,644,431,0,431
43410530,3418,2452,51,2503
86662468,525,321,4,325
11100227,597,410,8,418
76510144,583,282,6,288
22420088,1187,841,2,843
76310018,940,455,14,469
43772722,104,83,1,84
98400067,2714,1710,34,1744
43994492,414,386,5,391
32863260,749,719,10,729
33260105,1565,1200,1,1201
43502284,855,684,19,703
43992759,755,563,4,567
10780062,87,66,2,68
33270106,1587,1156,12,1168
65390014,1654,1140,25,1165
32952360,1033,1372,6,1378
54790487,904,769,9,778
54570360,660,517,13,530
76380712,178,138,0,138
22380038,1333,933,20,953
54650594,1976,1604,33,1637
43950685,1972,1684,32,1716
86940063,1957,1546,54,1600
86990125,873,585,4,589
76120163,709,446,0,446
86742670,524,346,0,346
43620218,690,575,5,580
11630078,964,542,10,552
86740678,862,533,2,535
21860894,1401,253,2,255
98430059,1817,1705,14,1719
65090145,786,586,16,602
11640125,700,500,8,508
43412138,1405,970,35,1005
43670785,1148,1247,28,1275
54790791,499,525,12,537
43371828,7696,5390,107,5497
97120515,2387,1568,21,1589
10890233,362,257,4,261
76290655,1145,375,8,383
76280474,1753,1012,0,1012
43994795,717,650,4,654
33060079,2559,1815,21,1836
43690046,248,183,2,185
86742535,197,109,5,114
43413353,1379,998,20,1018
32861279,2356,1751,16,1767
33010153,1700,1317,21,1338
10400038,494,316,10,326
10910135,624,429,11,440
10800065,95,66,1,67
22820127,72,27,1,28
76530012,1070,632,15,647
33250531,965,434,9,443
32950885,4031,3580,21,3601
86660051,307,190,4,194
54600151,2363,1809,9,1818
33240417,387,334,3,337
97280028,2803,1383,34,1417
76060133,958,614,4,618
32910409,1736,2485,27,2512
65440212,2976,2028,33,2061
43690136,765,551,20,571
22770031,1995,1370,0,1370
43772654,713,444,14,458
32890529,4166,3277,15,3292
43503667,714,514,39,553
43581304,491,277,6,283
86551689,1109,645,8,653
11560126,1689,1057,10,1067
86551386,1407,1023,14,1037
76370328,1119,604,2,606
10250132,5083,3754,114,3868
65530043,246,178,0,178
32940839,1639,1251,25,1276
97130617,1982,1334,222,1556
11590208,552,356,6,362
11630157,519,231,27,258
76200331,854,508,2,510
76170281,769,543,7,550
11640552,919,556,0,556
21870323,1578,1030,19,1049
97110435,1966,1703,1,1704
32950773,2547,1752,15,1767
76450237,1295,788,7,795
97230012,1940,1406,2,1408
22421922,244,213,2,215
32890361,4311,3133,36,3169
32851010,1940,1556,19,1575
43770450,936,613,0,613
11320018,1706,1249,17,1266
11070155,508,356,9,365
22510088,1313,996,12,1008
32950537,2563,1987,11,1998
10940172,429,267,4,271
11390655,455,287,11,298
86743277,776,530,17,547
32870583,2408,1578,12,1590
43502352,1157,691,11,702
21880010,1190,806,10,816
76180103,360,231,4,235
54840135,985,783,30,813
54670169,737,447,11,458
21861288,678,603,4,607
11580094,556,320,14,334
22800114,183,122,1,123
10871333,577,409,7,416
10251773,746,774,8,782
22480040,1534,1093,4,1097
33020547,2264,1868,6,1874
43620724,426,271,7,278
43501867,620,376,2,378
22421102,718,461,19,480
76090035,2418,1584,9,1593
43584554,473,439,11,450
22800170,164,91,5,96
76350236,918,513,5,518
65530313,50,51,1,52
43418606,260,246,3,249
10850059,646,401,12,413
76290587,1457,611,8,619
43400618,1974,1579,6,1585
76221222,299,229,5,234
22750107,2092,1125,76,1201
43625325,278,220,0,220
10870567,484,314,3,317
32850345,2721,1657,7,1664
32950133,4085,2996,14,3010
54610028,2054,1349,18,1367
86742489,348,223,4,227
22420482,773,515,11,526
43370300,3237,2423,24,2447
11750239,697,366,11,377
86551522,438,295,7,302
11810382,1322,826,22,848
11771670,440,317,9,326
43400348,2029,1658,31,1689
11350011,143,105,2,107
54230228,1909,1810,21,1831
43991466,364,245,4,249
43500585,1322,949,16,965
32951594,2426,1471,14,1485
43991736,312,240,5,245
32952179,1379,1026,5,1031
43951035,2322,1903,26,1929
86743839,52,58,1,59
86990552,670,470,11,481
32841187,5496,3349,57,3406
76490376,361,281,5,286
32952225,4581,3441,18,3459
11810696,432,262,1,263
11610661,138,111,0,111
97100344,1588,1128,0,1128
32950100,1305,1080,7,1087
11750712,403,186,9,195
86890034,2166,1527,31,1558
11080808,290,222,5,227
54840102,205,129,3,132
97142621,1553,1294,18,1312
43870057,2827,2083,19,2102
97450016,2064,1241,0,1241
54450097,602,480,11,491
86991867,537,357,8,365
76380026,275,160,3,163
33040112,1076,929,9,938
10830147,219,155,1,156
54660113,347,298,0,298
43992041,412,320,10,330
97930053,1459,924,9,933
43360275,2004,1295,14,1309
22080248,418,377,5,382
76050109,352,486,6,492
43771406,1408,1092,48,1140
76340820,326,249,2,251
76290442,837,271,3,274
10400050,753,331,5,336
10940576,170,134,0,134
76321335,357,249,8,257
66000013,161,75,1,76
97110266,2043,1622,8,1630
97130718,2257,1408,9,1417
11610380,530,324,2,326
11460215,608,438,2,440
11771445,43,41,0,41
11781143,830,669,20,689
11020071,717,523,10,533
10251414,2442,1806,19,1825
22420033,645,433,8,441
43775376,397,339,4,343
11570666,449,273,13,286
54720121,1092,1448,20,1468
11080853,272,181,2,183
10590678,2269,1983,7,1990
33000387,1439,1705,6,1711
11760184,612,320,6,326
11751667,243,165,3,168
22240123,275,263,4,267
22720463,497,529,5,534
54680249,203,152,6,158
97200121,2063,1533,0,1533
76120297,332,226,1,227
22540081,1786,1148,39,1187
97520193,1783,1347,21,1368
33060462,1240,1073,8,1081
43418561,557,566,10,576
11571128,266,189,3,192
11760678,129,73,0,73
11610740,316,226,0,226
43774599,641,600,6,606
11771973,227,141,5,146
97820084,850,524,13,537
76350461,974,551,5,556
43693061,139,144,2,146
43412655,759,553,16,569
97100760,832,1029,11,1040
65440717,761,726,18,744
10820180,57,32,0,32
76340101,902,460,5,465
87040021,1380,1132,28,1160
86991935,985,638,12,650
76280238,1277,611,8,619
76370889,239,141,3,144
22640093,122,89,2,91
97720027,1045,737,0,737
43502868,1485,1077,3,1080
86992116,480,324,8,332
76280564,704,469,1,470
11750891,394,188,8,196
22421450,212,319,10,329
11080415,807,584,5,589
76440023,2378,1565,12,1577
86660501,1067,738,12,750
11590691,359,246,1,247
76220029,874,524,6,530
43772698,230,140,7,147
32840973,2034,1592,7,1599
11760410,296,204,1,205
33061104,1871,1756,14,1770
43417919,466,379,6,385
43773239,249,172,1,173
97200389,1447,1397,6,1403
76380824,481,300,7,307
65000157,674,487,3,490
76340910,377,286,3,289
76140794,261,175,0,175
11631091,263,172,1,173
86680075,157,441,2,443
54380055,299,280,2,282
76100396,1434,675,12,687
86661366,1218,838,14,852
33020334,3135,3022,10,3032
11630618,790,527,14,541
97520238,1117,742,7,749
22230021,1152,749,16,765
43625842,306,272,4,276
32841457,2628,1861,28,1889
43580044,466,275,0,275
76350652,662,434,5,439
22000015,2117,1572,39,1611
43400191,907,891,5,896
54490057,1529,1251,32,1283
54260502,222,202,2,204
98100019,689,414,10,424
33250227,2802,2320,10,2330
65350065,41,20,1,21
43370704,1844,1314,33,1347
54180020,435,397,8,405
11580601,784,426,13,439
76310074,775,470,9,479
11390295,785,462,16,478
11760173,382,189,1,190
86553355,376,270,9,279
11800910,170,136,2,138
11590602,261,158,4,162
76090226,3477,2831,20,2851
64990019,309,131,4,135
76211456,368,234,0,234
86990530,486,321,5,326
76320233,593,353,5,358
11771625,462,297,17,314
43994414,578,538,6,544
86743143,641,429,1,430
10360011,400,345,0,345
32910229,4119,2937,42,2979
11071033,128,87,0,87
32863215,2217,2848,11,2859
76350337,504,250,5,255
11390600,510,321,9,330
22650027,40,22,0,22
43771024,1206,1023,19,1042
11801203,148,90,25,115
10800021,284,179,1,180
76250099,474,284,2,286
22110354,75,42,0,42
11821182,270,161,9,170
32861910,1689,1378,9,1387
43416626,543,432,10,442
43411407,800,546,13,559
43990443,448,358,10,368
98400203,4332,3379,51,3430
86552051,1451,726,19,745
43771765,1023,779,8,787
43625145,119,86,2,88
11770860,779,510,16,526
10820641,344,270,4,274
54260366,735,777,2,779
43416581,488,348,6,354
76160583,949,598,5,603
86720014,1943,1381,37,1418
43372021,1520,1476,14,1490
98100132,613,362,3,365
11751353,478,345,4,349
76350157,920,536,8,544
43390571,4426,3412,13,3425
43501542,358,196,1,197
43580167,3071,2336,44,2380
11750521,564,321,7,328
43771259,452,363,9,372
86670119,1985,1290,16,1306
11771760,332,226,4,230
32861594,2051,1542,31,1573
11390150,651,421,3,424
11580926,260,207,3,210
97141451,2307,1544,20,1564
10810280,873,601,20,621
10920091,281,195,2,197
10920024,503,371,9,380
10670464,1233,1250,15,1265
33020132,2963,2101,15,2116
54840078,810,569,13,582
76200588,310,298,6,304
11830823,339,283,3,286
32960976,748,731,9,740
97130763,3116,2430,14,2444
97141620,1592,1149,17,1166
76100138,1198,618,4,622
43992535,589,475,3,478
32890383,1678,1273,10,1283
32952731,870,1157,17,1174
98250015,1218,762,7,769
32870178,1828,1760,2,1762
11720012,1320,792,4,796
32841536,1333,1297,6,1303
32840568,5429,3937,15,3952
65000067,2463,1701,9,1710
86670131,2486,1621,19,1640
22210052,1723,1281,30,1311
86552646,1195,763,5,768
33250351,1965,1340,17,1357
43620566,641,481,5,486
22820217,156,92,4,96
11820271,346,152,1,153
43992063,757,623,7,630
76101487,732,597,4,601
10950016,399,251,8,259
10870196,632,420,2,422
76140558,325,194,2,196
43414499,1622,1171,18,1189
97100322,2402,1635,12,1647
10850699,337,203,11,214
43691788,273,175,2,177
43419214,295,255,7,262
10810493,482,284,11,295
22410391,421,279,6,285
76110016,1966,1340,7,1347
32930018,4658,4545,15,4560
11581130,584,353,8,361
11820798,175,104,1,105
43771428,1268,1004,36,1040
86741006,1720,1092,16,1108
76200443,436,353,6,359
97120458,420,460,3,463
33020299,3410,2755,14,2769
11410018,162,107,3,110
43950348,3137,2261,46,2307
11820451,314,205,6,211
22470184,860,660,19,679
97840165,489,590,5,595
33060989,2815,1977,12,1989
11770028,885,448,2,450
43690776,220,205,1,206
65450011,1211,902,12,914
10330085,109,68,1,69
33250014,3453,2926,15,2941
76270147,1537,798,3,801
97270072,3721,2442,46,2488
76280407,1046,600,3,603
22640037,196,140,7,147
86820925,96,42,0,42
43622085,2933,2203,30,2233
43994278,606,556,8,564
11290047,294,199,7,206
10270055,2085,1511,34,1545
22650173,422,280,12,292
11620347,499,354,2,356
22650409,168,117,2,119
10590948,2010,1509,28,1537
10920518,252,168,0,168
76221266,371,295,4,299
97120289,1379,804,8,812
43580459,540,386,7,393
54340039,1043,781,10,791
10870545,695,457,22,479
97910062,1035,751,7,758
11020093,486,355,5,360
11571195,497,291,3,294
11830148,740,507,6,513
43417997,234,199,0,199
11820080,816,366,7,373
43413375,1698,1284,17,1301
10980053,2966,2312,13,2325
33020042,2062,1607,19,1626
10810055,801,533,2,535
86820778,193,103,7,110
86743187,659,408,7,415
76350472,768,356,5,361
76351282,343,219,16,235
97141990,4323,2842,31,2873
11751218,444,304,7,311
11620358,657,484,0,484
33030470,524,615,1,616
76150515,756,378,16,394
11601087,276,169,4,173
43992355,828,539,18,557
54670215,293,213,6,219
43370052,1930,1399,16,1415
10420030,396,183,2,185
76220614,2001,1203,11,1214
54540873,229,138,4,142
76100497,1176,715,8,723
86870212,1634,1293,8,1301
32840197,3552,2239,15,2254
43950854,1033,907,4,911
54200067,173,129,1,130
11600806,651,388,9,397
76160101,1366,740,25,765
11751948,342,238,9,247
32840029,1701,1351,7,1358
97200367,1446,1064,19,1083
43502251,656,443,6,449
21860670,1333,994,15,1009
33290029,733,482,5,487
32950379,2110,1556,4,1560
43411496,524,359,3,362
22650320,210,129,4,133
54210079,1635,1052,16,1068
76260405,598,430,8,438
86552714,187,64,0,64
33060226,2106,1481,34,1515
43414231,1456,1001,33,1034
10840272,209,136,3,139
22420325,811,488,9,497
76310175,715,400,12,412
97091196,1724,1356,9,1365
76350573,364,194,5,199
22470195,1060,737,11,748
22560106,1409,1069,19,1088
33090386,1812,1512,21,1533
22590200,1521,1146,20,1166
10590397,1823,1126,11,1137
86990608,1252,728,19,747
43771563,507,282,1,283
76480601,1679,945,12,957
97130695,1284,995,3,998
76160550,1228,753,7,760
43580639,259,169,11,180
11590084,574,321,6,327
10250749,2304,1655,25,1680
97920029,1559,920,7,927
76210714,1209,664,9,673
76350854,196,130,0,130
43504264,166,114,2,116
43410901,623,447,6,453
10860331,428,287,11,298
76320604,538,336,3,339
11770972,136,107,0,107
10890255,433,277,4,281
32841479,1062,1079,13,1092
22780065,1445,1140,30,1170
76141065,612,448,3,451
76340235,806,476,6,482
97120122,3244,2368,26,2394
76230637,364,276,13,289
43690585,1101,721,11,732
10850600,694,475,3,478
54650415,1925,1378,37,1415
43690552,775,391,0,391
21860513,2658,1938,27,1965
65070019,407,321,2,323
43416525,305,245,4,249
76160358,1330,722,64,786
76130535,324,183,5,188
65090303,818,811,6,817
76220153,1194,828,1,829
43693050,144,104,6,110
97950011,2679,1577,29,1606
65660058,44,33,0,33
86660769,1057,701,13,714
86663043,761,592,5,597
10460023,635,507,4,511
64980041,496,435,3,438
43990410,1109,831,16,847
86770086,908,716,15,731
43620432,1452,1106,22,1128
54640021,727,492,6,498
11780490,489,252,7,259
22320223,37,49,1,50
66020071,29,38,3,41
54260333,1013,1259,11,1270
76230503,1118,692,15,707
43950405,2032,1610,5,1615
10790434,489,331,6,337
97130853,1761,1460,15,1475
86554031,112,70,3,73
54610129,1294,890,17,907
86830049,2086,248,5,253
86991272,857,512,42,554
76100071,1927,843,69,912
43992849,644,412,6,418
54600050,1869,1472,19,1491
10600063,1744,1210,18,1228
33030537,1348,1311,23,1334
43580471,988,723,21,744
10940846,238,183,2,185
43990779,1590,1054,19,1073
43992322,273,194,0,194
11080460,407,253,4,257
33010793,2145,1673,14,1687
54220373,170,167,5,172
54610411,1338,1068,23,1091
76490400,490,379,6,385
54790634,1918,1699,13,1712
10590892,1752,1267,13,1280
76090394,281,429,5,434
86990204,542,333,10,343
87020186,2720,1995,74,2069
76310085,858,558,4,562
43582675,584,410,10,420
76150245,1289,700,22,722
22120131,150,104,2,106
10860072,353,198,5,203
97090320,2261,1507,13,1520
32890686,1695,1306,15,1321
86551410,714,487,8,495
97090780,2006,1534,11,1545
86820868,717,503,7,510
10940206,373,271,2,273
86910497,389,348,5,353
43417896,735,564,7,571
97100502,2028,1597,4,1601
86930028,1017,242,3,245
11620167,517,310,3,313
10180033,1632,1086,7,1093
11781200,345,262,9,271
11752208,351,271,7,278
76330560,446,393,6,399
43581911,577,421,8,429
11790592,351,272,10,282
76450394,312,268,2,270
43503915,451,315,7,322
43411531,602,456,3,459
10590241,1754,1255,21,1276
10890176,701,468,2,470
54540727,681,541,34,575
11751779,425,148,5,153
43370388,4175,2781,35,2816
98400214,2723,1908,54,1962
11770129,525,299,1,300
22560016,1428,1031,14,1045
32960482,4192,3061,7,3068
22430078,69,63,0,63
76130197,501,287,4,291
43412880,1827,1077,27,1104
86991025,569,409,7,416
54880375,1041,728,6,734
43417111,290,202,7,209
43371941,1527,1418,20,1438
10590263,1456,1151,20,1171
43951169,2335,1742,96,1838
10871467,261,209,4,213
43414916,1089,728,15,743
98420115,447,279,0,279
65600085,831,822,24,846
22420101,1390,999,12,1011
54680317,614,568,22,590
43991477,1009,671,3,674
76100521,1140,735,9,744
22640026,122,64,3,67
43770720,657,501,2,503
97110244,2223,1730,11,1741
86992846,456,283,2,285
10060018,1251,927,11,938
76490512,182,122,2,124
43350331,1962,1587,46,1633
43500170,662,471,6,477
54590058,2208,1469,46,1515
65030093,141,82,1,83
76240111,1391,708,6,714
66000091,36,27,0,27
43691047,713,587,6,593
97140449,2026,1549,12,1561
86870111,1018,810,8,818
54610231,2000,1366,29,1395
76140031,1029,449,7,456
21860951,1563,1230,26,1256
32850064,4553,3090,18,3108
11810225,633,348,8,356
11810371,502,277,12,289
86991744,404,273,5,278
22421674,313,305,9,314
66010069,43,34,0,34
86662176,1703,1306,10,1316
10850712,302,234,6,240
11080662,595,405,10,415
76480982,145,89,4,93
54880465,845,693,12,705
11790200,287,113,1,114
11071831,143,98,2,100
11810337,494,304,4,308
54650224,2743,2016,43,2059
32950403,2825,2047,2,2049
10810774,205,141,2,143
33310044,1551,1020,23,1043
11790389,867,472,18,490
43691711,689,511,15,526
11771030,525,362,8,370
22420730,1847,1116,41,1157
43670235,2845,1874,19,1893
11751173,664,335,14,349
11650126,845,569,0,569
11771737,356,246,7,253
43415861,346,236,4,240
10910786,404,275,0,275
86990024,892,550,10,560
76270440,25,26,0,26
76370744,628,313,4,317
43584206,158,104,1,105
43415524,995,670,31,701
86553715,358,277,0,277
76050053,1490,1000,5,1005
32960011,2538,1720,48,1768
54620704,276,208,6,214
32862102,2484,1798,23,1821
11080235,627,439,1,440
10841307,455,342,3,345
43371390,6086,4308,0,4308
97400011,666,490,2,492
65330030,149,50,1,51
22470016,1174,711,16,727
65670026,426,320,8,328
32863080,458,485,6,491
54420151,343,293,13,306
32862056,2955,2195,0,2195
10251368,3457,2323,39,2362
97141518,2464,1697,1,1698
54840089,444,269,7,276
22480039,1782,1324,39,1363
54790690,451,529,2,531
97780023,3126,2445,13,2458
86550026,472,285,7,292
32960875,1116,1400,2,1402
33240440,832,837,9,846
43413522,3442,2576,65,2641
97141732,2801,1855,15,1870
32952786,890,1002,14,1016
11460079,325,193,3,196
43625369,880,672,18,690
32870189,3676,2730,17,2747
76300242,619,357,8,365
11790604,698,448,6,454
43991848,669,540,5,545
11751476,591,373,19,392
76291128,359,156,0,156
43416705,726,468,12,480
11620392,399,225,6,231
43362299,1323,1195,14,1209
43690934,514,359,3,362
43993648,496,309,11,320
32930265,1477,1177,12,1189
32930063,3881,2998,9,3007
11720067,384,309,7,316
76200319,1487,1042,17,1059
43994009,524,435,0,435
32870628,1634,1454,14,1468
76150324,1555,780,21,801
43992108,919,616,15,631
22600066,1908,1409,6,1415
11070874,334,249,0,249
76170359,1005,663,5,668
54820032,1746,1152,6,1158
97520249,1479,907,9,916
65440469,1496,1282,25,1307
10890503,116,68,0,68
10590599,714,679,9,688
54400092,532,329,9,338
97770011,692,535,0,535
11610504,458,335,0,335
43400179,1524,1277,14,1291
97140315,2205,1600,0,1600
43993187,245,192,2,194
98400113,4789,2922,5,2927
11640271,966,592,22,614
33110255,2498,2190,6,2196
22120052,217,125,2,127
43400809,1077,949,0,949
11080909,415,310,10,320
97140607,2088,1492,5,1497
43772553,1277,1040,19,1059
76321199,483,263,1,264
22410234,89,31,2,33
10620010,3313,2524,16,2540
43770236,870,505,9,514
43420092,1487,1116,13,1129
10460113,634,483,6,489
54860216,119,89,2,91
43370827,4982,2807,51,2858
76350832,325,200,0,200
97091781,3348,2523,63,2586
11780894,576,378,7,385
76360293,831,529,14,543
54880432,609,450,5,455
32841312,3364,2380,10,2390
32960943,1095,1687,10,1697
43418774,190,173,0,173
43690844,966,692,3,695
10930014,1284,901,16,917
43773419,737,617,9,626
43950753,1352,1130,18,1148
54120147,238,126,6,132
11580791,965,604,6,610
43692666,268,187,6,193
43774601,196,158,0,158
43950719,1171,1060,18,1078
11071448,205,137,4,141
33250867,722,893,11,904
76291038,369,185,2,187
10840609,505,314,7,321
54620579,246,182,4,186
76300084,328,173,1,174
76330245,1255,624,3,627
11751005,632,404,16,420
43691373,845,521,10,531
86742951,928,717,18,735
11570789,432,296,8,304
43415591,570,487,15,502
54610118,1873,937,9,946
76070134,335,292,8,300
22410302,181,123,5,128
10590533,1602,1192,32,1224
33010681,5058,3922,6,3928
11751735,436,297,8,305
43500507,651,492,3,495
10840711,163,113,2,115
11640451,782,551,3,554
10920394,229,169,3,172
86660130,1102,655,5,660
65290035,162,65,2,67
97090881,1995,1599,13,1612
86860020,2309,1661,20,1681
43625202,799,11,0,11
43993660,629,436,9,445
76220063,1394,780,11,791
10180011,820,703,3,706
43773497,2326,1743,1,1744
43691733,750,447,9,456
54320071,1995,1559,27,1586
54880027,235,156,2,158
10240029,1713,1084,12,1096
86552624,1431,635,6,641
11810203,532,324,7,331
76360530,1135,749,8,757
11830328,439,293,5,298
43412093,1115,770,20,790
86551757,1472,746,28,774
43370513,5453,3823,8,3831
76250819,87,57,2,59
43692914,201,145,0,145
11570239,706,538,8,546
43410428,236,111,3,114
86743660,444,428,11,439
76321616,301,240,3,243
43416154,1061,816,10,826
10910405,332,213,4,217
22640239,445,328,2,330
43417908,329,294,3,297
11800516,320,221,3,224
11750947,360,259,6,265
54580079,1862,1094,20,1114
76480319,708,388,5,393
32950122,4795,3363,18,3381
21861110,682,531,4,535
10500028,138,63,1,64
54790230,2755,2159,24,2183
76330470,299,241,6,247
98430183,619,278,3,281
76380598,622,518,7,525
54330218,527,576,12,588
54280076,2635,1899,34,1933
86991542,1394,952,17,969
11080831,427,313,0,313
76070101,394,445,5,450
43991095,510,372,1,373
33250429,1952,1453,24,1477
10300206,2998,2590,7,2597
32871135,2405,2066,27,2093
76270293,650,407,6,413
43950539,1862,1381,21,1402
43560075,264,340,1,341
10590285,2623,1790,22,1812
33110109,429,294,4,298
32870369,2097,1592,20,1612
76340796,168,106,1,107
76310063,1138,682,2,684
11771366,306,234,1,235
22600707,631,435,5,440
11580803,207,155,1,156
32930669,1886,1457,14,1471
86830061,484,76,1,77
86820532,368,215,4,219
22740061,2407,1622,23,1645
32862832,451,339,0,339
54880296,835,550,9,559
33030380,2825,2204,37,2241
76090181,3093,2632,14,2646
86990226,1713,477,7,484
54590306,1445,887,12,899
10790669,120,135,2,137
32951358,1928,1471,8,1479
43503937,1271,1026,35,1061
33080251,448,368,10,378
43773510,1965,1551,15,1566
11070560,639,443,4,447
11560485,782,857,15,872
65410028,781,650,9,659
32910353,1146,1782,9,1791
65090291,84,37,0,37
11820215,890,545,4,549
54260513,1212,1333,26,1359
11831363,273,223,0,223
98340093,256,151,2,153
43500226,759,476,5,481
76420032,2716,1875,22,1897
86990620,962,647,21,668
76360495,795,536,7,543
32931075,590,730,3,733
76140660,345,240,3,243
22210074,1597,985,44,1029
43840076,288,286,4,290
54880016,1330,1025,11,1036
76210905,1519,653,5,658
76150076,1014,660,8,668
10430121,1378,876,21,897
43570188,448,478,0,478
11770422,1426,954,22,976
11780074,610,398,18,416
43501407,474,325,7,332
43415210,760,472,12,484
43584396,145,127,0,127
76130423,484,236,6,242
11630146,764,432,3,435
32950650,1564,1136,9,1145
43625000,387,251,37,288
43620364,619,435,1,436
76141043,411,507,2,509
10871401,269,181,5,186
22110073,80,36,0,36
54880263,555,387,3,390
11200194,1825,1557,27,1584
32980428,2275,2569,12,2581
97142317,972,959,11,970
11810911,464,323,11,334
76540091,329,223,1,224
76320772,284,143,3,146
76150829,511,585,7,592
54360110,1101,753,19,772
76260236,596,269,5,274
76190058,1235,786,18,804
33110244,2606,2332,10,2342
54670103,394,204,4,208
76380622,1342,1209,18,1227
33200020,402,321,0,321
43691081,421,242,1,243
65440728,1117,1057,38,1095
43411902,758,517,11,528
86990710,224,128,0,128
10810112,494,337,16,353
33050078,571,934,13,947
97110479,2359,1626,4,1630
43774342,767,607,7,614
32870202,2699,2183,13,2196
97090487,1913,1751,10,1761
22750321,635,468,9,477
65090369,465,279,12,291
76060043,2339,1388,29,1417
86660309,903,542,12,554
32951000,3912,2662,8,2670
43411520,569,401,2,403
54450165,167,84,3,87
10790388,807,591,5,596
76240470,736,528,7,535
32940604,3969,2611,41,2652
54450187,2772,2399,35,2434
43361399,2401,1895,37,1932
86992611,1943,1035,18,1053
98430048,1361,906,8,914
86661669,1862,1343,26,1369
33010726,3485,2280,14,2294
11590107,288,185,2,187
43770674,357,287,2,289
86992442,57,46,0,46
54870082,767,634,32,666
10980075,594,426,7,433
86740892,316,186,5,191
86820453,372,248,4,252
76380318,1760,1060,17,1077
54650123,5846,4779,26,4805
98240014,2041,1362,15,1377
33090083,2276,1657,40,1697
43390975,2788,2170,77,2247
76350731,434,368,11,379
76260191,1481,330,6,336
43772104,722,529,11,540
87020568,1907,1444,35,1479
43360152,2424,1924,17,1941
76100992,791,729,2,731
43504040,237,148,13,161
10910944,162,124,1,125
11800044,365,187,2,189
10910337,313,195,5,200
76250796,567,335,12,347
43416514,911,750,15,765
10820629,618,390,5,395
32890473,3722,2532,37,2569
76351136,210,173,8,181
76300781,261,235,3,238
10080021,1780,1140,202,1342
86660411,665,331,6,337
43502510,216,137,1,138
10950083,868,554,14,568
97350037,662,555,12,567
32960639,3495,2097,2,2099
98410080,2105,1435,12,1447
76360103,1257,653,8,661
43950450,3158,2587,7,2594
11080099,449,285,1,286
76240324,790,549,4,553
97140629,1954,1257,3,1260
76320761,859,429,3,432
97090544,1938,1563,17,1580
65600063,1869,1443,22,1465
98110076,433,330,2,332
11650227,375,204,2,206
43950023,2850,1363,27,1390
76440102,825,772,18,790
43771855,430,306,6,312
43370568,1184,931,0,931
11460013,422,276,13,289
32950560,3858,2461,18,2479
76221233,578,452,4,456
43772519,352,272,4,276
43581438,386,258,7,265
11800796,461,343,6,349
54680081,2344,1887,21,1908
86960010,2255,1267,18,1285
76170056,1008,726,4,730
10840104,665,402,3,405
54610433,463,431,10,441
43950506,1168,910,18,928
22820295,1091,864,8,872
11771131,961,356,8,364
33060451,2473,1670,29,1699
10330052,588,417,2,419
11800909,288,186,3,189
76290183,845,344,5,349
54650527,2022,2032,29,2061
11630843,425,276,10,286
54880397,1502,1134,10,1144
10251784,1441,1076,11,1087
11630281,970,598,9,607
43951383,430,458,7,465
33240439,1398,1249,16,1265
32863248,571,623,2,625
10840306,484,289,3,292
97540173,830,424,7,431
43730052,2326,1514,18,1532
76080663,651,733,13,746
32950740,2235,1694,12,1706
76150357,789,585,13,598
54620692,113,97,3,100
97950022,1229,1076,10,1086
10850352,359,263,1,264
32950245,4138,2997,6,3003
10840058,598,413,5,418
98300011,615,451,3,454
32840513,5815,4723,10,4733
10090066,1248,652,5,657
10980086,764,551,11,562
43583980,794,678,3,681
11591423,409,269,9,278
54360064,1370,944,22,966
43770551,442,303,3,306
43692734,359,294,4,298
11800527,497,288,20,308
10670262,1653,1102,35,1137
86660646,871,558,8,566
54410295,299,246,3,249
54911055,357,348,9,357
54120091,418,305,13,318
33030458,1893,1220,13,1233
43625235,459,360,3,363
54590092,1915,1151,20,1171
76350999,130,91,0,91
43582620,517,328,8,336
43600148,2554,2071,47,2118
11100159,304,162,4,166
54590070,1606,1114,11,1125
32870594,2433,1680,14,1694
11610188,477,265,3,268
43400922,266,305,2,307
11390688,865,431,16,447
32860717,3791,2782,61,2843
11610076,186,121,2,123
32841086,3470,2613,30,2643
33061115,765,1027,6,1033
86741455,582,378,7,385
33010243,1802,1563,16,1579
43502666,165,116,0,116
22430360,78,79,0,79
32851302,536,729,12,741
21870244,1989,1395,19,1414
32860537,2374,1953,9,1962
11650036,485,300,5,305
86770020,2563,2102,15,2117
22210209,43,38,0,38
54610309,815,615,14,629
22620013,2708,1759,40,1799
11030128,2059,1401,11,1412
43621017,561,374,4,378
86550622,1015,693,20,713
43775253,233,205,4,209
10460089,990,1109,5,1114
76300196,1513,1066,7,1073
11080381,545,366,0,366
10590713,2470,2160,4,2164
11650485,226,154,2,156
22410403,350,241,3,244
97830108,648,321,6,327
11631709,564,352,6,358
86630025,1199,851,1,852
11100306,330,234,2,236
97130932,2021,1572,35,1607
86990800,229,151,1,152
54200034,1962,1268,11,1279
43691968,800,539,15,554
86662413,285,189,2,191
32910241,4022,2396,134,2530
76390140,825,571,12,583
32860728,2925,1332,28,1360
22620035,789,634,7,641
10890198,306,222,3,225
97850010,102,70,0,70
54890309,1288,948,15,963
54130081,999,715,16,731
11150019,790,634,7,641
43774960,117,73,2,75
11640103,1079,556,8,564
43991758,815,675,0,675
76490332,53,68,1,69
11770040,1360,847,11,858
43773420,425,253,3,256
43412015,982,767,7,774
43416727,708,658,6,664
21910025,2217,1579,22,1601
76160606,503,326,4,330
54770014,2224,1797,18,1815
86661850,1100,769,5,774
97091679,1641,1302,9,1311
10251638,3103,2290,39,2329
86910015,2314,1793,5,1798
86590132,2062,1425,13,1438
33010502,1833,1359,18,1377
97410056,1311,1103,16,1119
32930243,1112,803,13,816
86970011,2103,1241,54,1295
76140491,381,200,0,200
86553793,1441,999,24,1023
10850622,203,150,5,155
86990888,1691,1258,10,1268
97091668,2024,1471,9,1480
97860099,719,474,16,490
43950045,2026,1430,15,1445
43993963,1098,745,30,775
97141350,2041,1590,12,1602
54911156,409,430,4,434
22410054,180,131,3,134
43480100,3325,2476,20,2496
97200187,1151,681,14,695
76211344,472,331,1,332
10920529,247,191,5,196
10950241,553,481,19,500
32860212,3179,2568,11,2579
76350843,1007,579,9,588
43770876,1152,917,16,933
33000174,2913,2103,38,2141
10950151,223,163,7,170
43690822,292,197,8,205
33200143,279,245,5,250
97780012,2395,1543,17,1560
10400140,232,180,3,183
86553131,1185,790,18,808
86730273,1048,847,5,852
76260179,883,553,10,563
76300725,430,660,4,664
54510072,2915,1738,24,1762
43415153,121,77,2,79
22020039,608,451,6,457
43840010,1720,1252,17,1269
98380211,1854,1335,15,1350
86580029,2487,1715,13,1728
43361647,2479,1521,4,1525
43502688,348,228,4,232
43414545,957,618,9,627
43410473,1031,622,5,627
76380206,1212,770,4,774
97510035,1338,940,9,949
21861536,561,501,7,508
11580847,379,263,3,266
11810438,963,499,7,506
10810291,815,459,10,469
76100475,595,337,1,338
32863338,2380,2505,3,2508
22640161,245,137,3,140
86661210,1849,1256,25,1281
76120310,1292,790,5,795
11590523,437,258,5,263
43993165,1475,1124,29,1153
65130072,305,235,2,237
86552163,1063,617,5,622
86790055,1514,1108,11,1119
33060721,4357,2824,30,2854
10670149,1798,1173,14,1187
43503195,473,363,3,366
43620498,772,588,8,596
43501058,439,317,3,320
65030150,240,230,3,233
76150537,695,433,3,436
98380367,1075,880,5,885
11830935,219,127,2,129
86662255,470,295,7,302
43991860,168,105,0,105
86820813,201,137,6,143
10580082,130,84,1,85
43775084,280,231,5,236
97140382,2452,1898,12,1910
43770179,472,379,8,387
54380011,290,328,11,339
43501890,350,245,5,250
22470162,1931,1383,29,1412
32900059,1977,1517,6,1523
33250845,505,558,8,566
43362277,2059,1640,50,1690
11090045,206,137,5,142
11780669,272,188,2,190
76341146,214,190,3,193
86743390,1446,1043,21,1064
65070042,871,639,37,676
43414422,897,598,6,604
54870015,240,148,1,149
97520317,2512,1989,30,2019
76200779,396,353,4,357
22750343,153,300,5,305
76280025,964,603,0,603
22600640,660,505,0,505
21861042,1702,1254,9,1263
11600626,368,227,3,230
54590148,1465,966,23,989
76060605,438,324,23,347
11830722,563,345,11,356
86552422,259,178,6,184
11601212,310,253,4,257
32900082,6737,5156,8,5164
86552691,247,134,8,142
10810202,565,335,4,339
43580370,2026,1684,51,1735
10790030,385,238,4,242
33070115,1183,952,18,970
10590274,2852,1876,32,1908
11620235,1161,695,0,695
32861426,1800,1470,16,1486
11600075,661,460,4,464
76060199,1622,1037,9,1046
32860661,3165,2229,1,2230
54620456,278,172,5,177
10890019,396,244,24,268
32930579,1068,817,5,822
54590362,978,723,24,747
11810988,334,215,5,220
86741444,350,170,2,172
76200599,289,229,5,234
43950898,1131,1114,0,1114
97540274,764,471,8,479
86662402,146,93,1,94
97710060,1260,883,7,890
10590139,2306,1559,21,1580
97141103,3863,2422,8,2430
10430109,338,206,2,208
43412026,629,574,11,585
10030026,1744,1215,7,1222
22070045,1206,839,13,852
22710057,1372,997,30,1027
97520081,1328,938,7,945
86740791,691,405,5,410
86660040,787,478,7,485
43414859,330,197,1,198
43622603,485,350,2,352
54130137,603,476,0,476
22600088,2648,1628,11,1639
11820552,183,105,1,106
43920019,3504,2702,39,2741
43362064,2613,2211,31,2242
86662086,1521,1016,13,1029
21861277,2148,1528,24,1552
86661243,1945,1209,21,1230
22430371,46,57,0,57
11080527,405,273,1,274
54910537,567,335,5,340
11070841,383,251,2,253
11800336,760,489,15,504
76510335,370,219,6,225
76250213,878,498,16,514
22400042,231,131,4,135
32863035,618,643,13,656
10251571,1812,1285,22,1307
76220322,1242,672,8,680
43417234,436,307,1,308
87010028,3697,2348,51,2399
11800875,295,204,10,214
33250575,1853,1403,17,1420
43420115,584,546,3,549
43620173,814,567,7,574
10870275,929,598,14,612
76101331,740,450,2,452
65160031,2444,1594,33,1627
21850017,1466,1112,17,1129
43583373,143,93,3,96
32951123,2617,2118,8,2126
10760015,224,137,2,139
32850266,3104,1634,23,1657
22020220,2274,1637,35,1672
43414972,803,575,9,584
22421933,109,109,9,118
86552073,672,366,10,376
97091208,2423,1731,16,1747
11070706,431,276,6,282
22200129,1390,950,21,971
43410316,630,420,7,427
43625505,897,695,8,703
86992554,568,292,4,296
32860111,985,723,3,726
43460063,2292,1681,9,1690
10910562,270,176,4,180
65330153,98,87,3,90
65090358,300,197,7,204
33120021,2349,1716,17,1733
86580052,1366,949,22,971
11811068,301,207,4,211
76170247,1116,684,10,694
76250729,682,366,9,375
76160022,864,545,18,563
98380109,2065,1441,23,1464
11751296,672,427,3,430
10910359,385,238,2,240
11810955,566,378,6,384
86662929,618,430,10,440
11650216,894,578,10,588
43620375,676,461,10,471
76100149,1761,869,6,875
86740982,1564,1128,30,1158
11750172,773,346,13,359
86730015,1225,887,22,909
32862652,1609,1128,9,1137
86992284,521,413,2,415
32940187,1806,1452,24,1476
86991496,1322,740,19,759
33260026,1510,1124,15,1139
76251023,158,84,0,84
43770012,297,216,1,217
11571184,423,301,4,305
10400139,1204,836,13,849
97140922,2663,2247,8,2255
11590871,233,147,5,152
43691137,1325,963,25,988
76110195,64,50,0,50
32961056,480,715,4,719
76211603,362,329,2,331
65780017,1424,1063,17,1080
22600864,383,437,1,438
54630064,1444,1067,24,1091
76110050,2608,1424,19,1443
86820802,95,39,0,39
43500338,1023,712,6,718
43773914,516,365,5,370
33020378,3442,2387,15,2402
10300352,2107,1470,1,1471
86743019,795,549,11,560
54660168,219,171,6,177
76450495,819,882,10,892
86660949,1653,1181,11,1192
11640530,187,153,1,154
43992210,1929,1395,54,1449
54450075,2162,1594,25,1619
22150202,1795,1385,19,1404
43415816,281,225,4,229
54680137,1300,816,21,837
21861604,976,873,11,884
65580026,1559,974,9,983
22630294,29,24,0,24
33100041,199,155,0,155
43621163,1108,733,14,747
43390582,1529,1185,19,1204
76140288,983,653,3,656
54850024,233,362,6,368
10590993,396,351,5,356
11830272,823,625,11,636
11150109,860,660,11,671
97142508,828,833,7,840
86552882,1979,950,36,986
76260113,1308,801,6,807
43775185,207,154,2,156
97540106,1051,562,7,569
22050010,373,301,0,301
10590689,3998,3433,15,3448
43380053,2363,1999,9,2008
97910017,606,574,0,574
10820843,645,624,8,632
10850329,591,376,4,380
86690065,2093,1454,18,1472
86900249,1668,1186,38,1224
11780366,706,414,25,439
97092322,2157,1640,21,1661
43624762,652,403,9,412
54210091,1612,1115,24,1139
86741488,175,94,1,95
32871012,3774,2724,32,2756
54650640,562,719,5,724
86991711,896,634,15,649
43622366,1023,648,2,650
76210646,1419,824,8,832
43417863,199,181,0,181
76320840,900,493,7,500
76260034,1035,643,4,647
43413892,1609,1119,20,1139
43770630,197,140,4,144
54790364,981,748,13,761
97142610,1380,1316,11,1327
43690631,401,267,4,271
10591310,684,600,9,609
22740117,1511,1166,5,1171
43670224,2049,1471,26,1497
43990713,460,249,7,256
32862326,2285,1708,15,1723
86870335,1874,1211,24,1235
32860414,2434,1894,25,1919
76371060,273,243,6,249
98380187,2762,1845,16,1861
21861211,1902,1495,16,1511
32850356,3380,2109,23,2132
76150403,585,378,10,388
76211142,882,471,1,472
76100419,1552,764,11,775
86552679,154,54,0,54
76280430,1889,1163,9,1172
11090012,77,59,0,59
76200566,342,323,0,323
10320028,272,98,2,100
43584464,150,133,0,133
22540160,1495,929,21,950
86821117,2098,1586,41,1627
76290723,630,168,1,169
11780265,470,348,9,357
43413926,1107,701,11,712
11600053,1176,825,18,843
10980132,1670,1116,24,1140
97350026,300,265,5,270
76150201,657,408,4,412
11790660,179,144,3,147
11400028,318,210,2,212
32952562,321,449,5,454
22640105,246,152,8,160
98380233,2227,1677,10,1687
43590113,1871,1809,10,1819
22490063,1261,804,13,817
86660792,875,617,8,625
11771782,469,323,6,329
54210057,1285,858,10,868
76211377,403,296,3,299
76250381,1138,689,11,700
10390070,219,155,7,162
11071819,206,168,1,169
10251290,1447,868,15,883
22400031,156,117,3,120
43501249,1094,693,19,712
22400413,75,43,0,43
10190012,1088,729,8,737
10300071,2822,1969,25,1994
97140067,3927,3333,30,3363
54260490,500,636,9,645
97520227,2136,1307,9,1316
43417481,819,675,13,688
32890103,3407,2389,26,2415
43691801,660,437,8,445
76380093,673,399,8,407
11771085,920,616,4,620
65090268,941,556,17,573
43621758,397,303,3,306
54620580,941,691,8,699
32890653,2384,1646,10,1656
76190205,605,399,4,403
98280210,1324,1049,14,1063
86590187,367,285,8,293
86820183,283,191,6,197
86670108,2822,1576,14,1590
54570393,271,227,2,229
98380277,1497,922,7,929
11760465,486,302,2,304
43740200,3049,2237,3,2240
54600072,3203,2432,39,2471
76341023,479,330,4,334
76350629,1179,697,13,710
10590218,2068,1530,26,1556
76101049,1190,692,3,695
86990619,803,513,14,527
43504804,221,189,5,194
22320166,2021,1579,27,1606
22640149,134,81,5,86
43774229,211,138,1,139
65780028,337,238,5,243
32862977,3636,2652,24,2676
43503757,719,587,9,596
43350050,3959,3748,16,3764
76340886,377,211,3,214
32850109,4045,2716,2,2718
10250895,2847,1856,37,1893
76141054,184,154,3,157
22820329,132,104,1,105
86610012,1648,1142,14,1156
11610942,310,224,0,224
54910391,524,402,6,408
76101016,351,213,0,213
43622669,211,135,2,137
86990406,972,521,21,542
97100568,3727,2728,61,2789
43371446,2382,1566,15,1581
54790533,798,679,18,697
22400020,140,94,2,96
86552994,580,396,19,415
11760566,613,344,8,352
54540187,1472,978,0,978
11620965,431,274,0,274
76480689,648,450,5,455
11800279,354,241,8,249
43504860,169,153,0,153
43414578,1049,600,12,612
43503465,2031,1812,24,1836
54490035,1073,610,7,617
33280129,1209,1298,18,1316
43951013,3363,2710,32,2742
86742872,1570,1248,29,1277
54911011,260,220,5,225
76510560,101,97,0,97
11790154,606,353,11,364
43640041,1674,1267,18,1285
43670796,1004,1147,36,1183
43993930,205,109,1,110
43415951,163,91,2,93
97120212,1085,670,8,678
65640034,289,161,2,163
76341102,208,144,0,144
43371693,2118,1309,25,1334
21990023,869,553,10,563
86743424,167,129,0,129
86820419,785,424,9,433
32840478,2322,1964,7,1971
54760079,1497,1132,6,1138
43390762,2362,1889,35,1924
66000079,22,20,0,20
43991916,637,428,2,430
43570144,1874,1712,11,1723
32960134,1178,677,6,683
10790647,241,190,4,194
11820664,600,383,0,383
76340437,499,294,3,297
76370070,1366,786,6,792
65760026,470,336,4,340
11070931,390,281,2,283
76170472,1415,908,24,932
43400337,2234,1734,24,1758
10840991,344,220,7,227
86661793,336,244,4,248
76470060,2089,1394,26,1420
33010377,1932,1558,7,1565
98170027,1559,1325,23,1348
65530032,321,197,7,204
22200062,2560,1708,39,1747
33250856,257,307,0,307
76220872,290,175,3,178
43990331,148,101,1,102
11070751,274,191,2,193
54910908,341,330,6,336
54890994,438,481,6,487
21870143,2022,1388,14,1402
11560373,734,409,5,414
22400536,74,51,0,51
86660444,1201,778,7,785
32861987,2378,1487,22,1509
43502206,1497,929,7,936
97140810,2311,1644,18,1662
54620827,107,69,0,69
76540125,288,213,2,215
76300433,1101,577,14,591
86741163,188,95,0,95
32860447,1276,924,27,951
43414130,1062,698,4,702
22600606,1306,818,7,825
10250413,2875,1836,21,1857
43584431,304,279,0,279
21861389,805,739,27,766
43411351,629,395,10,405
32850974,2687,1646,58,1704
11620370,670,419,15,434
54580158,1304,860,20,880
10251302,1940,1199,32,1231
86740904,902,653,3,656
76101195,468,324,6,330
76310221,1320,788,15,803
32950177,1797,1342,8,1350
76210983,590,347,2,349
54790353,2056,1534,27,1561
76510043,424,294,3,297
97091477,1878,1252,11,1263
10841194,293,197,1,198
11780164,223,137,4,141
43420069,1967,1488,13,1501
43775219,544,493,5,498
97480020,2163,1270,53,1323
98380413,471,448,3,451
10790197,372,196,3,199
43991444,1134,770,7,777
76251102,232,190,7,197
43371143,4793,3314,19,3333
76240010,805,532,7,539
32851076,3987,2898,37,2935
76490118,1657,1149,6,1155
86990495,730,476,2,478
32850828,3314,2440,33,2473
97142283,3012,2619,30,2649
10940723,269,196,2,198
76080595,345,275,1,276
43391000,428,423,4,427
11820855,459,316,26,342
54890860,464,436,2,438
22240088,942,638,16,654
76230075,654,362,2,364
76160044,1122,777,30,807
10670385,681,639,4,643
86620080,415,254,2,256
32960099,3383,1153,20,1173
11610559,95,63,0,63
54400036,886,870,2,872
10110014,2413,1763,16,1779
11780771,964,715,22,737
54370021,46,25,1,26
76480836,566,423,5,428
76490264,1714,1037,9,1046
54440221,333,261,1,262
10330029,190,136,0,136
10920169,622,410,6,416
43410169,1941,1497,0,1497
65530256,1305,1061,17,1078
43990690,145,75,2,77
43504613,223,174,2,176
11830294,630,432,9,441
32841266,1988,1668,9,1677
54830088,2877,2399,34,2433
43870068,3822,3900,20,3920
54880476,487,445,5,450
32930423,1575,952,15,967
76310401,642,427,1,428
10871456,126,65,1,66
10090123,1047,860,20,880
43692958,126,103,1,104
11750295,566,299,4,303
43582901,1200,955,0,955
97130943,1721,1164,44,1208
54910874,274,243,2,245
86991193,694,530,8,538
10430053,607,415,9,424
65010080,19,35,0,35
43504680,216,169,2,171
86570084,480,391,5,396
54890387,1579,1119,22,1141
76480320,716,423,6,429
43950393,1229,882,5,887
76130838,297,220,2,222
76280643,229,223,0,223
33010535,1711,1391,18,1409
65530144,61,35,1,36
76430011,2831,1892,22,1914
33010333,1183,883,20,903
97280062,1796,672,14,686
32860931,2087,1497,29,1526
32841064,1270,1102,12,1114
11460305,463,340,8,348
54440243,305,255,14,269
76280148,1083,664,9,673
11600200,463,321,3,324
86992509,655,316,18,334
76500266,135,87,1,88
22420842,938,577,12,589
11750228,708,398,11,409
10080043,2650,2227,54,2281
65340019,180,81,0,81
43501126,603,400,10,410
98060025,3494,2483,61,2544
43740277,1031,1037,32,1069
43951372,591,477,11,488
76200858,357,304,5,309
11771355,604,448,10,458
11801157,296,229,10,239
54670237,185,185,4,189
54390034,454,333,14,347
76280665,353,243,1,244
10860353,379,275,0,275
43430116,437,416,10,426
86742298,434,325,4,329
76321256,420,257,4,261
76400265,704,368,6,374
43990229,584,422,10,432
32861011,2327,1471,19,1490
76070022,1746,982,20,1002
43414073,1098,850,13,863
43412970,454,336,7,343
76350797,906,592,8,600
97270016,2345,1934,6,1940
97120144,3226,2878,3,2881
43501272,310,577,2,579
86550521,984,623,4,627
11200127,415,314,5,319
11830463,764,559,2,561
86730295,728,879,9,888
43772328,418,330,1,331
10810628,277,198,5,203
43500721,1862,1374,23,1397
98380200,1429,941,5,946
76100532,1072,707,8,715
43994391,1173,1000,18,1018
86740869,779,443,12,455
76260315,731,544,2,546
86740454,1251,738,24,762
11650407,337,242,7,249
32952157,3369,2156,43,2199
97280163,1921,1669,10,1679
86551397,1587,901,19,920
86740184,1566,998,28,1026
43775422,218,180,2,182
43621422,811,532,12,544
10120071,667,652,15,667
32951741,2498,1591,33,1624
43773431,541,426,2,428
76360776,275,198,4,202
43410710,891,577,6,583
86661625,1466,1130,18,1148
10300329,2101,1593,35,1628
43390964,588,526,3,529
11070043,441,267,3,270
22420257,1126,749,14,763
21861570,554,474,22,496
10920530,128,107,4,111
33250160,1607,1209,4,1213
97140539,1772,1264,19,1283
10820135,1502,1050,19,1069
22110219,194,115,4,119
86991609,729,482,5,487
11831183,557,433,6,439
11071730,211,178,5,183
11030308,848,634,7,641
11800897,390,286,9,295
11390633,794,436,22,458
54330049,1933,1512,8,1520
11770703,808,524,5,529
98430217,332,192,4,196
11560429,982,480,7,487
43400461,3633,2848,67,2915
10920349,896,673,6,679
10840160,488,304,6,310
11800369,546,363,5,368
76060021,3228,1932,7,1939
11830193,716,395,8,403
43500822,921,668,9,677
11780041,944,611,29,640
11280024,1862,1369,8,1377
43991253,1054,854,22,876
43400315,1611,1261,15,1276
32940288,2395,1351,29,1380
76170034,501,304,4,308
11770208,644,351,7,358
86620103,224,221,3,224
76320121,685,306,2,308
76080584,259,202,2,204
97270139,1525,1097,29,1126
76211478,974,708,5,713
11071224,274,238,1,239
43504972,601,533,8,541
54720031,1527,1078,9,1087
43670314,2837,2198,80,2278
32950302,3973,3047,8,3055
11780984,168,149,1,150
11750868,730,447,6,453
32863237,1899,1822,30,1852
22600392,2655,1962,53,2015
43950191,1693,1393,17,1410
76300231,1157,700,19,719
76510212,798,455,7,462
22170035,1284,923,11,934
11800831,172,127,6,133
97090117,2081,1520,20,1540
11580207,780,567,9,576
86553254,864,578,21,599
11080190,587,410,6,416
11610773,290,194,0,194
86551566,85,51,0,51
43412183,1076,779,12,791
43580213,1520,1113,30,1143
11600817,329,229,0,229
43581720,1194,831,13,844
11070997,507,382,0,382
86820633,354,248,5,253
76110061,1260,910,13,923
43691238,760,518,0,518
33210010,1249,963,17,980
11820620,416,253,1,254
33240226,790,497,4,501
86553209,498,312,10,322
22100139,131,83,0,83
11770545,329,171,3,174
11631372,499,258,5,263
11650531,462,295,14,309
10910449,320,221,2,223
43371109,1843,1420,6,1426
54620625,425,298,14,312
54600274,777,798,6,804
76330054,1070,669,9,678
32960897,535,452,1,453
11760140,584,331,13,344
86740757,1199,638,4,642
43500428,1036,706,20,726
32870370,4072,3259,0,3259
86550868,283,155,0,155
43500686,623,428,4,432
54410116,687,549,11,560
10590779,2736,2195,11,2206
32950830,3852,2283,11,2294
54220340,421,330,6,336
10850464,552,308,7,315
76230682,323,266,5,271
43720028,1323,1062,15,1077
54880500,452,409,2,411
54860283,366,355,10,365
54440333,1033,862,29,891
97100209,2038,1702,16,1718
54650011,3993,3000,10,3010
86720160,1013,854,16,870
43412992,615,383,8,391
86552444,468,258,9,267
43371682,1402,869,4,873
43390379,2330,1854,22,1876
11771928,425,313,7,320
54440399,514,427,7,434
33010300,2882,2005,124,2129
43993491,791,604,10,614
76240436,438,380,2,382
86661962,2471,1808,15,1823
86742502,344,190,3,193
43950674,1801,1563,29,1592
86991799,1918,1231,8,1239
43390256,3095,2264,56,2320
10850093,298,197,0,197
33020772,623,678,5,683
10790399,223,167,2,169
22810205,338,110,3,113
11280035,786,572,2,574
32950942,2672,1815,22,1837
33060125,1975,1552,32,1584
97100647,1465,1393,19,1412
76100981,1014,642,7,649
10850284,409,317,3,320
10841172,344,238,8,246
44030045,2080,1835,22,1857
76291061,139,251,1,252
97600024,742,530,3,533
86554053,292,205,1,206
10930069,77,44,0,44
76120017,1531,1239,11,1250
86661399,412,267,8,275
86810014,1979,1413,12,1425
11640608,192,141,2,143
86553085,1321,886,4,890
33070014,3717,2977,11,2988
10890558,297,194,1,195
11771849,348,228,5,233
43690495,976,557,14,571
11630203,797,482,6,488
32861370,1621,1182,20,1202
22421416,294,252,6,258
11821171,287,201,4,205
44050081,487,516,6,522
32841031,2796,2581,26,2607
32940514,2947,2387,8,2395
10910887,145,100,4,104
76240380,333,191,0,191
11810809,263,160,2,162
43621668,620,432,17,449
97470018,2253,1555,4,1559
22340124,450,394,2,396
43450017,3483,2140,26,2166
10670183,1101,712,8,720
43410844,223,162,3,165
76300769,537,443,7,450
11752028,211,148,4,152
86741804,322,63,0,63
32840210,1662,1455,2,1457
11750385,461,191,1,192
54910807,287,222,4,226
43692633,56,38,0,38
10910832,203,151,4,155
10810415,367,245,5,250
11830632,1075,785,12,797
97940010,1516,812,13,825
54900110,322,111,3,114
43990465,448,331,10,341
43994740,297,252,11,263
76170551,455,309,15,324
76220300,1445,693,10,703
10670341,326,209,2,211
76140581,2637,1822,23,1845
43692879,83,125,0,125
10300015,2907,2014,46,2060
54880656,545,490,31,521
10250255,1466,1031,7,1038
54660102,513,353,3,356
86670085,300,282,4,286
10860106,490,296,1,297
54370098,101,79,0,79
76510111,439,249,2,251
43583148,314,252,9,261
76350517,1891,900,18,918
11790345,474,320,1,321
22421630,434,521,8,529
33000310,1908,1577,11,1588
11620505,376,220,5,225
76370474,405,253,8,261
76101207,371,246,3,249
32860188,4739,3073,2,3075
11810821,442,315,3,318
43500776,866,519,5,524
43991994,1326,1099,13,1112
11760612,588,245,52,297
76340303,502,202,2,204
10250772,1155,830,40,870
11800651,201,145,3,148
11630562,413,262,2,264
32851177,2419,1422,24,1446
11390082,655,361,10,371
86662828,1257,881,14,895
33250834,302,377,4,381
76160291,800,531,11,542
32960055,2601,1598,15,1613
54210204,1078,910,6,916
10790029,458,333,16,349
11080459,548,375,6,381
86992778,518,543,5,548
54690037,365,264,3,267
76480375,620,358,10,368
54610501,624,512,15,527
76211692,367,292,1,293
97140540,1704,1222,5,1227
22020017,2156,1542,13,1555
32861347,1682,1230,11,1241
54610242,1486,958,30,988
32850176,1094,1060,8,1068
86740656,1190,778,14,792
43993008,326,202,2,204
11320029,563,399,1,400
65440481,2160,1499,27,1526
43370298,1672,1203,9,1212
54360019,1464,1062,22,1084
11752297,419,377,27,404
76250550,1477,777,19,796
76210815,1667,874,4,878
10900088,296,202,8,210
76070044,2151,1404,7,1411
21861514,314,304,8,312
76320794,1271,712,9,721
98040023,370,206,0,206
54410273,100,102,3,105
43500518,732,344,6,350
97090757,2031,1500,6,1506
86990776,344,214,4,218
97141675,1982,1477,40,1517
11780995,304,231,2,233
65640078,122,113,0,113
43371479,1325,857,7,864
11600468,744,480,5,485
33010546,2548,1535,24,1559
97960089,2958,2138,22,2160
22570017,660,512,1,513
33060552,3992,3323,24,3347
43350308,1953,1648,38,1686
54910076,1962,1451,23,1474
11781288,308,259,3,262
43370153,2402,1940,5,1945
32960044,1590,1211,10,1221
43583889,271,191,6,197
76390027,692,440,6,446
54880533,518,506,4,510
43360534,3399,2424,44,2468
43414152,844,543,11,554
10250761,2506,1837,12,1849
43990555,1126,880,9,889
22720452,351,378,2,380
76080124,980,762,18,780
97142160,1456,1427,4,1431
11820035,315,181,1,182
11770624,1360,907,14,921
11040039,840,612,10,622
22800192,264,116,3,119
33000196,3476,2687,10,2697
86550789,953,679,24,703
43774836,285,268,7,275
43993761,522,388,9,397
43990634,1720,1173,28,1201
97130886,2104,1451,24,1475
21860276,1400,1074,11,1085
10850790,356,255,3,258
43417931,323,288,7,295
76510559,110,81,0,81
54910762,464,489,9,498
86743806,67,69,2,71
43361131,2326,1755,22,1777
43690945,237,189,2,191
43502576,1029,702,7,709
65320017,471,291,0,291
43692330,1551,1068,9,1077
43620049,840,634,5,639
76490444,244,196,4,200
76110117,2152,1310,7,1317
32862214,2068,1596,17,1613
43772935,669,471,7,478
10920451,447,324,3,327
43371895,2318,1693,29,1722
22400592,221,198,6,204
33040156,370,326,5,331
11080505,543,396,8,404
43503331,1198,791,8,799
43412969,713,414,5,419
54650370,1443,1608,3,1611
43580594,811,749,13,762
43500912,590,371,8,379
11821159,400,309,5,314
11620808,1455,998,26,1024
22060066,465,384,10,394
76380789,320,321,1,322
76390049,933,615,7,622
43774702,189,135,3,138
10940464,332,194,1,195
65520064,434,251,5,256
54320026,2023,1386,22,1408
11070403,581,401,0,401
10590982,2023,1489,19,1508
43993873,450,347,7,354
11560058,1624,1182,9,1191
11600086,878,491,8,499
86741545,361,160,10,170
98130078,1763,1235,8,1243
22400503,154,170,2,172
86910419,588,490,6,496
43740288,502,526,3,529
54470044,380,215,6,221
43500967,1334,831,2,833
11080246,576,397,15,412
33110187,359,251,3,254
76400322,1123,637,1,638
76310467,81,61,2,63
43691407,1576,1141,13,1154
43625167,523,405,7,412
11650294,329,205,0,205
43620397,885,666,15,681
54620636,385,276,9,285
76200218,423,304,3,307
11751410,203,133,3,136
76101454,379,336,5,341
97610025,1802,1163,7,1170
43416761,163,127,2,129
76470048,2242,1373,19,1392
86663425,492,279,4,283
43504185,329,243,3,246
11071415,380,267,7,274
76210826,756,420,1,421
76260304,598,418,13,431
43501418,576,450,10,460
76450451,596,754,7,761
10871153,353,237,2,239
76540226,576,251,15,266
11830339,592,405,10,415
86552208,151,28,0,28
32890372,2988,1571,14,1585
76480195,404,243,3,246
86551904,1053,495,7,502
86600066,744,566,10,576
54120226,1224,1044,10,1054
22800079,181,102,0,102
11630214,577,323,5,328
97142137,887,486,0,486
33260037,2412,1711,15,1726
76170269,1268,917,21,938
10300060,2253,2001,14,2015
43991365,1154,917,17,934
43418369,743,670,10,680
32980013,3880,3112,13,3125
76320895,1589,1009,5,1014
11600536,533,341,5,346
54860249,405,405,2,407
11570015,544,396,5,401
65410017,2475,1649,22,1671
43774195,889,701,8,709
43740031,1428,1100,4,1104
22610056,1797,969,17,986
97110053,2605,1591,22,1613
11780388,936,619,17,636
86742557,315,216,9,225
43771248,976,812,20,832
43503623,557,391,5,396
43501733,1851,1286,22,1308
54570203,580,329,3,332
11030061,1481,953,12,965
11781233,231,191,19,210
43501294,357,251,5,256
32900138,5626,4006,50,4056
22010016,730,474,7,481
76200285,797,447,3,450
11570824,535,362,4,366
43415973,558,455,3,458
76250167,209,119,1,120
43691014,907,1005,24,1029
11630371,620,320,5,325
22600415,1021,614,2,616
43414679,1215,816,9,825
54620322,1291,699,13,712
54670192,378,246,0,246
43583867,291,218,2,220
32851335,981,1014,8,1022
43415298,351,239,3,242
43621994,363,246,11,257
32871427,1563,1698,17,1715
54260254,2503,2079,13,2092
86552534,2035,1420,21,1441
86850030,3911,2897,35,2932
54880522,387,329,6,335
11770466,1262,938,14,952
86870368,875,731,12,743
97091040,2752,1933,0,1933
43584093,2221,1675,30,1705
86551577,141,84,1,85
44060071,514,696,12,708
22120298,144,119,0,119
33250744,819,821,8,829
43625730,315,226,11,237
54650066,2190,1720,10,1730
54520028,642,756,3,759
76230110,753,350,6,356
65440267,2712,1677,12,1689
32850480,5773,4007,38,4045
76160662,1225,692,12,704
43991051,582,453,10,463
22150314,1192,907,8,915
65340053,49,45,0,45
10020025,1542,1157,8,1165
97142340,1585,1410,193,1603
11831105,358,284,6,290
10570025,1443,966,14,980
32840399,3299,2413,17,2430
76300512,699,366,6,372
86661872,1112,752,13,765
11080044,407,249,3,252
76180271,178,116,1,117
10850510,483,273,26,299
86550981,403,246,7,253
32841749,1281,1507,8,1515
76211333,160,114,5,119
76211704,395,315,4,319
43560031,2302,1620,11,1631
43550041,1388,1271,15,1286
33110378,433,685,14,699
11070469,560,410,13,423
21870109,1461,1032,22,1054
43371929,880,705,4,709
21861840,1237,1013,21,1034
65940026,853,680,2,682
43390458,3654,2544,0,2544
43580538,709,549,14,563
76221211,492,391,3,394
43503139,418,297,1,298
76080371,420,187,2,189
97090713,2597,2095,35,2130
54840157,1760,1452,30,1482
10940408,216,133,2,135
32871315,2521,2110,11,2121
43991556,553,227,4,231
54540659,709,592,13,605
43990847,760,546,10,556
76220715,548,290,4,294
21860636,1594,1121,27,1148
43620500,723,492,4,496
86553276,176,72,0,72
76370250,1623,920,7,927
11560317,2083,1468,41,1509
86660310,1089,592,5,597
32950188,2492,2069,10,2079
86990518,771,468,5,473
54270053,1532,1488,26,1514
11830306,495,334,6,340
11390026,1110,771,13,784
86662761,143,95,0,95
76220366,1663,870,8,878
43371187,2266,1646,26,1672
22450047,1158,745,10,755
43770461,884,614,10,624
11810012,502,300,9,309
11570701,881,575,3,578
97550174,388,226,9,235
11060031,1674,1037,8,1045
11460170,378,260,2,262
11040051,792,631,4,635
43584475,587,514,10,524
10270077,861,719,7,726
43950315,2214,1825,1,1826
76390195,739,536,5,541
86550385,509,297,7,304
76400490,98,70,0,70
76220524,1274,608,9,617
54260265,2241,1825,30,1855
11390318,655,471,10,481
54680429,672,638,13,651
43410215,1775,1183,22,1205
43411700,948,628,4,632
11820103,1088,727,11,738
76291106,40,13,0,13
97100579,2862,2005,23,2028
97093288,2392,1522,5,1527
43502723,1056,709,12,721
43411317,1049,714,10,724
43360905,2171,1647,17,1664
32841750,1286,1614,13,1627
54890961,346,314,5,319
10940655,281,185,3,188
32862001,1612,1208,15,1223
86741365,1721,1282,0,1282
32940086,2286,1828,24,1852
86991115,2408,1560,0,1560
86590198,2252,1738,44,1782
76510403,283,167,0,167
33250092,3424,2934,4,2938
86820149,179,94,3,97
22421180,1949,1373,35,1408
97090803,2116,1678,12,1690
10851139,305,199,2,201
54670114,1406,754,9,763
33250788,836,974,3,977
43622760,1094,744,10,754
32890800,1203,1203,0,1203
11560418,1368,964,19,983
54590238,1960,1361,24,1385
43418099,311,229,13,242
22400525,165,156,2,158
33150103,66,40,0,40
86730048,2594,1744,34,1778
54470178,497,412,7,419
97410078,2083,1520,7,1527
86790077,575,469,10,479
11630236,809,452,6,458
76120219,377,299,6,305
22630014,111,76,1,77
11650340,422,220,8,228
43400595,1977,1621,23,1644
43584363,203,144,4,148
86870199,1774,1367,18,1385
11520021,286,389,2,391
11460259,295,206,2,208
43625875,253,210,3,213
10810336,543,369,2,371
11640293,800,398,7,405
43583496,322,249,0,249
43360567,2257,1877,14,1891
10860139,573,356,11,367
11570431,574,315,6,321
21860164,2211,1474,0,1474
43501328,797,555,4,559
43414758,986,532,14,546
97130639,1923,1474,14,1488
86741321,951,598,9,607
43991387,949,646,18,664
43370209,2383,1466,10,1476
22340034,1444,941,0,941
21870547,381,336,6,342
97091523,2220,1323,11,1334
76320165,958,516,6,522
32930940,1980,1497,19,1516
33120054,4021,3376,65,3441
76290172,899,400,4,404
10590825,1726,1271,11,1282
54410363,475,488,15,503
32960921,1202,1021,13,1034
43417346,680,529,11,540
11591524,301,273,3,276
54890196,1131,811,5,816
76350786,510,353,4,357
22600628,2216,1570,21,1591
54230015,2473,1793,9,1802
11071774,286,201,0,201
32851188,1340,1671,5,1676
76340392,1172,695,6,701
10841419,132,98,6,104
43580976,221,142,0,142
97770022,1539,931,10,941
43418954,761,802,10,812
43502138,1421,864,18,882
86580344,243,188,3,191
32860133,3190,2434,8,2442
65200025,276,220,0,220
32841299,2159,1580,24,1604
22110455,266,451,3,454
54590496,419,395,11,406
65860061,28,30,0,30
86662895,1036,692,13,705
43480199,1817,1340,6,1346
76200173,680,273,1,274
43730063,1216,1512,13,1525
98400135,3427,3044,12,3056
86554334,963,897,7,904
43621646,1042,666,16,682
76340976,361,233,2,235
43418718,684,595,18,613
32841637,806,965,6,971
97280208,885,755,1,756
76190418,1084,743,14,757
76190272,744,478,5,483
54790184,1413,1198,3,1201
33060653,5169,4019,29,4048
32862865,1758,1400,26,1426
33110019,242,151,3,154
86552949,1009,846,16,862
43371480,3165,2651,21,2672
32861336,2090,1565,22,1587
43420025,1927,1622,13,1635
87070024,983,814,8,822
43993727,287,250,12,262
32960493,2546,2205,12,2217
54760013,2696,1907,21,1928
32950874,3601,2885,4,2889
86870177,1666,1289,15,1304
11610133,359,215,3,218
43775310,462,498,13,511
10871254,478,348,0,348
54860115,815,559,6,565
76230389,305,191,3,194
32951640,3013,2319,20,2339
64990031,124,93,3,96
54590340,1944,1416,36,1452
33240035,1873,1357,3,1360
32960347,2452,1753,16,1769
86662110,2781,1877,40,1917
76101364,574,378,0,378
87030019,2124,1370,45,1415
11460158,713,435,10,445
76490174,1265,816,13,829
54620366,893,503,5,508
32840771,2780,1793,24,1817
32930108,2897,1885,21,1906
54890624,1621,1137,7,1144
43600126,1905,1534,33,1567
21861716,244,266,1,267
22540205,1383,1083,7,1090
54900097,1974,1561,43,1604
43502846,869,687,8,695
22330011,2251,1540,19,1559
22410032,402,264,5,269
22800237,97,58,2,60
54130014,1729,1127,13,1140
97120380,2878,2233,1,2234
86910374,2089,1766,2,1768
43590067,1771,1386,27,1413
86820318,389,310,6,316
97110198,2156,1613,16,1629
11601188,441,316,4,320
43410462,851,566,15,581
10820663,294,205,2,207
86742805,200,141,8,149
54890433,1344,983,27,1010
76270327,558,275,2,277
22340045,1416,1001,17,1018
33250249,1845,1212,15,1227
43740165,1228,1059,21,1080
11810865,344,218,4,222
10820012,318,201,6,207
10851195,404,309,11,320
43501340,272,196,4,200
43503230,483,367,8,375
32951729,4202,2998,29,3027
86552084,399,265,10,275
21860962,1863,1284,23,1307
11830171,963,695,25,720
22421089,1387,906,20,926
97141934,2564,2395,0,2395
76210411,1165,653,12,665
76470150,246,255,0,255
43994672,88,47,4,51
43994087,459,333,11,344
11831251,394,321,7,328
11060086,1255,905,8,913
11780018,862,567,10,577
86991687,1344,480,14,494
43740198,2384,1982,36,2018
43503375,189,120,2,122
43582990,720,581,14,595
11770411,823,497,11,508
22650016,92,58,3,61
33270027,2641,1808,10,1818
54490091,260,239,6,245
10810448,688,406,1,407
11780399,380,206,20,226
86580142,1749,936,12,948
10920259,482,318,6,324
54440210,460,361,6,367
32862742,4716,3179,42,3221
10910629,412,275,4,279
10430031,663,521,1,522
43417874,534,446,6,452
43411328,556,407,7,414
22390028,1433,722,24,746
43625257,1208,1059,19,1078
32841727,779,795,8,803
54790027,1583,1550,4,1554
33020211,2290,1787,0,1787
43770764,517,366,4,370
76140176,974,557,3,560
32841356,1683,1353,11,1364
76250145,1000,397,14,411
11770916,663,400,8,408
86810025,680,519,19,538
43583283,2044,1708,26,1734
76330380,748,471,12,483
11800594,171,113,0,113
86770109,300,222,7,229
86661681,2438,1805,48,1853
86663144,361,296,5,301
33110402,2207,2418,3,2421
10920192,662,446,11,457
32950717,2591,1878,21,1899
10251492,1757,1201,13,1214
76250415,1104,670,15,685
22740027,2076,1608,4,1612
86741264,1065,759,15,774
10840283,748,504,12,516
76340415,939,527,4,531
97270140,1075,796,9,805
10251694,1734,1800,5,1805
10790502,91,61,0,61
11751421,253,155,3,158
86553805,1163,1001,25,1026
97280185,1190,681,8,689
86570017,1781,1270,10,1280
11790367,275,205,1,206
97140393,2236,1663,33,1696
76150616,1005,637,15,652
10490059,387,193,1,194
43500192,98,86,0,86
86992688,307,221,6,227
11772020,212,165,0,165
11610829,210,126,0,126
86991159,302,227,4,231
10910539,392,240,10,250
43583058,3506,3017,30,3047
76130636,654,443,8,451
43411856,2725,2064,32,2096
43772878,685,475,14,489
97120481,2634,1425,0,1425
43504501,278,228,4,232
43480302,340,358,1,359
43390076,2571,1992,11,2003
86740027,907,532,16,548
32952203,1611,1349,1,1350
33280118,664,836,4,840
11380025,131,83,1,84
32841558,1866,1740,23,1763
43501621,613,397,6,403
33010760,2955,1909,28,1937
43994571,969,967,9,976
43502408,635,387,6,393
86662390,1695,1194,14,1208
11590556,388,217,5,222
10090099,511,359,2,361
11760533,290,178,2,180
86910486,338,307,6,313
54840045,269,185,3,188
43994065,1063,808,12,820
33030133,2546,1884,27,1911
86680053,1297,1076,25,1101
10940813,161,111,3,114
32890631,3038,1937,0,1937
43774162,174,145,5,150
76280867,187,304,3,307
86910161,1763,1114,1,1115
76300107,1528,579,9,588
10940150,513,345,3,348
11200037,1176,707,10,717
54440401,285,258,7,265
65810022,1946,1540,8,1548
22350024,1981,1069,28,1097
86660680,831,547,11,558
43691812,342,235,7,242
32870954,4652,3522,41,3563
22400187,322,222,5,227
11640136,522,337,2,339
43503904,362,276,3,279
76400366,1020,459,8,467
98090017,399,266,6,272
98070093,181,123,3,126
43772058,505,341,1,342
76170292,632,457,3,460
22600684,1100,1031,0,1031
65090134,566,343,13,356
11631631,314,303,11,314
33250586,2539,1780,27,1807
22420886,1303,864,11,875
54860104,1862,1144,15,1159
86930163,1093,969,24,993
43771192,863,673,11,684
32860481,3507,2499,17,2516
43730142,593,501,5,506
76300646,581,395,5,400
43990948,444,288,12,300
43350409,1641,1108,29,1137
43581708,383,242,3,245
97092210,1881,1710,15,1725
43583216,680,563,7,570
76400311,964,500,3,503
11591287,476,342,3,345
43992434,222,150,3,153
86661311,736,473,8,481
43771754,761,637,25,662
98400045,2198,1588,28,1616
54600049,2045,1616,11,1627
43370131,2220,1635,12,1647
54880094,1997,1786,8,1794
97590022,996,814,2,816
54660124,196,139,2,141
43501700,318,191,7,198
54910717,332,288,4,292
11631125,207,124,3,127
33250597,878,699,7,706
43622186,918,694,23,717
43418886,424,384,10,394
43670606,2146,1787,34,1821
22250023,1135,659,5,664
10841408,170,116,1,117
54330106,1756,1321,24,1345
43581719,1199,889,10,899
54650572,464,869,18,887
10900011,1159,717,2,719
76140682,787,505,9,514
22070056,1368,907,110,1017
22080046,289,133,0,133
98350049,367,209,7,216
76350944,1095,791,10,801
86741770,173,77,2,79
76270114,1163,569,11,580
76321155,601,335,0,335
10870310,808,561,11,572
32870909,3129,2403,17,2420
32861909,2117,1805,13,1818
76120129,558,374,0,374
86553951,123,98,1,99
43994593,596,523,5,528
86992644,956,814,19,833
54910335,1618,1168,25,1193
86820565,171,132,0,132
54650639,834,903,5,908
86590075,2106,1531,12,1543
97980036,2646,1951,6,1957
11560407,469,392,2,394
11070278,275,177,5,182
22750196,2931,1890,42,1932
10770038,400,376,0,376
32863406,1956,1509,47,1556
22110040,95,67,0,67
11760915,380,241,7,248
76321290,180,113,2,115
10810190,565,314,0,314
97091253,2832,2240,10,2250
97091488,2204,1443,16,1459
43750032,474,386,8,394
54740066,1974,1565,21,1586
10580026,1619,1130,20,1150
10910652,166,90,6,96
43418178,562,437,12,449
21870659,514,451,10,461
11811259,287,217,5,222
11100081,571,399,9,408
10820764,265,180,1,181
76300286,1462,927,14,941
11620897,483,359,14,373
11630540,457,251,8,259
43620937,568,390,6,396
11800426,299,177,3,180
86740465,823,541,15,556
43690192,886,630,16,646
76250651,153,81,1,82
76170203,1010,623,19,642
43622490,673,447,16,463
11070391,260,188,13,201
22420370,1343,838,33,871
97100063,4575,3061,71,3132
76140413,1026,694,22,716
76340482,293,196,3,199
32861167,3087,2306,13,2319
76210747,930,613,11,624
76130142,631,300,3,303
32950201,5811,3231,16,3247
87010017,3502,1960,18,1978
43416132,1474,1109,28,1137
97120548,1336,1432,6,1438
76170584,655,405,11,416
10810033,431,309,0,309
86992521,1418,1132,0,1132
22820239,106,110,3,113
65810011,2901,2037,34,2071
76350270,247,134,3,137
65520132,152,94,3,97
54650471,1243,1064,14,1078
43625796,226,188,1,189
11831071,272,217,1,218
22420572,1200,818,13,831
97140135,2782,2183,20,2203
43771237,729,631,7,638
76100789,1175,480,2,482
54620681,401,286,8,294
76220030,1107,568,8,576
33110154,271,206,1,207
44070072,594,512,7,519
97142531,635,643,0,643
22421573,379,318,6,324
11821115,468,345,11,356
33240169,1779,1100,29,1129
54390045,340,278,9,287
76530168,1037,799,7,806
22420055,323,193,6,199
97110345,3110,2681,4,2685
76101184,429,313,5,318
86910037,1842,1239,12,1251
43410888,808,570,2,572
87020108,4751,3241,0,3241
11060097,488,349,2,351
76230581,95,72,0,72
22290016,1860,1108,23,1131
86554323,433,466,9,475
22600460,323,147,1,148
44050047,2383,1272,3,1275
32871236,3048,1971,18,1989
43670505,2075,1597,31,1628
76210220,1011,518,7,525
21960020,589,468,0,468
76370755,145,93,1,94
97091343,2591,2019,21,2040
10240052,2825,2236,12,2248
86661265,1350,794,16,810
76221042,577,416,2,418
76290217,685,411,1,412
11590017,384,245,10,255
76170742,1260,1103,12,1115
22720058,1754,1180,2,1182
22210120,914,751,8,759
43580617,1951,1658,28,1686
33200097,270,232,5,237
76250932,392,349,4,353
76270529,463,423,2,425
32930142,2338,1769,16,1785
76140389,1052,663,4,667
76101050,881,573,8,581
76360529,1227,817,11,828
11820248,337,157,4,161
11310028,490,317,9,326
76470093,498,378,3,381
54910706,510,503,0,503
11020082,347,274,3,277
43410765,413,294,8,302
10830024,146,93,0,93
65290024,94,59,1,60
10300408,801,626,5,631
54230161,1162,1184,6,1190
76211355,275,210,8,218
11500029,1360,969,9,978
76140299,944,628,9,637
76190306,305,199,0,199
76250291,819,353,9,362
54910627,414,350,5,355
65800010,677,513,1,514
22150156,2265,1720,6,1726
11781064,540,380,12,392
98430015,1072,740,7,747
86991845,658,473,7,480
22720395,251,283,5,288
76150111,880,513,10,523
11770994,1073,652,28,680
76280182,667,321,0,321
33010849,1667,1498,5,1503
54890084,762,650,5,655
86741871,384,289,5,294
11160199,79,53,0,53
43504253,243,192,1,193
87010084,1224,956,26,982
54911112,380,356,5,361
43600036,2937,1625,13,1638
32871258,887,795,2,797
22120030,138,61,3,64
11160032,1314,919,18,937
43670651,1358,1014,19,1033
43584127,272,203,0,203
86750039,59,37,1,38
43350195,317,222,2,224
86870425,993,830,2,832
43950584,2196,1378,12,1390
11160043,948,730,3,733
43620768,827,525,14,539
43691058,1157,795,5,800
43390986,1366,1309,9,1318
32841244,1785,1260,17,1277
11800291,342,223,4,227
43890015,1887,1598,21,1619
43370838,2528,1936,22,1958
97220011,2259,1610,36,1646
76351114,437,324,8,332
76320558,1377,952,23,975
43692161,1091,733,6,739
86742568,550,339,15,354
11831150,501,422,6,428
32951246,2241,1650,9,1659
43740053,1772,1370,11,1381
76210039,609,270,7,277
33000141,2173,1623,16,1639
76211669,205,177,3,180
43624852,765,629,15,644
43501351,130,82,1,83
76300589,5727,3818,13,3831
43390481,3022,2241,24,2265
22410324,173,114,2,116
86590097,2283,1704,26,1730
76300837,304,221,0,221
10810235,704,450,0,450
11810180,796,424,5,429
76250741,683,483,7,490
22610102,1043,766,12,778
10670060,945,670,5,675
32860942,2258,1569,17,1586
32930951,993,810,13,823
43360837,2089,1632,51,1683
87020355,3496,2462,18,2480
86870470,1181,1124,5,1129
11620921,320,175,0,175
54610321,1131,1254,8,1262
97091084,2318,1632,101,1733
11600198,408,324,11,335
97142597,2703,1982,33,2015
54600218,2084,1618,26,1644
11761073,146,102,5,107
32951303,535,376,3,379
43773756,710,623,3,626
11620549,198,125,0,125
65440098,2345,1790,31,1821
43413904,991,665,12,677
33030098,2230,1740,19,1759
43416682,1081,883,14,897
33020110,2764,1801,22,1823
32840658,1223,947,15,962
54910852,504,393,1,394
43991343,558,401,9,410
86992239,313,182,4,186
43583362,387,291,3,294
11800202,563,327,7,334
43994234,306,264,0,264
54870138,792,313,1,314
43640030,2679,1948,27,1975
43620409,1183,865,14,879
76230424,692,410,3,413
11690119,549,404,10,414
43581449,392,275,0,275
33260295,2544,1727,4,1731
43773262,466,377,10,387
43413959,951,518,8,526
43625976,284,266,3,269
11750734,771,442,10,452
43991769,646,480,1,481
76290138,757,397,3,400
54450200,91,75,2,77
22750376,233,223,0,223
43390324,1692,1456,29,1485
54620377,900,478,13,491
11570745,518,331,11,342
11571173,369,242,4,246
32940299,4204,2695,44,2739
76320457,882,424,9,433
97840053,818,513,3,516
43390919,1181,881,69,950
76280306,1306,435,10,445
43415456,812,476,21,497
97140999,3456,2810,2,2812
11780467,729,477,21,498
97092175,1104,852,11,863
32890484,4967,3707,3,3710
86770097,477,358,3,361
97490021,1696,1034,12,1046
76370339,178,149,3,152
86742063,1042,859,13,872
43994290,337,228,2,230
86742265,130,90,4,94
43771811,896,572,14,586
97131247,879,1096,3,1099
86552859,131,93,0,93
22400244,336,141,6,147
10460056,3235,2041,37,2078
54220081,902,631,14,645
33010412,2025,1459,15,1474
43362042,3623,3090,75,3165
97800172,247,244,0,244
76220445,1463,839,4,843
32862157,2611,1889,38,1927
43582350,950,744,19,763
54340040,1347,1030,24,1054
43774779,1770,1343,10,1353
22150268,185,257,4,261
86990305,478,278,8,286
76481073,365,280,8,288
43774959,519,471,5,476
11810472,699,459,9,468
97141664,1709,1039,15,1054
76330593,376,312,2,314
22600022,2617,2028,11,2039
76210613,650,326,2,328
76120264,669,437,9,446
54610376,1040,782,16,798
22780054,871,684,13,697
76321638,173,211,2,213
32980035,5109,4398,17,4415
10910067,262,164,3,167
86991036,1128,788,10,798
22150178,1835,1270,22,1292
54410453,80,90,0,90
43360871,2758,2109,74,2183
22740049,1146,758,16,774
98380345,1266,1005,59,1064
22070023,1786,1097,32,1129
10251289,2303,1317,25,1342
43504679,161,140,5,145
32860672,2359,1673,26,1699
76350540,321,150,4,154
33061159,1307,1566,33,1599
11060075,1125,775,0,775
54880173,552,389,2,391
43350522,638,506,2,508
76510133,759,528,7,535
43416929,298,234,5,239
76490365,384,300,5,305
86991957,384,237,1,238
76211007,1831,879,14,893
76250268,386,233,0,233
97100546,2605,1746,43,1789
43991062,404,312,10,322
76100868,741,386,3,389
76290891,601,306,1,307
86742591,264,116,1,117
32850299,4152,2871,15,2886
32870213,3702,3084,5,3089
11600457,984,581,13,594
43773925,1456,1144,20,1164
43670639,1226,1001,21,1022
33060361,3137,2080,24,2104
11580533,907,561,8,569
43417290,270,213,0,213
97820017,1031,722,16,738
33030346,1740,1360,22,1382
76360170,911,647,7,654
86991812,1042,635,13,648
76340099,705,368,3,371
11160177,134,96,1,97
43418437,401,436,6,442
11771669,515,363,7,370
11640215,1336,801,8,809
10250660,1642,1182,11,1193
10120059,2999,2189,24,2213
32950458,4928,2061,8,2069
11591388,308,223,7,230
10090145,230,197,0,197
54850013,579,557,6,563
97110356,2716,2232,4,2236
11801102,91,67,5,72
86770176,385,343,5,348
65150018,2372,1801,42,1843
11790749,801,674,10,684
10670127,665,480,10,490
22690076,970,678,14,692
76100385,1759,1052,7,1059
33010580,1248,1307,15,1322
76080393,1961,1580,26,1606
86662042,1169,790,8,798
10790467,174,109,1,110
65530245,79,44,0,44
86553647,740,527,19,546
11811091,305,200,4,204
11650249,584,461,3,464
43740097,2185,1795,3,1798
10871108,694,520,3,523
76440012,2298,1669,4,1673
11570970,381,287,2,289
86730138,2975,2053,39,2092
76280373,1569,819,14,833
11820754,668,499,10,509
76190036,534,299,1,300
54880386,850,600,10,610
76260562,449,353,2,355
11071561,273,200,2,202
54470145,228,161,9,170
43582978,2385,1870,35,1905
76120084,761,419,11,430
11590152,360,216,2,218
33090072,2234,1806,17,1823
43502330,369,193,4,197
43930065,621,557,15,572
11640383,267,184,4,188
54890679,1344,1037,16,1053
76200678,411,348,4,352
76211131,1576,928,18,946
43360747,2584,2078,30,2108
33110424,91,99,1,100
10390036,724,414,11,425
54910784,810,663,0,663
11620011,374,279,1,280
86870313,2400,1602,26,1628
76220782,1517,841,18,859
10790557,146,97,0,97
11650867,353,275,8,283
10591376,1614,1408,24,1432
86991227,383,254,4,258
54890219,1155,844,17,861
43504950,465,362,3,365
32930276,2227,1578,13,1591
43775039,182,208,3,211
10841284,159,114,0,114
87030020,608,332,5,337
10140017,2907,2175,3,2178
76230660,209,144,0,144
10940082,223,129,4,133
32940132,2375,1996,11,2007
86551117,720,423,17,440
11600266,851,489,2,491
11630898,363,229,3,232
11800729,295,205,1,206
11752084,181,118,0,118
76080168,1748,1015,15,1030
86553423,1349,975,23,998
33060260,1506,1293,10,1303
86910633,420,271,7,278
86990989,437,332,4,336
33010692,2455,1649,17,1666
43502677,1120,740,7,747
76480308,1343,780,10,790
97520160,2371,1631,36,1667
43772340,2124,1549,20,1569
11810247,663,310,2,312
43691418,752,485,13,498
43372010,728,847,5,852
76210590,1586,682,11,693
76360305,995,608,4,612
43390391,5014,3829,18,3847
32900026,2518,2131,12,2143
22210131,1584,1131,22,1153
86600099,593,542,15,557
11631787,403,272,2,274
11760195,669,438,3,441
97120537,2955,2449,5,2454
11580544,418,305,1,306
32862539,2351,1571,25,1596
10880018,65,26,0,26
54580271,1017,712,22,734
97130415,3332,2282,0,2282
32841592,1642,1532,24,1556
76220883,904,524,4,528
11650238,641,490,7,497
11630911,627,358,6,364
43770966,455,516,8,524
43380086,731,717,17,734
43622108,2192,1668,36,1704
10870163,983,741,2,743
11581084,1367,1003,21,1024
86820116,123,34,0,34
32980327,761,638,7,645
11790075,630,350,8,358
43950966,1673,1422,2,1424
10820304,656,488,1,489
32863417,674,710,2,712
97100759,1943,1599,18,1617
76080450,465,408,7,415
32862674,2672,1884,18,1902
10820056,457,314,3,317
11590051,515,213,1,214
97100524,1135,1115,3,1118
43992333,664,471,9,480
43371558,2369,1679,20,1699
32890743,556,966,2,968
10180066,762,493,0,493
43417739,270,198,8,206
54890770,669,566,5,571
22770064,2004,1271,13,1284
76250763,971,637,20,657
54120103,896,682,6,688
43770056,518,342,16,358
21870648,580,510,17,527
33080150,2403,1706,24,1730
97141383,3079,2313,25,2338
65760048,400,276,2,278
43994728,560,545,13,558
86743176,462,308,11,319
10591118,695,531,4,535
86661153,1114,720,13,733
10910056,167,109,12,121
32900127,4642,3231,26,3257
32910342,3932,3631,33,3664
43371211,1276,1013,11,1024
76340549,215,133,1,134
54910313,1221,953,16,969
10980110,1191,854,23,877
86661906,552,357,7,364
76480588,961,576,6,582
76220995,529,328,1,329
22400323,376,248,6,254
10871186,560,381,6,387
11821249,221,122,7,129
54650516,1986,1812,8,1820
21880021,1511,956,20,976
11811237,282,13,0,13
76500053,315,172,0,172
76280249,1017,582,3,585
43411047,1031,743,6,749
33150080,743,474,11,485
54890983,299,272,2,274
86940041,1980,1376,28,1404
43773150,614,350,8,358
76160943,743,592,0,592
10250682,1656,1283,17,1300
86553029,257,137,2,139
21880054,753,581,10,591
43950157,1240,856,11,867
65000135,1643,1212,14,1226
65020058,137,104,0,104
76380240,656,487,1,488
97091400,2316,1769,11,1780
43990746,842,510,15,525
97091837,2969,2291,40,2331
43400045,3783,2891,14,2905
43992399,998,763,9,772
43415276,251,171,4,175
65390070,1326,1011,24,1035
76190474,1110,873,15,888
43620331,690,472,4,476
43991657,268,188,6,194
11580083,660,356,2,358
33090252,3579,2694,63,2757
33010175,2488,1331,46,1377
43582855,495,394,7,401
98080061,635,442,1,443
11650676,224,160,10,170
54880319,1194,919,30,949
10590881,2422,1943,11,1954
43670112,2383,1603,24,1627
32930388,2162,1567,29,1596
32900093,4808,3974,42,4016
43371626,1574,1039,17,1056
22150224,1472,1153,17,1170
97142159,2381,2110,27,2137
10251650,2806,1948,25,1973
11570633,695,415,18,433
54440052,351,260,5,265
11610717,147,113,3,116
43360017,2931,2157,0,2157
32960998,865,1059,6,1065
43361995,675,534,3,537
76130164,559,262,9,271
22150134,844,586,11,597
11650519,320,215,1,216
87020210,1968,1200,17,1217
22780010,1937,1247,44,1291
65420052,78,123,2,125
11571038,419,286,1,287
43370445,3979,3175,56,3231
76110263,357,204,5,209
10870084,279,114,4,118
43692172,1188,828,12,840
43420047,2488,1586,16,1602
76170720,411,311,1,312
22590143,1395,1021,23,1044
43580842,477,345,2,347
11751320,479,305,7,312
86740601,1647,890,2,892
44030067,2879,1713,12,1725
10810662,281,176,5,181
86551971,1247,751,25,776
43390188,2626,1848,10,1858
33250553,2809,1944,49,1993
43991961,1068,796,19,815
76080405,653,618,13,631
98250037,1374,875,5,880
22210243,252,211,2,213
97200042,1921,1763,8,1771
76100161,677,450,4,454
22600190,1292,807,6,813
33200110,140,72,0,72
87010062,399,252,1,253
10251762,1179,1006,6,1012
33260330,1501,1420,3,1423
54620467,723,509,12,521
97730040,3823,2379,35,2414
54420038,335,219,3,222
65270011,918,712,11,723
43950708,2075,1831,9,1840
43583968,421,344,6,350
86552916,533,398,6,404
43504163,676,593,5,598
65000236,881,690,20,710
11460136,829,909,25,934
43417391,254,166,2,168
11380069,26,24,0,24
86992745,214,220,0,220
76320198,432,238,0,238
32952540,1015,1072,13,1085
76160246,1661,946,22,968
54240016,1901,1290,34,1324
86552826,395,294,5,299
11761163,83,60,1,61
43620139,303,186,1,187
44030090,1806,1482,11,1493
76130085,1066,627,6,633
11590310,390,232,1,233
86940074,413,333,11,344
86551465,1258,751,18,769
44010065,493,401,9,410
43361737,1776,1260,16,1276
43500631,825,575,10,585
86662132,863,588,9,597
11080101,477,285,5,290
76370441,75,49,1,50
66020037,41,23,0,23
86553513,931,562,18,580
76500121,852,436,4,440
43350184,2226,1577,38,1615
32851201,3331,2351,4,2355
43960024,2176,1498,31,1529
43770843,960,794,15,809
10870297,443,304,5,309
76120130,758,462,4,466
97100197,1427,1230,7,1237
11810034,516,18,1,19
10810134,630,507,15,522
33010120,1920,1414,204,1618
43412048,1088,725,2,727
76060177,1649,972,17,989
43990522,1424,1097,7,1104
11010036,1777,1048,28,1076
11750363,462,269,3,272
76330504,516,415,2,417
54700039,337,320,3,323
97130808,2030,1744,18,1762
76251270,414,387,7,394
97140562,2740,1834,17,1851
10080065,2116,1491,13,1504
86992318,799,682,4,686
76320176,824,451,6,457
43692284,400,279,15,294
22750073,2146,1505,11,1516
43992850,1123,830,11,841
76080360,875,795,4,799
32862315,2600,1773,20,1793
11631169,276,170,0,170
76060593,396,240,2,242
33020749,466,715,1,716
32841075,2016,1587,7,1594
76100958,1349,711,11,722
97550051,666,316,14,330
76330436,613,326,5,331
54510083,1739,1270,19,1289
98130056,1267,955,11,966
97142238,1652,1643,3,1646
43991398,1072,668,13,681
22750017,1971,1391,5,1396
32940198,2732,1965,22,1987
10851072,544,373,0,373
65390025,547,292,2,294
32863158,2394,1888,19,1907
22650128,146,73,3,76
76090080,2956,2065,24,2089
11580993,261,168,7,175
10251177,1845,1733,4,1737
76380745,393,380,2,382
22020208,1570,1081,34,1115
10850509,457,273,6,279
22260046,915,676,7,683
43412475,2384,1944,44,1988
43600261,2689,2061,35,2096
11810595,892,574,10,584
43700015,684,651,6,657
97110075,2209,1543,23,1566
43580819,508,388,13,401
54890635,938,926,9,935
76140086,646,372,0,372
54440344,233,200,2,202
97520148,1857,1423,1,1424
33290063,3278,2398,35,2433
33061261,1814,1619,30,1649
11760881,220,134,8,142
11610672,268,169,0,169
43503218,413,310,15,325
43418190,390,341,7,348
43670099,2171,1511,9,1520
43418066,963,873,1,874
32840467,3142,2495,5,2500
11620022,533,259,9,268
32960741,1129,1196,10,1206
43951350,1245,1121,28,1149
43600025,3581,2281,18,2299
43691182,576,371,4,375
10910168,209,117,2,119
97540061,690,442,21,463
32910319,2758,1722,42,1764
86750028,1260,917,35,952
11800998,224,163,3,166
22470117,1720,900,13,913
11070964,146,108,5,113
10910023,335,218,2,220
11560238,1802,1433,9,1442
98420081,562,382,0,382
43691980,931,674,34,708
76490062,245,245,0,245
97130055,1051,969,2,971
43504567,387,344,8,352
86740409,827,558,18,576
65230028,1562,1186,28,1214
76310153,727,379,6,385
10430211,159,121,1,122
76480645,661,352,0,352
43625404,575,432,8,440
10850307,408,525,4,529
33110299,1111,802,3,805
10850127,514,340,1,341
76100509,1451,853,7,860
11480015,863,599,12,611
76251225,104,80,0,80
10940677,139,94,2,96
11640507,362,224,8,232
33260015,2507,1603,5,1608
43620016,625,410,9,419
43990375,687,543,8,551
32850200,8222,3418,52,3470
10840733,275,196,5,201
54580316,550,420,22,442
10940442,383,246,4,250
43418189,361,345,3,348
10820034,528,351,1,352
65390036,245,153,1,154
97280051,3247,2403,29,2432
86720081,2004,1341,10,1351
65640012,281,150,5,155
76100554,530,351,1,352
33010445,2530,1847,24,1871
43773598,676,496,8,504
11630865,762,414,8,422
43360635,1184,1105,8,1113
54590384,1042,765,11,776
86743682,76,61,4,65
11460035,557,352,8,360
33000107,2843,2037,26,2063
33190073,723,736,5,741
22420437,1519,940,30,970
43504590,348,327,1,328
10100079,2201,1256,32,1288
86741567,680,443,32,475
43622333,1747,1297,19,1316
33090375,1660,1294,28,1322
22750118,2078,1340,22,1362
86662266,448,292,5,297
54790746,806,687,9,696
11620459,406,279,2,281
98280142,919,854,5,859
43770517,321,219,7,226
21861165,847,711,11,722
76380565,574,378,2,380
10670048,2484,1739,0,1739
11590635,623,369,7,376
22100151,694,538,12,550
22700067,1408,1070,15,1085
11600794,589,425,11,436
11800741,341,221,10,231
11821261,242,184,2,186
76490141,1021,753,6,759
33030605,778,714,8,722
22110118,133,81,1,82
76330403,760,486,12,498
76140367,1564,843,0,843
54120136,476,333,6,339
86610023,1349,918,4,922
43502262,680,402,11,413
76160369,793,532,10,542
43500844,587,426,6,432
54790702,573,1023,1,1024
32850187,1761,1387,0,1387
33040022,1880,1155,25,1180
10260010,551,406,4,410
10090033,2075,1634,9,1643
10570070,1066,695,7,702
22350046,1488,1044,36,1080
32870796,3224,2418,25,2443
43951091,814,747,9,756
11390745,968,582,25,607
43771394,1190,875,35,910
33280095,1923,1505,22,1527
10590904,3178,2205,22,2227
33040134,538,520,2,522
43620229,864,666,0,666
43362176,3080,2690,47,2737
76070112,209,217,2,219
86850029,2426,1795,4,1799
43620847,461,326,4,330
32951954,2201,1593,30,1623
65520109,117,95,1,96
97520069,749,514,6,520
43501025,636,421,4,425
76250077,580,356,6,362
32951572,2200,1475,12,1487
97360083,740,536,0,536
97141361,2284,1676,20,1696
43414950,666,391,21,412
10980143,699,483,2,485
11780322,1163,770,11,781
43691665,1417,1076,15,1091
32850996,2542,1582,21,1603
43692318,303,53,3,56
11591265,328,227,3,230
11640057,379,241,2,243
10090077,2112,1285,12,1297
43412701,1972,1585,32,1617
97920041,402,244,1,245
32860065,2981,2070,29,2099
11030027,2447,1459,24,1483
54210035,1133,737,7,744
97130730,3083,2252,7,2259
97142126,1464,1133,13,1146
43583733,566,436,10,446
11581017,320,245,3,248
32953114,800,1064,8,1072
32910410,965,1218,15,1233
86742153,28,19,0,19
54190111,1569,1314,1,1315
11571386,373,299,1,300
54140037,1172,1195,24,1219
43582945,401,303,6,309
10871489,192,172,0,172
54470190,498,416,4,420
86992600,2839,1718,232,1950
11080347,503,323,1,324
11790558,766,614,8,622
32863282,1241,1624,20,1644
97131191,3193,2412,31,2443
54910278,1599,1223,6,1229
10300026,2600,1917,16,1933
43460029,1631,1216,14,1230
43583564,1558,1126,20,1146
32960550,1430,1039,2,1041
86551274,846,555,16,571
33010322,1046,1108,7,1115
43391088,1775,1507,16,1523
11800471,905,599,25,624
65440571,2143,1568,36,1604
43372043,3412,2197,53,2250
11071594,112,88,3,91
97091028,2017,1592,10,1602
11751702,623,406,4,410
76170382,1301,828,16,844
43370681,3724,3462,48,3510
10930216,390,278,9,287
76530225,100,106,0,106
10790041,710,373,4,377
33240068,1204,637,17,654
22421551,317,205,5,210
97960078,1414,1109,16,1125
65520165,1164,1053,26,1079
86900171,1963,1358,17,1375
54260108,2107,1661,20,1681
43501711,1228,849,9,858
97840097,607,389,8,397
11770477,789,439,13,452
86991733,1480,1105,4,1109
43417728,459,339,4,343
76321379,456,480,8,488
97110480,2101,1875,35,1910
22600741,352,266,2,268
43580606,617,477,9,486
32840333,1886,1621,18,1639
10590476,3357,2156,9,2165
86743086,170,138,2,140
97140955,4579,4109,2,4111
43670583,429,321,1,322
43361434,2753,2116,21,2137
65030082,56,31,0,31
43412879,976,745,5,750
32900060,2729,2314,5,2319
76470059,2907,1769,4,1773
65030037,99,94,1,95
32952551,647,747,10,757
98380110,1857,1282,15,1297
32950054,3600,2660,6,2666
43390638,1029,830,6,836
11830261,441,286,5,291
21860928,2201,1775,4,1779
33300021,293,190,1,191
43993378,414,241,3,244
32900262,438,535,5,540
86550116,468,216,7,223
10870602,493,346,22,368
43580640,389,238,6,244
10251605,1474,1162,23,1185
22150336,477,402,1,403
76320390,794,445,6,451
22820048,484,333,3,336
33270128,2518,1697,11,1708
32851054,1901,1428,31,1459
76370272,756,428,4,432
54720042,2060,1567,20,1587
11601100,226,163,8,171
87020276,2535,1498,34,1532
22780043,731,539,2,541
43951046,2523,1964,1,1965
11760599,447,272,6,278
98130067,1789,1003,15,1018
86742704,891,424,22,446
76360169,738,625,6,631
11070953,309,237,5,242
54260287,2799,2054,46,2100
76320154,984,562,4,566
43940011,2255,1836,44,1880
43693083,120,91,2,93
22800046,1086,542,8,550
43360758,2421,1954,28,1982
76370643,1826,844,9,853
21870211,2037,1435,39,1474
76140053,1303,791,5,796
97091567,2064,1398,11,1409
11801012,268,142,8,150
10590566,2408,1514,31,1545
22750062,3710,2578,13,2591
76170078,345,230,6,236
10940734,150,113,0,113
33090476,1674,1276,21,1297
86920038,2346,1510,30,1540
11601144,512,574,5,579
11831037,236,242,2,244
97140876,1543,1195,3,1198
33150079,393,327,1,328
10940767,240,160,1,161
97790013,2976,1826,15,1841
54490046,1050,811,15,826
11601177,560,345,16,361
76110139,652,619,2,621
11771748,452,365,5,370
43350487,608,466,6,472
97100175,1624,1188,7,1195
97610036,1219,994,13,1007
11810090,219,118,2,120
32840243,3424,2494,16,2510
43992748,2318,1978,25,2003
76290701,840,297,9,306
86991126,523,344,11,355
65090156,603,309,6,315
76360035,820,474,6,480
32950357,2422,2063,4,2067
54220148,1097,623,14,637
43413128,2887,2165,21,2186
43772946,561,415,10,425
65440100,2335,1639,18,1657
43690686,280,199,4,203
11710011,1840,1401,50,1451
10820652,265,174,2,176
32940378,3482,2670,13,2683
76140839,881,624,3,627
22750286,1072,981,7,988
86550307,1882,969,34,1003
10910731,328,234,8,242
11600299,1087,639,11,650
98100097,916,565,12,577
11751061,482,301,7,308
43350072,1795,1098,20,1118
86661456,2536,1754,13,1767
76230277,480,282,12,294
43413825,1599,969,22,991
43502093,311,214,1,215
76350203,440,221,0,221
11771175,274,219,5,224
32952304,2165,2131,13,2144
43622153,1000,711,14,725
22510077,1285,1036,10,1046
22640251,48,43,0,43
11751443,397,234,1,235
22421517,340,282,0,282
87020513,294,653,2,655
86741624,274,139,2,141
10810088,390,245,9,254
44030056,2465,1800,18,1818
33260059,1675,1228,18,1246
76360620,701,426,6,432
11650362,313,169,2,171
43951079,1396,1232,13,1245
54620300,1112,592,17,609
11600435,820,553,14,567
54260445,1718,1571,5,1576
76321188,712,496,9,505
76290846,634,354,8,362
76360664,529,390,4,394
43680034,199,165,2,167
43951406,500,456,3,459
33030122,2448,1736,16,1752
76180091,305,167,3,170
97140742,2929,2279,19,2298
43411586,777,608,8,616
43622074,1407,1116,37,1153
33030515,1672,1459,25,1484
11800213,368,224,6,230
97142216,3148,2288,32,2320
54650112,2132,1359,39,1398
32862247,2142,1570,20,1590
76280441,1790,803,12,815
11790390,430,328,1,329
76070055,1250,875,19,894
43370119,1456,1026,8,1034
97120593,871,680,16,696
43970036,115,85,4,89
10850172,617,332,6,338
97131180,1619,1971,9,1980
54880599,453,458,7,465
32950919,2936,1869,16,1885
10810538,463,317,2,319
97140911,4365,3607,4,3611
86553827,212,169,7,176
76160987,415,287,8,295
65440111,2618,1975,26,2001
86870324,1898,1255,23,1278
86550420,560,284,6,290
11650014,434,355,7,362
76130771,220,171,4,175
11200150,760,629,7,636
32951426,1750,1200,6,1206
11750802,509,309,10,319
65440436,2303,1051,17,1068
76120107,800,473,5,478
43503791,927,645,1,646
43416390,553,455,4,459
22590154,1155,769,11,780
54680069,829,583,12,595
54290022,2164,1794,24,1818
54140105,2598,2042,6,2048
65120015,2901,1953,16,1969
43770359,310,189,5,194
76321627,344,285,4,289
43360433,5183,3959,16,3975
76290543,1158,523,9,532
98280029,2788,1707,25,1732
86692652,694,948,12,960
54880601,495,393,6,399
76220388,1538,956,10,966
10790052,1119,721,16,737
10670093,1825,1235,20,1255
86820127,205,97,1,98
10670352,670,676,7,683
76100824,958,840,7,847
98280063,967,641,1,642
32940244,2662,1997,29,2026
76321032,850,431,0,431
76140020,888,527,3,530
97131012,1674,1289,7,1296
22110433,54,42,0,42
11820057,581,335,11,346
32960684,5531,3913,20,3933
32890855,1071,1576,31,1607
86700023,2499,1551,19,1570
33061272,102,134,0,134
11520010,895,680,0,680
76100251,1320,635,2,637
32840311,3827,3021,20,3041
76321065,820,496,9,505
22020130,2357,1446,33,1479
65690028,94,31,0,31
76460070,718,464,2,466
86742243,119,82,1,83
86553872,295,250,6,256
11810854,680,318,4,322
97092298,3086,2020,19,2039
33280017,955,763,5,768
11640585,207,160,5,165
32840737,1797,1426,21,1447
43773026,596,410,9,419
11200015,1284,740,10,750
76140019,1158,680,6,686
87020399,2382,1738,13,1751
86670265,539,553,10,563
32960404,3525,2224,18,2242
43622412,490,294,3,297
97141710,1413,1058,5,1063
43771923,752,644,15,659
86991698,4380,1598,32,1630
11781132,314,211,11,222
11800347,278,178,2,180
22640295,280,172,5,177
11290014,1032,735,13,748
43670011,2284,1582,29,1611
10850161,410,248,2,250
54210170,941,677,10,687
10841341,171,236,3,239
54270075,308,496,2,498
76530135,241,141,0,141
43771899,894,620,9,629
10160019,2573,1680,25,1705
11030072,1584,1188,14,1202
54550010,1211,865,9,874
11640226,401,278,4,282
54580035,2273,1532,18,1550
11390037,552,290,10,300
76321425,199,211,2,213
10850374,343,245,9,254
76500042,335,230,1,231
22090294,1389,1041,22,1063
43360398,3082,2390,33,2423
10810314,257,154,2,156
32940367,2385,1879,9,1888
86720171,342,358,1,359
43580224,1052,750,15,765
10100226,465,549,5,554
76150706,273,176,4,180
43994021,686,502,15,517
54790218,3250,1989,0,1989
65440447,444,347,14,361
87020119,4666,2790,6,2796
32860638,3628,2491,29,2520
54680294,768,545,14,559
11831116,247,185,5,190
44010043,944,731,9,740
43501384,922,581,6,587
11600996,720,504,15,519
76340516,1170,692,9,701
32840603,5424,5110,16,5126
43950786,1018,860,11,871
43504220,258,209,1,210
11540012,2315,1671,37,1708
32861505,1971,1817,18,1835
11600334,621,360,2,362
22421685,184,116,0,116
11761231,365,252,11,263
11030162,1963,1308,3,1311
32862573,1119,889,10,899
76300309,1251,796,9,805
43690079,825,567,20,587
43625471,270,206,2,208
76310434,553,385,4,389
10871175,391,241,5,246
43360679,2683,1599,22,1621
43772812,52,54,0,54
97120098,2872,1919,22,1941
43504668,335,263,7,270
43994166,241,190,2,192
54800041,603,563,10,573
33010186,2258,1860,82,1942
76380408,3132,1526,19,1545
76211175,1231,686,8,694
86740498,706,459,14,473
11130051,248,179,2,181
97200413,1574,1266,10,1276
76101443,607,542,2,544
43774375,509,413,8,421
86991216,3801,1481,43,1524
54390012,207,87,1,88
43583711,281,218,5,223
43583025,646,478,21,499
22600808,1137,1080,35,1115
11800617,199,117,0,117
87000016,2144,1266,22,1288
32841097,3079,2194,16,2210
11610470,251,150,4,154
76280519,285,239,2,241
22150189,1400,952,28,980
43772609,400,239,3,242
76080236,1178,853,5,858
32900206,2665,1880,50,1930
43773813,208,171,0,171
43772351,1818,1373,17,1390
33060305,1719,1358,25,1383
32910364,3772,3321,12,3333
86551263,1519,915,90,1005
32950267,3811,2829,13,2842
11600211,388,267,4,271
32890271,3329,1762,46,1808
86553232,445,301,9,310
76190452,2133,1203,16,1219
76130557,929,529,5,534
11020015,946,593,14,607
76100318,1487,817,9,826
43620522,468,336,2,338
11751971,304,158,1,159
86551038,867,534,19,553
76240133,967,396,5,401
76110038,2085,1391,15,1406
54720110,642,596,3,599
33180016,3303,2611,14,2625
33060833,3360,2796,13,2809
86660860,729,529,5,534
11830799,381,266,7,273
76250886,374,264,6,270
76480050,250,93,0,93
86740320,1115,735,10,745
32840052,2554,1872,17,1889
86730217,2954,1905,6,1911
32860841,3229,2415,15,2430
43691441,780,497,11,508
10790748,207,179,3,182
10880041,148,97,0,97
10840665,276,122,2,124
76481107,99,75,1,76
43670459,2105,1542,25,1567
86660556,1281,791,11,802
10910090,355,244,6,250
86900092,3174,2225,42,2267
65560013,3285,2343,66,2409
65760060,224,150,0,150
22820105,135,86,1,87
43370771,2593,1978,25,2003
11560171,1077,660,12,672
33190062,1981,1162,10,1172
76290486,206,104,0,104
10590937,1712,981,14,995
76160459,1703,1056,18,1074
10870736,388,277,5,282
11460068,204,137,4,141
54660012,808,563,15,578
32870033,3480,2753,6,2759
65510018,552,375,3,378
10820078,1124,862,7,869
43414994,715,483,9,492
32950571,4490,3726,3,3729
76090237,1474,901,11,912
43691148,713,430,4,434
43502891,327,265,1,266
76211412,260,147,2,149
76090169,3655,2814,4,2818
54190010,2140,1702,27,1729
43625808,280,235,5,240
22690021,1067,667,9,676
43773622,1526,1135,17,1152
76480454,521,278,7,285
97130257,1854,1473,20,1493
76210679,567,284,1,285
11750655,1063,762,8,770
97130437,1848,1498,8,1506
76270192,1012,564,8,572
76100352,718,430,5,435
11631552,912,553,18,571
21861064,950,906,12,918
11620213,410,223,6,229
11630359,349,185,0,185
86742041,1193,874,18,892
10250233,3065,2709,11,2720
76400221,557,318,2,320
54910582,455,383,4,387
86742423,356,232,0,232
32870190,2643,1962,11,1973
33030492,1171,1143,13,1156
43362244,1633,1427,10,1437
86743536,65,38,3,41
65350144,72,38,0,38
43417267,173,106,0,106
43500282,1115,755,0,755
11760106,662,401,7,408
22540238,1075,813,25,838
54230149,1023,775,15,790
43625011,240,146,5,151
32952438,2439,1871,31,1902
22540182,822,565,11,576
97420046,1111,1133,7,1140
76320143,277,143,2,145
11460495,142,106,2,108
43400753,1864,1500,28,1528
43370995,2145,1951,0,1951
65090011,105,47,0,47
43411137,1493,1137,21,1158
76240335,633,433,1,434
10871209,370,269,3,272
11830351,949,633,10,643
76160965,520,390,3,393
32940727,3872,2701,34,2735
22600842,377,377,3,380
54580260,1043,763,15,778
86742524,315,177,10,187
76520189,881,705,6,711
10300420,1786,1456,19,1475
43581506,1117,697,26,723
43418921,736,651,14,665
86550037,869,511,10,521
43771293,462,378,5,383
43415287,568,439,7,446
86740599,131,82,2,84
76380374,414,280,7,287
43410406,1213,805,23,828
54400047,367,284,2,286
33060530,1693,1279,13,1292
10390014,212,160,1,161
97092243,2045,1355,17,1372
43372076,712,694,17,711
86870054,2724,1942,14,1956
11831239,809,637,21,658
98180062,150,92,0,92
11180056,612,424,6,430
22820037,327,215,1,216
76180057,702,395,6,401
43950236,2382,1974,79,2053
21870356,1539,1045,12,1057
86553300,458,333,8,341
76320491,1564,917,17,934
43501485,547,410,4,414
33060743,2857,2057,29,2086
32851256,1496,1443,21,1464
43620544,756,466,7,473
10950139,383,265,2,267
54220160,706,421,0,421
11650856,236,181,5,186
98080049,2325,1737,4,1741
54650741,416,814,7,821
76170090,1132,712,17,729
10590511,1396,948,7,955
11100182,65,9,0,9
76380442,393,210,5,215
43371806,3164,2360,6,2366
43503016,1052,736,14,750
98400157,888,538,3,541
76220041,810,478,7,485
43362255,750,668,7,675
76100060,925,474,8,482
43415928,506,355,1,356
97091129,2428,1662,54,1716
86743299,336,226,11,237
43620803,460,335,4,339
32840153,3565,2910,9,2919
11280013,1054,662,2,664
43430105,365,363,0,363
54890758,834,656,11,667
43362020,1465,1150,54,1204
11580768,200,129,10,139
11070807,483,330,11,341
97200097,3448,2368,10,2378
54450019,1515,1179,23,1202
43350230,2721,1653,10,1663
54470088,2222,1641,71,1712
22080125,305,263,1,264
86990293,1877,1101,24,1125
11830014,950,600,3,603
10300307,2491,1552,31,1583
43850022,625,521,0,521
54590205,1924,1316,19,1335
54320060,3618,1977,21,1998
33060204,2838,2149,21,2170
76280340,1061,721,7,728
43583744,1926,1630,32,1662
10910821,271,185,4,189
54600207,3713,3005,31,3036
32840939,1727,1302,9,1311
32900217,5273,3128,31,3159
86992419,161,69,1,70
54890905,349,358,3,361
10830125,427,229,6,235
97091398,2551,1809,10,1819
22720160,1110,625,6,631
43413487,1298,848,14,862
10590724,3069,1802,26,1828
11610111,791,489,8,497
11770781,699,422,7,429
76300534,998,519,15,534
22810025,63,74,0,74
98350038,102,65,0,65
22421056,1111,668,18,686
54911088,513,570,12,582
76170045,1005,668,1,669
33020390,3061,2627,133,2760
11761219,401,280,8,288
11770017,885,504,10,514
54890422,733,540,12,552
22710013,1083,753,8,761
43390177,5141,3335,0,3335
43400797,5196,3532,8,3540
43740020,1873,1713,24,1737
33020367,2728,2308,7,2315
43771169,1146,878,25,903
32930838,3071,2160,28,2188
43415186,288,206,7,213
22110028,65,65,0,65
10820214,337,191,0,191
43362288,2323,2198,29,2227
76290622,753,397,2,399
11830519,1504,1065,13,1078
11560227,1941,1577,15,1592
11080606,448,307,6,313
11610515,270,183,4,187
43410787,1111,761,15,776
86662491,1085,757,8,765
97120199,615,498,0,498
10410040,923,656,8,664
22740184,535,460,7,467
76480128,242,136,1,137
33330046,295,218,2,220
76250404,1323,810,7,817
32890619,2850,1970,7,1977
43500923,779,447,1,448
54790207,2051,1340,23,1363
43501991,614,405,10,415
43770786,590,379,9,388
32862797,2502,2034,4,2038
86743783,683,720,12,732
22610034,1549,1002,14,1016
43410912,390,244,3,247
10870343,309,197,6,203
11570150,548,363,5,368
54750012,3206,2092,32,2124
11080471,335,244,3,247
86991058,603,450,6,456
43415883,406,283,9,292
76101263,471,259,17,276
65180011,1625,1100,17,1117
54460010,265,168,0,168
87060045,565,390,3,393
76180169,399,200,6,206
76260528,620,372,8,380
86554109,363,264,5,269
76370913,809,462,3,465
32840096,5091,4130,13,4143
76140345,992,590,4,594
86660961,1268,930,14,944
43621938,265,203,4,207
54740033,2372,1834,32,1866
11810562,552,324,4,328
86662637,104,78,3,81
76150212,1753,844,23,867
43413061,352,184,8,192
54440287,177,117,3,120
32870044,2925,2225,0,2225
33310178,809,574,11,585
65440245,2296,2216,4,2220
97200064,1269,1184,3,1187
43503645,1540,1156,13,1169
11770635,899,530,11,541
65600074,1284,1103,29,1132
11240019,668,534,2,536
11400051,31,34,0,34
32840322,1643,1215,12,1227
54720064,1815,1361,15,1376
43930021,1699,1415,22,1437
76100015,1552,730,8,738
33010298,3196,2366,39,2405
86741837,806,513,17,530
97900016,3038,2083,28,2111
86662930,474,318,8,326
10251278,2159,1315,22,1337
76380352,289,54,2,56
86700034,2458,1606,23,1629
43690697,104,68,3,71
22820240,64,36,3,39
33030469,1171,863,23,886
97110019,3177,923,7,930
76170719,307,237,7,244
43670763,862,750,11,761
76100846,1216,712,13,725
65210048,53,45,1,46
43501474,656,463,2,465
43692183,805,510,11,521
43583799,175,132,0,132
11760634,972,717,0,717
43500237,1264,806,17,823
76211153,787,468,4,472
76300017,1289,917,11,928
11810832,375,267,7,274
11650722,271,197,5,202
10790614,522,363,7,370
43580493,640,357,13,370
86820497,323,203,7,210
43692778,693,553,17,570
43390739,484,669,23,692
76500345,471,393,5,398
76530191,234,110,0,110
11800190,372,223,1,224
10910685,379,221,8,229
11220028,1522,1124,10,1134
86770031,1712,936,17,953
32960369,1766,1331,14,1345
76160448,451,275,6,281
86821151,171,136,3,139
10870613,284,163,3,166
10790670,66,58,0,58
21860535,1806,1162,8,1170
43990049,419,293,9,302
76480274,769,446,7,453
76370115,1204,715,8,723
22120265,348,298,3,301
32851009,3226,1729,33,1762
43410327,1139,778,9,787
54650381,3710,4292,20,4312
11631338,501,288,7,295
76140143,1338,784,3,787
22420314,737,454,0,454
76200094,662,421,29,450
11571061,334,226,7,233
11570161,878,569,6,575
10670037,878,678,9,687
86910565,463,502,3,505
43371604,1979,1411,18,1429
22170046,999,695,17,712
43621859,211,155,1,156
86790022,1752,1222,20,1242
76160314,977,592,19,611
10880096,19,16,0,16
86550936,994,663,14,677
54740123,1379,1069,16,1085
76140749,814,342,9,351
43502116,525,369,1,370
11080303,570,340,4,344
10890301,216,150,1,151
33010366,2901,1992,42,2034
22450014,1918,1085,20,1105
76140301,893,525,4,529
43412633,1191,759,12,771
76280777,429,353,4,357
76350911,636,530,5,535
33030032,3811,2712,24,2736
65340075,366,292,0,292
86660826,1620,1169,11,1180
65470079,1072,811,11,822
97141798,2733,1669,24,1693
33060619,2999,2238,13,2251
32890305,2304,1508,23,1531
54650673,700,992,5,997
97141709,2448,1471,14,1485
11610605,461,312,4,316
11772042,164,117,3,120
54590452,906,742,8,750
32840906,2608,1886,27,1913
76160235,1008,628,24,652
22470050,2520,1679,26,1705
76250695,426,270,4,274
32890440,2754,2061,24,2085
76481141,404,307,2,309
43350500,933,1089,0,1089
22110466,789,595,13,608
86743794,278,228,6,234
43621983,351,248,9,257
33000253,5603,4538,5,4543
43930043,2719,2048,42,2090
43501609,466,343,5,348
97830074,393,112,1,113
11751847,502,360,4,364
10940295,243,166,8,174
22110411,78,32,0,32
11580713,453,311,4,315
22720340,918,712,0,712
43690451,504,331,3,334
76320334,950,567,5,572
32952955,781,1036,1,1037
10590971,536,578,3,581
43418729,454,425,14,439
11780513,825,493,14,507
76211580,508,415,10,425
76090079,2471,1704,19,1723
43418695,443,352,3,355
76320727,856,480,6,486
11600705,661,471,9,480
10400049,466,422,1,423
10200014,1059,755,17,772
33250519,1228,905,18,923
11591445,256,163,3,166
10270033,1662,1081,26,1107
43412565,854,643,7,650
10940352,310,193,1,194
11071741,140,100,1,101
11030364,944,643,44,687
65530346,657,527,18,545
22420853,1038,644,14,658
11760555,715,404,7,411
97130235,2214,1434,7,1441
76060065,1476,835,11,846
86990664,1435,893,14,907
11801089,150,112,2,114
54410228,148,120,0,120
76290453,638,263,1,264
76480061,432,235,5,240
11580746,624,472,4,476
11800976,246,162,1,163
32860278,2700,2192,13,2205
33310011,688,500,1,501
33090128,2538,1927,28,1955
43413599,1159,890,14,904
65580015,2403,1842,18,1860
43992085,1425,1105,20,1125
43771732,1606,1280,10,1290
11080932,292,213,0,213
43413498,1057,682,10,692
11750284,946,635,8,643
10280023,1319,1240,28,1268
32980394,5018,4781,81,4862
97120313,2438,2021,0,2021
97100715,2779,2435,34,2469
22780021,1878,1369,27,1396
43620960,448,278,1,279
43692194,1458,1085,13,1098
43692846,847,654,28,682
11790143,628,294,21,315
97860011,60,53,0,53
10520053,590,458,2,460
54590339,687,504,8,512
11640462,642,469,4,473
76320985,1038,496,16,512
43625707,360,303,6,309
22650083,122,96,4,100
43418088,672,682,18,700
76310029,486,304,14,318
43773127,916,659,11,670
11630753,296,203,4,207
10820281,920,676,7,683
11830610,558,378,17,395
43412644,755,523,8,531
43690899,923,553,7,560
32862450,3437,2536,37,2573
76160011,1303,759,26,785
76250101,1122,510,10,520
10840890,345,216,11,227
76330302,763,494,0,494
43502633,754,518,11,529
43692329,360,144,11,155
10840575,308,192,4,196
11390172,1331,975,3,978
43417133,616,431,6,437
97130729,1593,1356,14,1370
22421832,84,76,1,77
54230093,2081,1396,87,1483
11080796,161,116,4,120
76350696,1199,623,14,637
86553580,531,327,12,339
43990016,393,260,4,264
33110053,148,100,0,100
11100339,211,154,0,154
11620156,837,551,0,551
43775297,476,436,4,440
11790378,437,292,0,292
43418909,806,839,15,854
11760869,260,200,3,203
76300523,761,421,11,432
10430042,360,326,6,332
43361726,2421,1659,34,1693
32930377,716,567,0,567
11610683,619,416,0,416
10090055,2180,1053,21,1074
86840051,1106,792,4,796
10810729,168,150,1,151
76090372,383,708,7,715
76280834,424,470,10,480
43504062,378,317,4,321
11752174,183,126,2,128
43413724,1762,1181,19,1200
76370890,261,188,1,189
86821049,1262,897,20,917
10930047,572,346,4,350
76170168,2626,1675,51,1726
10250794,2094,1468,13,1481
21880032,900,612,8,620
10850688,250,165,5,170
11370057,429,325,3,328
86662244,990,642,4,646
97141495,3331,2315,22,2337
32863013,2232,2176,7,2183
11631596,523,302,7,309
43992489,372,266,4,270
54220137,939,666,3,669
11752062,219,167,4,171
54450020,392,306,3,309
66000057,36,26,1,27
76210017,180,151,1,152
11810775,401,10,0,10
86830027,2068,310,4,314
86741084,103,58,4,62
76321166,626,481,10,491
10851184,200,140,2,142
43581933,659,392,4,396
43900130,723,724,14,738
11770332,692,435,9,444
11801001,162,214,7,221
11772008,318,236,5,241
86740814,942,598,0,598
33250733,1193,1019,7,1026
65350155,61,52,0,52
11620561,580,314,23,337
43581595,295,183,3,186
54570090,858,415,9,424
76140918,857,523,8,531
33010658,3710,3324,17,3341
10650046,597,278,9,287
43581258,250,158,5,163
76480522,1315,662,6,668
43690978,865,654,16,670
76260281,1401,725,7,732
76360013,627,390,0,390
11070458,309,259,2,261
98420069,696,450,3,453
54540514,1068,869,14,883
97100243,2161,1944,3,1947
10270011,2209,1395,4,1399
44030078,3412,2520,15,2535
86900115,1761,1108,24,1132
43361872,3246,2222,52,2274
54220317,425,370,4,374
86870087,1755,1284,11,1295
10840216,330,189,4,193
86552680,161,81,2,83
43690114,958,720,13,733
76220681,1151,748,4,752
76160774,909,480,1,481
76170326,868,509,1,510
32871405,1915,1913,18,1931
76280261,663,360,11,371
33090487,1381,1175,7,1182
54140093,2088,1755,34,1789
54260209,1042,948,20,968
11620695,441,288,7,295
76500200,1161,329,6,335
11080741,122,84,0,84
76480993,311,168,0,168
43503409,558,444,2,446
33260396,1042,928,13,941
10940341,413,270,5,275
11771827,657,447,8,455
10940565,266,178,0,178
32860379,3828,2850,12,2862
86741949,431,267,10,277
10841059,341,256,5,261
32870336,4039,3223,9,3232
43993828,362,280,0,280
76260078,973,569,5,574
54590137,1541,1062,11,1073
76480892,767,534,11,545
76510447,392,244,3,247
76300174,1224,695,13,708
22110084,43,18,0,18
11752141,347,248,11,259
76400513,751,655,16,671
43360444,2960,2180,0,2180
22421506,451,311,10,321
11570330,585,356,2,358
76480869,352,215,3,218
11760218,476,186,3,189
11751904,169,114,2,116
22720025,1915,1330,5,1335
32950155,2043,1563,14,1577
10870444,533,419,7,426
21870435,1978,1470,27,1497
43581012,315,201,2,203
10880052,277,202,4,206
76350258,450,280,7,287
86554345,370,314,4,318
11390532,644,437,11,448
43412576,1965,1288,22,1310
76220502,1480,810,10,820
97141158,3719,3481,2,3483
11751409,764,541,9,550
43371514,3233,2267,11,2278
33030447,3500,2677,46,2723
86743334,502,345,9,354
33170071,522,349,1,350
76330177,1087,709,7,716
86741950,1225,836,11,847
43960114,874,758,7,765
32930074,1882,1576,14,1590
76260416,258,172,1,173
10430198,1784,1376,26,1402
21890022,1234,996,11,1007
65140084,1858,1293,21,1314
76321302,256,132,3,135
43371413,3984,3160,59,3219
10890378,379,267,2,269
10950252,187,133,6,139
76200724,260,185,0,185
86740353,966,623,8,631
22410313,185,131,1,132
43582754,1047,703,18,721
43361186,3434,2725,79,2804
43770090,331,244,15,259
76320705,619,356,3,359
86662277,558,340,4,344
21860186,2078,1462,8,1470
11750431,880,483,5,488
76250718,227,136,3,139
11610728,377,265,1,266
97140821,2665,1972,2,1974
43417560,165,116,1,117
54790421,2948,2289,8,2297
11100193,473,478,1,479
22510033,2024,1365,14,1379
33220011,1019,726,1,727
11600367,722,439,1,440
43626001,386,367,10,377
98400089,3274,2930,2,2932
32951088,2323,2220,10,2230
10710032,576,480,0,480
33310167,375,292,6,298
11370046,144,108,2,110
76150841,355,293,18,311
22640048,139,88,2,90
86551612,940,621,19,640
43600306,1551,1487,26,1513
21870446,1413,965,15,980
32890417,1753,1780,20,1800
43415692,213,140,2,142
11810652,386,231,0,231
97140708,2724,1932,15,1947
11620617,590,443,4,447
76250156,733,455,5,460
97140405,2296,1596,13,1609
11790503,173,115,11,126
32980057,4844,3964,22,3986
43620061,254,187,2,189
98200010,250,185,1,186
43992423,466,282,8,290
65330074,80,87,2,89
43620623,562,414,11,425
11630304,368,228,1,229
54790397,2273,1582,5,1587
76310131,896,479,10,489
43370478,2736,2173,21,2194
10300396,1015,1006,8,1014
76150559,825,502,3,505
43770595,517,296,8,304
11800707,493,347,2,349
76520066,115,93,1,94
32862427,984,841,8,849
43990937,486,321,7,328
10910472,235,142,3,145
10871221,249,154,0,154
76060212,1276,798,13,811
76341078,353,275,3,278
32930030,3226,2501,24,2525
43990083,378,242,4,246
10770049,814,633,9,642
76270406,286,173,5,178
43691496,574,466,9,475
32860593,2022,1478,16,1494
22430359,50,38,2,40
86990765,259,222,1,223
54910357,2306,1627,13,1640
32930715,2591,1733,39,1772
76300411,1140,604,19,623
86900261,1262,889,21,910
86554165,204,209,19,228
32860335,5599,3731,18,3749
43691889,1940,1403,25,1428
43625639,567,444,7,451
97093301,1187,1220,14,1234
11080785,271,154,4,158
11800055,685,454,6,460
11810506,282,167,2,169
43360488,1648,1202,14,1216
11600974,410,234,4,238
54680418,47,25,1,26
98190029,434,351,2,353
76480049,341,191,0,191
43390199,2530,1971,10,1981
76390016,316,211,1,212
11070975,267,208,6,214
97830153,212,147,1,148
43415603,261,191,4,195
97093312,852,598,14,612
44060015,2066,1490,18,1508
76170214,1389,968,23,991
10790243,296,187,6,193
43951271,821,802,18,820
32841008,2423,1661,19,1680
22710024,2243,1601,30,1631
22090036,54,33,1,34
10850925,305,203,6,209
43502464,733,537,8,545
76160279,1759,1030,35,1065
43691698,1562,1160,18,1178
22420369,1219,728,21,749
10870781,1042,702,8,710
32862078,2412,1711,14,1725
43582664,387,290,2,292
22600774,736,811,13,824
11780726,610,452,9,461
97141833,2882,1785,26,1811
43993176,204,120,9,129
54410150,598,373,5,378
76351079,296,212,4,216
10830035,924,621,5,626
43400900,1026,1050,1,1051
21870345,2321,1761,20,1781
54650662,1404,1679,8,1687
97091758,4601,3619,32,3651
10590915,1889,1459,13,1472
54220249,1031,765,8,773
43390425,1750,1648,20,1668
86570028,1714,1095,5,1100
43560064,1136,859,7,866
32930591,2517,1611,5,1616
43417986,509,400,4,404
10780051,105,72,0,72
86663076,803,649,15,664
32950492,2959,2303,17,2320
76120095,1103,582,5,587
43774544,223,179,3,182
10820203,925,669,6,675
76340998,470,366,5,371
86991283,717,542,6,548
33010647,3269,2800,6,2806
11631417,246,131,2,133
22110174,80,68,0,68
43411654,1479,998,23,1021
76150100,693,405,8,413
97120302,2428,1910,4,1914
10250783,2100,1530,18,1548
22650230,227,130,2,132
43990588,707,582,13,595
43410079,435,324,8,332
65520020,318,216,4,220
33250711,2782,2034,19,2053
22720317,792,616,0,616
76251203,503,547,8,555
54540367,394,266,2,268
76250134,1062,598,7,605
10250570,1602,1154,19,1173
43670471,2097,1616,32,1648
54450064,1204,855,18,873
21860546,1701,1148,16,1164
32871438,404,560,2,562
22600819,184,198,2,200
98430060,1409,849,6,855
97120155,2799,2222,22,2244
10870758,700,484,10,494
76060582,459,1093,49,1142
22020275,829,762,11,773
76290879,527,179,3,182
11620369,389,236,5,241
54210013,1729,1334,23,1357
54740145,910,693,19,712
76360327,988,667,10,677
32952393,182,356,3,359
86550701,193,80,3,83
54790049,2406,1782,23,1805
11580342,726,406,9,415
54680238,1532,1243,3,1246
43501362,209,113,1,114
54330117,2223,1538,24,1562
54910290,867,635,15,650
22600695,633,583,3,586
86660589,965,620,10,630
43360129,4292,3039,137,3176
10870770,1101,823,10,833
43771697,465,337,6,343
76250673,616,330,1,331
43360703,3772,3228,48,3276
54650314,1469,830,17,847
11591401,309,178,2,180
10591051,2752,2235,29,2264
97090319,2055,1492,0,1492
76341045,241,177,3,180
22310053,1768,1263,22,1285
10710010,1530,1112,16,1128
43620926,725,483,19,502
76370823,815,492,9,501
22120120,280,161,3,164
32940536,1413,1087,9,1096
33000411,655,607,3,610
86663032,1777,1356,22,1378
76140615,1448,879,19,898
11080583,134,100,3,103
76320817,1594,909,13,922
32953136,476,547,11,558
22750231,699,518,20,538
32980226,2619,2269,11,2280
86770053,1850,1139,29,1168
10851038,403,263,5,268
43621477,1090,739,19,758
32890439,3701,2512,19,2531
65440458,2358,1661,20,1681
43600160,915,716,17,733
76150346,918,712,17,729
97130965,1478,1115,15,1130
54910065,1989,1330,12,1342
11760263,1547,948,17,965
65340020,85,73,3,76
11771412,617,425,13,438
43991499,385,225,0,225
86742669,515,339,5,344
22020242,701,528,16,544
54910683,330,297,1,298
76260180,1360,691,5,696
43361490,1152,937,27,964
65600018,2620,1893,44,1937
76320053,512,277,13,290
33270151,1838,835,13,848
43580415,409,350,5,355
65010046,174,100,1,101
76210512,888,464,11,475
43417324,189,153,0,153
11570587,700,371,4,375
43410080,1220,750,16,766
22100016,151,85,1,86
32952102,2641,1398,32,1430
86680064,920,940,6,946
21870222,1604,1027,21,1048
22410357,234,158,3,161
97830164,423,245,0,245
10860094,533,327,3,330
86820408,266,127,3,130
11390127,918,559,15,574
32840984,2186,1606,6,1612
86552792,558,266,28,294
43500305,249,174,1,175
11770859,596,350,4,354
54620793,343,293,6,299
11220017,1350,822,6,828
11770365,604,381,13,394
43503005,217,147,3,150
43414185,203,180,3,183
76170506,1074,663,4,667
76090316,554,677,7,684
86660062,342,208,5,213
76101308,555,401,2,403
22370026,1154,798,19,817
76080618,368,384,5,389
22330077,663,564,18,582
43950618,2533,2087,27,2114
22430124,223,145,4,149
11772075,275,191,2,193
43400113,1942,1526,49,1575
76330469,982,644,9,653
97820073,494,277,6,283
97860088,824,570,9,579
86553579,375,222,9,231
76440056,2339,1515,21,1536
43411878,1323,782,15,797
65440706,627,1101,17,1118
10820832,855,669,5,674
22210153,522,1207,27,1234
43504871,399,295,3,298
43370625,2616,2150,0,2150
86870144,2012,1511,25,1536
87020344,4199,3569,31,3600
76371082,210,168,6,174
22590110,1384,941,24,965
10250468,2437,2228,2,2230
43504488,310,276,0,276
43411452,331,196,2,198
43622221,628,465,11,476
22120029,335,203,5,208
54210271,325,350,6,356
76480487,943,563,4,567
97200176,2662,1807,14,1821
98100121,238,141,2,143
43990533,973,635,20,655
43620410,747,615,6,621
54750056,1094,1120,25,1145
10920406,214,144,3,147
76220333,1544,1007,0,1007
11761141,170,116,7,123
10920035,465,314,9,323
86550756,1012,812,6,818
32851098,3656,2834,37,2871
97100074,2710,2400,3,2403
54900042,1493,993,21,1014
22110310,81,55,0,55
22050021,461,376,5,381
76340729,888,559,16,575
21870176,2103,1333,37,1370
65690073,18,21,0,21
43730041,1880,1461,9,1470
76321414,284,227,0,227
76221165,372,357,7,364
43500046,249,138,1,139
43583137,744,599,7,606
43480324,4120,5682,0,5682
76220085,809,537,5,542
32860986,2506,1644,29,1673
43992096,665,497,11,508
22670018,1728,1145,0,1145
76251191,380,382,4,386
43690743,1225,833,13,846
10850981,462,357,2,359
11761129,267,203,3,206
86740971,2195,1340,43,1383
11830698,733,550,2,552
86553063,819,484,8,492
11800673,285,181,3,184
11772086,338,309,12,321
97220134,658,435,13,448
54880667,404,382,7,389
43417515,366,303,2,305
43500361,592,362,6,368
65470046,897,639,2,641
76210433,969,623,11,634
22650049,52,32,0,32
10850554,310,198,6,204
32861178,2173,1730,0,1730
10841329,345,255,3,258
76170393,1412,880,11,891
86740364,485,321,5,326
43584082,683,564,4,568
86990361,167,106,0,106
11580465,397,255,0,255
86661579,1504,1084,10,1094
22340090,1269,925,25,950
97141259,2599,1627,20,1647
86550666,943,485,11,496
11810933,170,106,3,109
76190070,1025,620,8,628
33140034,798,614,2,616
33020121,2676,2084,23,2107
54720132,357,298,2,300
76470217,381,356,1,357
97290018,1885,1306,24,1330
43418662,411,379,2,381
43370377,2281,1747,13,1760
76280159,1063,682,7,689
98310034,729,507,9,516
86554086,327,192,1,193
76100228,1397,782,1,783
10250626,1996,1512,27,1539
86552848,697,435,13,448
32950087,4278,2940,15,2955
76380127,560,284,4,288
54140150,1929,1553,129,1682
97310033,90,123,1,124
43500642,983,697,14,711
76130063,402,221,2,223
76290026,638,371,2,373
43994346,346,247,4,251
76290240,756,313,5,318
86580197,383,315,3,318
44050025,3126,2563,28,2591
33200031,785,639,0,639
11760397,474,318,3,321
76090327,1064,1082,17,1099
43774858,263,191,2,193
86551230,1889,1204,19,1223
86991339,1283,876,5,881
22790033,1962,1230,24,1254
54620153,1669,860,24,884
97860022,1048,646,18,664
11610638,504,341,5,346
10930205,55,37,1,38
97090364,2292,1827,26,1853
76150807,444,339,2,341
11071718,243,168,1,169
43480032,1608,1363,0,1363
43416277,350,271,10,281
76340875,215,140,0,140
43690305,199,138,1,139
11770590,472,310,6,316
43415119,513,332,8,340
76450440,617,475,5,480
86740511,1786,1089,52,1141
98380402,1066,838,11,849
76480397,250,135,3,138
76540068,295,205,0,205
43417920,472,381,3,384
10850363,375,254,5,259
43994212,267,192,4,196
65500062,79,38,1,39
32890406,2183,1742,15,1757
32870303,1612,1373,5,1378
11600569,448,263,6,269
76520022,674,375,7,382
32961023,630,623,6,629
43390920,1604,1278,25,1303
86900283,1114,862,15,877
22320021,2039,1329,16,1345
54410464,205,255,1,256
11600345,651,372,7,379
43991174,962,634,14,648
86991610,575,419,6,425
97120076,1584,1595,7,1602
43400371,3523,2831,49,2880
22420268,1414,749,19,768
43414141,738,464,4,468
86910521,393,403,4,407
11830159,622,455,4,459
86743604,128,54,0,54
54330140,1003,757,20,777
33030188,2512,1865,15,1880
54490024,998,591,10,601
43621365,839,568,10,578
97280107,2507,2041,0,2041
22810148,157,109,3,112
32871113,3243,2625,37,2662
43583474,855,725,11,736
43600058,3564,2582,35,2617
86760018,865,531,2,533
11570228,537,350,1,351
43501429,615,481,5,486
22320111,1362,1127,32,1159
43400584,2561,2200,0,2200
43418460,669,890,7,897
43980015,1547,1349,2,1351
86663380,980,732,6,738
33070148,2032,1695,66,1761
11070133,400,282,3,285
98430262,1302,861,12,873
76490433,143,101,3,104
76260393,234,198,1,199
10840430,556,367,12,379
76210141,653,423,3,426
32960785,1352,1053,5,1058
22421045,1168,734,16,750
11631248,172,113,2,115
65440650,733,622,17,639
86990316,1471,999,3,1002
32940671,1116,871,11,882
22360014,559,422,8,430
65010103,44,30,0,30
76320367,949,709,8,717
97710082,2090,1338,15,1353
43580695,1778,1452,12,1464
10940161,434,295,0,295
44010021,845,569,6,575
21870671,841,755,15,770
22410076,247,207,3,210
97710048,3282,1653,29,1682
22110185,203,129,1,130
97950077,3866,2401,0,2401
97540296,1059,781,12,793
11820204,951,682,4,686
54230194,1093,906,13,919
11811080,445,266,3,269
76360057,714,425,15,440
54740011,2125,1771,2,1773
54220261,232,189,7,196
97100052,2684,2231,4,2235
54580103,900,614,7,621
43500451,757,405,0,405
65620021,1853,1453,20,1473
54260243,903,718,11,729
43530027,1758,1344,19,1363
43620612,803,577,0,577
22600279,1664,1104,21,1125
11690029,410,456,8,464
43414343,585,292,3,295
32910308,7293,4075,31,4106
54540828,197,210,4,214
33110143,1045,741,19,760
43622041,1267,939,30,969
43583328,1040,849,18,867
76380239,529,353,10,363
86660927,976,695,14,709
43950483,1889,1417,0,1417
43773464,395,288,7,295
43414488,960,703,15,718
43600328,573,478,8,486
76220108,723,427,11,438
22060055,845,587,8,595
86553456,415,249,4,253
54890736,480,362,7,369
32931042,266,278,1,279
22400390,74,51,0,51
10870578,914,594,8,602
32860122,4090,2622,24,2646
11590376,500,323,5,328
32951437,2129,1539,20,1559
76160808,617,426,9,435
65440313,3351,2332,13,2345
76210916,1085,625,8,633
43620184,346,249,4,253
10251504,1816,1353,18,1371
43480076,2926,1609,27,1636
97830018,465,241,3,244
11831138,175,116,0,116
54590250,864,596,17,613
43580112,330,198,3,201
43371457,2092,1496,19,1515
43622849,1150,731,12,743
76230143,692,420,4,424
43775095,367,342,2,344
43411227,313,210,2,212
43775006,228,174,3,177
86710013,1807,1158,18,1176
86870201,1536,821,11,832
43416143,1206,925,16,941
22310064,132,99,0,99
76360473,1057,608,4,612
43390054,1947,1410,20,1430
98430082,1006,663,4,667
11590725,323,184,1,185
43370670,4278,3298,51,3349
11570217,700,413,3,416
11830609,474,300,3,303
97141417,3472,2554,17,2571
54410408,136,133,2,135
10850857,173,110,2,112
76300343,1375,824,5,829
76290880,520,181,4,185
54620186,894,429,8,437
32860043,3149,2269,13,2282
43503858,644,442,6,448
43691654,618,374,13,387
97780034,399,355,1,356
76260438,428,335,2,337
22020095,1041,591,139,730
11610852,296,223,0,223
11100317,220,139,4,143
76370148,1471,804,14,818
10840036,832,634,3,637
43775286,516,533,10,543
86992408,692,440,9,449
33030379,3711,2696,55,2751
86661276,499,305,8,313
22770019,1172,819,11,830
43692767,1233,984,12,996
10810167,498,307,6,313
76390162,977,636,14,650
22120041,207,146,5,151
43502026,866,595,8,603
43413948,555,258,6,264
76220434,1649,846,17,863
43622726,586,404,0,404
11070863,321,218,2,220
43370186,2578,1938,4,1942
43992614,1158,900,20,920
97110301,2238,1962,2,1964
86870155,2130,1566,28,1594
76360204,584,397,1,398
97540139,2030,1494,13,1507
11600873,671,446,43,489
54830044,2604,1988,34,2022
98380121,2659,1877,22,1899
76360721,566,375,2,377
97120559,885,713,5,718
33270263,1718,1045,14,1059
11631642,154,89,4,93
97142665,1477,1235,12,1247
54210125,431,325,9,334
10810303,564,316,5,321
32860515,2078,1550,22,1572
43410260,1079,674,9,683
43990599,2153,1589,38,1627
43503229,606,463,2,465
44070050,1695,1443,7,1450
33010399,1644,1093,31,1124
65790018,1788,1142,21,1163
76100734,1065,610,9,619
43411182,515,354,2,356
43625853,328,267,1,268
10870411,469,306,1,307
32862955,2503,1923,19,1942
43361670,1518,1303,12,1315
32910274,3477,2641,48,2689
65090314,16,16,0,16
22670052,810,522,1,523
22600370,1496,929,19,948
43950630,1667,1481,9,1490
43621916,299,235,4,239
97110288,3354,2156,0,2156
11580218,468,276,5,281
11780614,299,237,2,239
65300026,32,25,2,27
97120245,2310,1530,22,1552
11821294,706,480,10,490
33270173,1641,907,5,912
22820318,92,79,1,80
97130426,2478,1998,20,2018
76360899,251,202,3,205
43625763,205,154,4,158
43418684,380,305,4,309
43412251,934,717,9,726
76330379,792,542,14,556
76220827,598,348,4,352
76290981,143,179,1,180
86662581,440,294,8,302
11771962,636,434,7,441
97142047,1442,1112,11,1123
10940756,380,255,2,257
97830210,325,179,4,183
11760825,192,101,2,103
43775488,104,92,2,94
76350742,793,477,2,479
54570102,855,559,8,567
76520145,357,290,3,293
76250831,917,746,8,754
11610245,1038,707,0,707
86743749,446,374,5,379
22120300,150,127,3,130
33000444,2654,2282,38,2320
11780557,272,171,3,174
76251180,40,46,0,46
43583755,268,221,3,224
86990372,230,142,1,143
97380018,1155,720,19,739
22600662,641,515,3,518
32870875,2249,1405,11,1416
97110323,3819,2885,8,2893
86742311,307,217,7,224
43900196,453,350,4,354
76260472,277,196,0,196
11800583,606,390,1,391
11830047,508,345,2,347
32952528,1103,1182,4,1186
43740042,1242,1015,5,1020
43991871,145,104,1,105
76190384,1288,773,16,789
43350049,2868,2770,21,2791
11750475,1903,1124,30,1154
11800022,266,186,3,189
43950012,2109,1391,25,1416
22740050,1725,1141,18,1159
54910436,1201,851,3,854
76150649,504,315,11,326
43501160,1060,655,9,664
76110230,704,542,9,551
65240018,1790,1316,15,1331
43994649,659,676,7,683
86662659,335,232,7,239
33030335,3424,2141,32,2173
86991014,551,423,3,426
43412914,972,746,8,754
76200375,1230,821,10,831
76120062,355,182,4,186
10820337,502,324,2,326
97090601,2662,2169,11,2180
10950195,61,46,2,48
43740187,2677,1298,0,1298
32890899,1786,884,14,898
43504477,421,349,3,352
10820472,688,519,4,523
32952113,3726,2331,33,2364
43400810,1292,1062,12,1074
97710037,1676,1096,5,1101
43773587,1831,1282,30,1312
54510117,600,550,7,557
76270349,1713,1261,12,1273
86660354,1139,693,14,707
43622636,449,340,3,343
11601098,301,181,4,185
76211030,1159,671,11,682
10100192,983,778,16,794
65760037,267,188,10,198
97090083,1976,1248,13,1261
11630292,718,404,6,410
86740881,1041,677,18,695
86991632,547,373,11,384
32950504,2690,2102,5,2107
33240125,1903,1382,17,1399
43502149,501,416,8,424
43503454,262,204,0,204
43414220,1299,948,17,965
32861886,1958,1616,3,1619
86740386,581,394,13,407
11480026,213,111,2,113
43994357,324,248,3,251
76390218,1499,900,19,919
97140023,4162,3536,0,3536
43621893,245,212,4,216
43504309,252,220,1,221
76500334,367,317,6,323
33020558,1844,1858,16,1874
76140457,787,494,1,495
54160017,1810,1127,16,1143
86550611,489,307,3,310
76200735,217,222,2,224
97091332,2790,2086,12,2098
86740566,946,560,26,586
11230063,420,285,3,288
43413915,732,431,12,443
32861796,1516,1185,15,1200
43417706,981,709,0,709
43415041,657,442,2,444
10590612,1280,799,8,807
86742254,68,24,0,24
11810113,851,475,7,482
21870299,1111,825,10,835
43390223,2739,2310,25,2335
11820181,603,333,7,340
11580690,350,271,11,282
10810471,491,356,2,358
86850018,2058,1423,10,1433
65030105,31,24,0,24
54660180,137,111,3,114
43480379,783,924,12,936
33240305,1496,956,11,967
11390576,570,387,10,397
10950308,569,424,2,426
43501227,1405,920,20,940
43772036,896,619,12,631
76321054,792,490,5,495
11771018,826,554,9,563
32950997,4774,3637,12,3649
11600244,509,310,4,314
10880063,289,165,1,166
76490208,642,398,19,417
10840249,239,163,0,163
11760296,507,251,6,257
11650373,671,424,12,436
43994458,117,91,0,91
76221110,347,223,1,224
22650421,231,130,11,141
43670550,2353,1761,20,1781
76371071,115,95,0,95
76100048,1232,775,5,780
10870512,327,218,9,227
86820150,135,60,0,60
21930049,916,575,5,580
43990241,912,688,8,696
76250044,1200,731,10,741
43994773,577,472,55,527
32930490,2487,1774,12,1786
97800105,2448,1186,15,1201
11781176,685,532,10,542
11750701,140,98,1,99
86991171,1936,1095,22,1117
54870060,1233,1028,13,1041
11780580,253,175,5,180
43414129,613,374,10,384
32871089,2973,2181,56,2237
22421359,216,176,9,185
32890147,2939,2059,43,2102
76310445,338,230,8,238
11831385,302,231,5,236
11811192,260,189,2,191
43840043,1369,1185,24,1209
11630573,558,313,7,320
76340572,190,73,0,73
86992925,434,313,2,315
97110491,511,398,11,409
10841239,200,132,4,136
43371031,4165,3200,49,3249
43580257,237,157,5,162
11560205,1177,657,10,667
43480256,1882,1727,13,1740
97092401,1410,1086,11,1097
65580037,1592,1239,11,1250
43590090,2785,2205,43,2248
76270417,1067,566,19,585
97090948,2767,1872,53,1925
76160099,1329,874,26,900
10890154,740,555,6,561
97091534,2798,1723,25,1748
10080076,921,702,7,709
33240394,455,271,2,273
43691317,1116,740,12,752
33110110,297,215,5,220
65440076,2264,1687,26,1713
54540491,605,532,10,542
54680384,187,177,10,187
43900174,677,544,8,552
76360338,649,466,3,469
21861154,1295,929,30,959
76290251,1124,343,3,346
32931020,541,593,3,596
22080169,138,98,3,101
33020345,4241,3477,34,3511
43582530,936,650,10,660
11800639,448,312,37,349
11570992,151,88,4,92
22470038,1554,1002,20,1022
22700045,1526,992,34,1026
43993772,754,546,16,562
76480599,1115,671,3,674
43371930,1311,1093,15,1108
33020402,1408,1168,6,1174
11751522,335,241,4,245
43411643,837,668,10,678
43770944,603,498,7,505
43390885,2310,1769,48,1817
86991452,291,176,0,176
43994324,334,243,5,248
43390212,2388,1894,6,1900
33010670,3957,3062,11,3073
98080083,758,806,2,808
86910172,1745,1086,20,1106
10390025,682,469,10,479
32870358,5091,4624,7,4631
22200040,1173,754,6,760
86680019,1697,1321,9,1330
54540132,2544,1661,10,1671
76160134,640,320,13,333
86550677,826,499,3,502
43411913,774,594,6,600
76100835,995,642,8,650
10870882,453,311,15,326
11460248,201,126,3,129
76430055,578,502,4,506
10790355,264,160,1,161
76100947,1548,872,14,886
43418752,214,147,3,150
43412486,724,451,10,461
65530021,3178,1970,46,2016
11771771,288,196,4,200
32850468,4351,2261,20,2281
21861200,424,440,8,448
43418279,298,228,7,235
86741040,1180,722,18,740
76120242,291,189,3,192
10870321,752,496,17,513
10820742,367,249,3,252
32980440,708,876,3,879
76321245,409,282,6,288
54140082,2461,2106,27,2133
76340314,441,170,0,170
11230029,1960,1344,24,1368
86992824,490,379,9,388
11071505,525,402,4,406
54890343,348,237,3,240
76290666,757,385,2,387
22720115,1240,839,13,852
65520086,478,238,4,242
97142092,2660,2313,14,2327
33270331,1015,937,8,945
33061283,430,805,12,817
86551151,1619,929,26,955
86670197,1517,1163,12,1175
97110468,884,855,1,856
43770102,578,395,8,403
86580209,220,179,0,179
11390273,324,197,3,200
76130300,1078,625,5,630
43500608,951,638,6,644
76481040,340,226,4,230
32840849,2396,1773,14,1787
97130628,1528,1139,16,1155
11390385,779,573,6,579
98380356,1661,1200,89,1289
10880074,81,66,0,66
10820348,611,396,4,400
43774386,653,492,12,504
10871434,137,105,1,106
22350057,606,482,13,495
43413139,238,137,5,142
86553524,229,170,6,176
43361748,2092,1371,15,1386
43580505,472,390,5,395
43584105,312,224,4,228
86661568,1702,1258,19,1277
43500136,1326,1032,0,1032
10590465,1461,1016,8,1024
43582967,562,581,8,589
43410484,280,130,5,135
76140525,1506,758,10,768
10820573,251,146,3,149
76510379,469,264,2,266
11800561,496,315,12,327
11601155,203,128,2,130
43950281,1774,1492,1,1493
43503319,657,432,15,447
11080651,463,322,5,327
11800066,368,187,3,190
97100276,2714,2141,12,2153
43693106,193,148,2,150
43773475,327,229,5,234
97540050,623,460,6,466
76100307,1292,655,6,661
33080116,2378,1647,27,1674
43994098,2772,2136,97,2233
11640035,357,231,5,236
11080055,591,388,3,391
22420190,1059,654,16,670
76340943,485,327,3,330
54910447,1012,696,9,705
86991373,2167,1354,21,1375
76160077,1329,732,24,756
86661704,1149,773,14,787
43991376,716,528,1,529
86740241,1428,785,17,802
54650730,441,533,2,535
22600381,2269,1563,15,1578
43501047,463,303,8,311
10910843,360,295,3,298
76340426,869,465,7,472
33030593,680,708,5,713
86741343,1233,807,1,808
43360028,3506,3110,30,3140
11610492,716,502,14,516
86662974,1854,1122,24,1146
43390267,4780,3462,0,3462
11560328,2164,932,4,936
76400018,685,430,4,434
11630786,485,285,2,287
32960549,1243,1090,2,1092
86554244,379,316,42,358
76360686,146,80,0,80
43691856,1257,989,21,1010
43773699,1477,1115,29,1144
97200143,1341,793,12,805
11621045,104,77,0,77
43504848,140,118,0,118
11080819,195,124,15,139
97090735,1957,1586,10,1596
87010073,1799,858,31,889
10570069,1488,721,21,742
11591300,122,75,1,76
43560097,1370,1101,7,1108
54320172,439,472,8,480
43412835,2196,1637,32,1669
43390795,3220,2362,15,2377
11591298,155,95,4,99
32951178,2435,1929,5,1934
43584060,1434,1217,22,1239
43370872,1293,965,10,975
22720294,549,449,4,453
32870066,3089,2564,6,2570
10810617,580,345,4,349
43410754,346,255,8,263
76300422,930,472,7,479
97140247,1712,1218,21,1239
43622096,657,491,11,502
98400247,2082,1576,23,1599
54540862,481,452,11,463
21990045,1521,1172,38,1210
11620886,319,242,2,244
11830250,505,335,4,339
97141697,1665,1157,17,1174
98410091,1409,959,6,965
54830077,1416,1368,54,1422
11570105,661,477,5,482
43773835,595,505,8,513
43950304,1882,1256,5,1261
32860177,850,737,2,739
22400299,248,184,9,193
43410417,644,467,7,474
10790210,477,300,6,306
43361614,2152,1457,29,1486
86741332,514,322,12,334
33090050,1956,1524,16,1540
32890350,1497,1093,9,1102
10820067,343,279,1,280
43350544,1439,1249,36,1285
76481152,399,343,4,347
43620746,759,507,3,510
98420126,321,252,1,253
54610455,283,267,6,273
43620296,513,353,8,361
10430097,461,290,6,296
97520250,1248,757,8,765
86820240,229,141,5,146
43414624,1134,874,13,887
10110058,1665,1395,31,1426
76290611,993,408,10,418
97090218,2266,1430,22,1452
32861246,4200,3057,17,3074
54610400,285,362,8,370
33030548,1135,1002,14,1016
10820326,666,478,2,480
43390593,1436,1214,0,1214
10920013,1014,683,11,694
97800127,2208,1131,21,1152
43622276,1241,890,18,908
21861615,722,617,22,639
11810168,408,192,5,197
97640017,2041,1376,19,1395
10871276,544,364,3,367
10110036,1635,1208,23,1231
76370711,371,180,2,182
76160404,562,382,8,390
11780748,749,523,12,535
32850446,3128,1798,33,1831
11811103,189,128,5,133
43583160,587,499,12,511
43625213,364,268,1,269
22590064,1921,1239,11,1250
33240181,1547,952,10,962
10920248,315,204,4,208
10560024,1313,899,12,911
11770118,1479,868,10,878
32890844,796,636,12,648
22400378,486,351,10,361
76160651,660,432,7,439
86590154,1847,1359,30,1389
54230138,724,659,7,666
11590411,339,213,3,216
11820956,457,324,9,333
22100128,349,205,5,210
33060338,2512,1854,13,1867
11831510,276,236,0,236
43772744,678,483,10,493
32952067,3569,2843,22,2865
66000035,35,23,1,24
43950562,1749,1442,10,1452
43900152,1072,922,14,936
43503308,174,136,0,136
43580673,2192,1629,20,1649
10250345,4455,3230,6,3236
86742546,156,93,0,93
33190084,1394,1497,9,1506
86910082,2282,1568,20,1588
86741703,285,185,2,187
10820360,956,776,6,782
11610841,714,429,13,442
43504084,161,113,1,114
43622872,358,246,0,246
76090091,2738,1856,34,1890
10850138,509,383,9,392
76130120,486,291,3,294
86662143,2077,1514,22,1536
76490286,700,496,9,505
22400345,195,137,3,140
76100802,1489,946,8,954
11040040,850,691,6,697
76290116,738,425,3,428
11590905,276,188,1,189
10840597,457,291,35,326
43501003,1061,679,18,697
54620344,923,359,12,371
33020581,4119,3429,13,3442
43371255,6656,6204,71,6275
65800043,106,117,4,121
43900051,3614,2131,17,2148
43504219,404,333,3,336
86550813,1644,72,2,74
54620478,123,77,0,77
11030016,1341,849,12,861
33260352,751,774,7,781
11830430,607,405,8,413
97130134,1616,1322,1,1323
76341135,80,67,2,69
21930038,1936,1420,12,1432
43414163,876,577,11,588
76270338,445,286,5,291
54570326,1565,931,13,944
76320749,882,593,7,600
86840062,843,522,14,536
54880252,758,552,3,555
43480335,716,756,4,760
22760029,1581,1049,10,1059
43415726,1346,1032,15,1047
11790637,419,270,5,275
10700019,646,460,6,466
33020266,1606,1400,29,1429
43411216,499,391,8,399
11771029,586,369,5,374
22430146,98,55,3,58
54320161,637,610,8,618
87020445,2470,1732,10,1742
76360732,450,329,4,333
43622355,876,670,12,682
10570047,1516,904,8,912
32951022,3219,2473,18,2491
86662907,612,420,21,441
43361669,2348,1988,14,2002
43417885,518,422,6,428
86662615,888,636,17,653
11080268,722,538,8,546
86821128,1526,1339,23,1362
22410335,209,103,1,104
43362019,313,142,2,144
43990353,1420,1129,25,1154
22421179,212,146,1,147
11100069,346,211,3,214
86990428,477,265,12,277
76220940,570,361,8,369
54650392,2297,1794,13,1807
86820194,350,238,10,248
43774689,331,255,12,267
32861088,1852,1518,21,1539
76290813,1459,554,5,559
43580314,1091,936,19,955
86992015,334,185,0,185
11591232,398,256,2,258
54620210,1879,1192,27,1219
32890046,2943,2337,7,2344
11770051,959,446,7,453
76370429,276,290,6,296
54880511,769,617,18,635
10820494,200,131,0,131
97092030,2733,2130,37,2167
76260102,631,381,2,383
10450044,95,44,0,44
76230356,382,164,2,166
43583261,274,165,0,165
22200130,1632,1207,37,1244
43480290,1679,1631,19,1650
76211670,295,253,2,255
43621747,444,299,9,308
10840115,383,246,13,259
86630014,1773,1165,0,1165
10670431,545,514,2,516
43360343,1362,720,10,730
11800011,509,354,2,356
54620232,235,89,1,90
43690967,931,724,4,728
22120254,120,95,0,95
22421438,257,205,3,208
22090227,103,80,0,80
11070256,458,324,9,333
11750925,677,485,6,491
43415894,664,519,10,529
76140479,1261,825,12,837
76220861,1269,762,10,772
97100311,3325,2373,13,2386
76220906,811,458,9,467
11591209,328,214,2,216
43370322,2481,1710,26,1736
22600303,1932,1406,9,1415
11810450,606,384,2,386
54610567,222,275,4,279
97141552,1291,932,4,936
11210027,1714,1180,8,1188
86741400,1072,696,23,719
10840148,312,212,15,227
43580055,668,412,4,416
76450439,673,724,8,732
76291050,167,328,2,330
11820428,619,363,7,370
76520101,606,420,12,432
33240248,913,575,10,585
76150391,1630,903,28,931
11780838,347,271,5,276
97140843,1575,1451,8,1459
11751566,651,499,10,509
33200075,319,238,3,241
86743132,296,224,6,230
65330164,56,39,1,40
76290374,1325,495,5,500
76400377,1211,776,5,781
54880410,1735,1404,0,1404
54540558,943,797,16,813
76160415,1375,870,15,885
86990068,542,367,3,370
76130670,200,130,1,131
43690518,1285,925,13,938
11590477,532,321,6,327
11750262,445,284,5,289
43417043,1189,1021,12,1033
86991384,215,369,4,373
11751836,724,485,16,501
76160123,1877,1127,26,1153
21861839,491,572,25,597
43417773,519,316,10,326
76211096,865,545,5,550
65250019,1217,895,13,908
33050056,2158,1456,4,1460
11460338,266,164,0,164
11590286,650,401,11,412
98250026,2449,1618,20,1638
11590073,498,316,9,325
97141743,2945,2175,35,2210
76400535,172,166,4,170
86552398,284,125,6,131
76190193,1446,920,12,932
86991597,2187,1439,1,1440
86663234,80,77,1,78
54760035,1421,1000,31,1031
86661467,663,451,5,456
76211029,1312,416,5,421
76230299,439,238,1,239
11071482,300,229,6,235
54540121,2223,1488,32,1520
76220850,618,411,4,415
22170068,1215,919,15,934
10520020,888,643,6,649
54650055,2726,2115,47,2162
32940930,570,716,9,725
21861198,1202,941,9,950
65160020,729,612,2,614
10930159,508,358,9,367
11770488,337,188,3,191
22650241,291,131,3,134
76190632,208,170,7,177
10300284,3742,2634,52,2686
43501508,1280,809,14,823
64930024,183,133,2,135
76170067,545,342,10,352
43417504,523,397,12,409
97092423,1968,1556,14,1570
76160426,1788,1269,30,1299
86992701,387,360,5,365
97142058,2678,2198,21,2219
86660488,996,527,8,535
76450068,2135,1149,18,1167
11780658,261,193,6,199
54620311,896,575,15,590
43371671,1279,863,2,865
76300545,590,358,6,364
76290341,960,318,4,322
43625965,1533,1371,44,1415
43371503,3112,2581,31,2612
76210938,882,495,2,497
10810145,429,229,0,229
32910106,3548,2543,39,2582
43416569,449,329,10,339
86730059,3342,2433,20,2453
54890365,705,557,4,561
22200185,926,834,9,843
54680070,2954,2174,40,2214
76180215,212,25,4,29
97142339,1640,1383,4,1387
10890457,197,117,2,119
43410507,1330,959,6,965
22770097,522,395,4,399
11070177,409,278,1,279
11070201,410,285,6,291
43412363,822,498,9,507
11600727,216,116,2,118
33020176,3918,2502,235,2737
43584284,369,273,6,279
43362345,878,929,10,939
11750723,542,352,4,356
76210545,435,280,0,280
86552185,1333,766,24,790
32940840,1139,1001,17,1018
86840073,293,205,3,208
86741501,91,45,1,46
76141100,214,183,4,187
54420050,383,251,4,255
76211085,2242,1434,17,1451
22600785,967,836,3,839
98050057,3492,2517,20,2537
65900022,2890,2054,22,2076
32841648,2619,2398,3,2401
43413005,379,252,6,258
11070672,272,193,2,195
43361366,1325,1182,15,1197
97710138,1200,900,13,913
11830980,830,600,18,618
76270046,1040,579,6,585
86552961,627,395,5,400
43771620,899,677,19,696
76340123,277,134,1,135
65810033,1316,1016,13,1029
86661041,1204,871,7,878
43600272,2202,2074,50,2124
11780243,1188,878,12,890
33120065,732,644,3,647
22270047,1668,1102,20,1122
43994616,406,259,4,263
11820507,910,542,36,578
22430225,213,142,0,142
10251807,2204,1325,10,1335
11830216,776,536,3,539
10100237,540,515,12,527
97091680,2364,1700,20,1720
43900062,1138,866,16,882
22640240,78,47,0,47
86660129,428,273,4,277
33090397,1848,1234,5,1239
43410732,837,498,15,513
76470161,55,89,0,89
32950447,2613,1748,8,1756
43360130,2240,1715,12,1727
76200522,185,139,1,140
54910896,774,678,17,695
76260269,1263,782,10,792
86740948,1086,604,15,619
10870332,408,247,5,252
11761006,601,399,14,413
11631226,372,255,6,261
10590443,2803,1933,6,1939
54650202,2332,1674,20,1694
76060638,392,615,5,620
76340819,191,131,1,132
22110231,134,87,0,87
43994403,338,263,6,269
65350043,100,65,0,65
10940183,563,314,6,320
43362053,3933,3139,43,3182
22630148,96,50,1,51
10770072,411,407,1,408
43950472,3301,2484,5,2489
43503588,505,372,6,378
43620487,570,442,4,446
86742007,218,112,2,114
54910177,1558,909,14,923
43504949,278,234,2,236
11780344,554,296,9,305
22400402,102,57,0,57
86991755,1941,1337,0,1337
43504499,839,689,7,696
10850239,390,258,3,261
11780603,487,316,3,319
43771484,681,646,11,657
97100467,2999,2489,0,2489
43362187,1464,1301,16,1317
86870223,2191,1517,33,1550
86661221,1205,884,2,886
32840546,3124,2387,8,2395
33010850,3078,2310,24,2334
65980132,95,52,0,52
32930153,2508,1970,2,1972
76211490,277,254,1,255
32870864,1723,1295,28,1323
11720056,726,847,8,855
76060076,1355,830,5,835
76170562,1168,942,28,970
43410383,2202,1161,22,1183
10940059,210,125,1,126
76290206,1520,824,4,828
10841138,176,122,2,124
33010951,470,544,0,544
86553917,123,114,5,119
76350191,957,606,20,626
43411126,604,444,6,450
97140595,1615,1104,8,1112
43414691,812,542,10,552
54700095,1456,907,43,950
76110049,1868,1164,1,1165
32940873,3040,2526,41,2567
86553591,284,214,9,223
43360545,2524,2331,19,2350
43361108,2449,1944,20,1964
11781222,248,184,9,193
97141507,3430,2580,24,2604
32871270,954,858,4,862
43390942,3889,3069,59,3128
11590927,342,247,5,252
43772384,579,444,4,448
43360196,646,700,4,704
33020187,3136,2452,26,2478
43992388,268,196,7,203
11750396,213,153,6,159
10840351,427,283,0,283
10790254,402,219,39,258
10870747,711,486,0,486
97090690,2327,1762,10,1772
86552499,639,282,1,283
11740036,513,657,8,665
11690018,1740,1111,5,1116
97540207,952,386,1,387
10870893,455,324,3,327
76290431,901,270,5,275
76080528,200,237,1,238
32840186,3351,2270,15,2285
11800819,271,196,2,198
54890501,729,534,8,542
43415737,1974,1504,24,1528
11620842,229,181,0,181
43417414,1336,1133,25,1158
86551162,874,438,50,488
76100712,1091,736,13,749
33030021,2324,1624,31,1655
54620445,925,720,15,735
10100169,4096,2616,127,2743
10591275,967,769,3,772
11780401,942,564,9,573
11600738,474,234,5,239
43993097,437,236,4,240
86743345,441,294,4,298
32840782,1804,1328,9,1337
10870792,593,386,2,388
10820900,372,291,6,297
11770220,586,364,2,366
22400121,264,173,3,176
97830120,433,265,1,266
76380611,514,411,6,417
10890334,264,179,6,185
76190137,1853,1294,10,1304
76480072,449,260,2,262
11621056,122,103,2,105
86820026,189,69,0,69
22600831,1055,932,12,944
86670311,443,447,4,451
43994199,92,69,3,72
11080370,462,281,2,283
43417223,1119,1073,19,1092
11591052,715,447,10,457
11760049,411,283,0,283
22421449,236,204,0,204
43370108,1773,1244,15,1259
33270184,2379,1617,38,1655
10280012,2565,1677,0,1677
86663201,802,857,10,867
32863136,1997,1608,30,1638
98380378,2474,1855,39,1894
76260506,971,885,5,890
86661052,1898,1263,16,1279
76100510,1254,796,0,796
43950102,2127,1635,20,1655
43625055,1175,938,25,963
43400034,4746,3657,60,3717
43418864,689,673,11,684
76240290,441,282,3,285
10620043,612,541,8,549
43371862,2391,1809,33,1842
86580322,1177,855,38,893
11640473,313,195,1,196
32860997,964,762,18,780
11631675,282,169,4,173
76221086,451,341,0,341
76220164,1294,708,9,717
10810178,628,419,5,424
10251043,2134,1755,21,1776
11771805,758,550,17,567
97130145,3031,2331,7,2338
97800150,1740,1139,8,1147
76360855,365,277,7,284
97310044,581,543,5,548
65440021,2327,1391,20,1411
22110297,159,108,2,110
54840067,638,359,9,368
33060169,3157,2458,41,2499
76100598,515,275,0,275
21861334,298,287,1,288
33010478,1647,1260,12,1272
76140884,550,368,16,384
10850206,487,242,20,262
43750010,715,461,4,465
76450170,2569,1570,10,1580
11200093,1314,909,18,927
65440526,707,554,12,566
10590061,1679,1287,16,1303
21920026,1091,843,22,865
22400367,240,174,8,182
43992816,632,391,11,402
21860265,723,161,4,165
43994076,371,273,7,280
43500215,656,525,3,528
10250884,2216,1879,25,1904
76370801,195,110,0,110
76220490,837,506,0,506
43950089,1390,1068,9,1077
54750045,982,792,19,811
43415827,811,473,21,494
33030403,2692,2286,18,2304
76101072,714,394,7,401
86551982,1314,822,12,834
76210972,356,188,2,190
86580119,1019,506,6,512
43390201,3000,2298,4,2302
86554097,442,401,5,406
11770309,660,401,6,407
76330032,1472,810,36,846
10890525,296,226,1,227
43730030,2021,1584,15,1599
22630069,107,61,3,64
97790057,1493,1021,17,1038
86743301,615,443,38,481
54330229,1007,966,27,993
54680250,371,300,7,307
43371648,1946,1342,28,1370
43775332,377,334,7,341
76270013,979,538,12,550
11620651,345,174,5,179
76400029,1349,801,14,815
43772508,1382,1033,19,1052
86743356,588,411,12,423
11500018,1335,1119,7,1126
11071167,550,377,4,381
32910094,4396,3295,31,3326
43360499,3195,2798,16,2814
86990709,372,146,2,148
43583171,1094,881,19,900
43416200,1390,925,5,930
10100125,2529,2048,23,2071
54911077,341,332,9,341
33110042,633,437,3,440
43580280,875,683,20,703
33020198,2430,1938,30,1968
86661917,384,221,6,227
76180068,961,498,3,501
97130998,1535,1191,4,1195
11080224,540,314,9,323
43417526,212,162,5,167
11830643,963,722,8,730
43690530,818,535,9,544
65000214,170,157,2,159
86900160,1595,993,12,1005
11560081,2440,1932,66,1998
97092265,2140,1672,22,1694
22340135,730,613,12,625
43504433,714,547,3,550
97140089,3282,2692,8,2700
76070011,1727,879,22,901
11780502,996,715,19,734
11761286,135,109,2,111
10680038,336,231,2,233
43992478,720,533,2,535
11820338,422,250,6,256
22620057,38,30,1,31
32851245,1598,1390,13,1403
43391101,775,867,13,880
76160202,1852,1005,22,1027
76400399,479,220,1,221
22430113,211,144,2,146
97110110,1996,1428,13,1441
54600106,3037,2369,24,2393
54630031,2995,1989,31,2020
97130684,3122,1984,23,2007
43622591,279,172,8,180
11781053,863,629,19,648
32851199,1250,1134,13,1147
22020253,575,413,9,422
76450057,1844,1004,11,1015
54910368,1267,961,16,977
11070526,529,339,8,347
43960068,1089,811,19,830
43583003,816,621,6,627
76360079,961,472,7,479
10840205,295,182,4,186
43621275,740,13,0,13
65980031,329,211,2,213
33240316,2317,1305,14,1319
22150279,1106,912,19,931
97680033,205,153,5,158
43625460,375,256,2,258
22380072,200,189,0,189
86900036,2628,2007,26,2033
43692026,484,364,6,370
54660179,305,274,4,278
43400663,950,733,26,759
11830711,633,408,6,414
33080295,1289,1187,24,1211
86661535,1205,825,16,841
10810257,898,625,2,627
97230034,1578,1414,2,1416
22770053,1515,1023,24,1047
54590160,1425,896,45,941
65020115,330,295,7,302
98280120,2811,969,2,971
76200915,459,435,2,437
43500934,1432,940,19,959
86990811,1107,730,18,748
97820039,446,259,4,263
32931053,1002,956,0,956
43620386,349,265,3,268
86770064,2535,1696,41,1737
32850794,3999,2694,34,2728
10930328,154,144,4,148
76190531,643,406,7,413
54430073,332,280,7,287
11150075,837,639,6,645
98400315,992,989,28,1017
43775017,413,304,9,313
86690043,2358,1699,22,1721
97400022,2923,2068,25,2093
86870447,1456,1192,24,1216
43584352,377,348,6,354
11820394,513,317,8,325
76150650,1301,935,9,944
76200184,817,468,10,478
10210026,2361,1565,23,1588
11800392,513,338,8,346
54650369,2118,1761,9,1770
10860296,170,112,2,114
86980012,1156,832,14,846
76500176,1522,772,11,783
22450058,1214,849,10,859
86992835,708,590,11,601
10910898,167,106,8,114
10910607,720,482,10,492
43580448,1150,882,14,896
11620099,685,436,0,436
43504129,276,225,3,228
43360725,2413,1928,17,1945
54360075,642,445,5,450
43951316,786,714,3,717
21860175,1866,1526,4,1530
32841424,2420,1843,6,1849
86920139,575,499,6,505
76480117,529,269,3,272
22610012,1223,942,3,945
22600471,487,241,6,247
22570039,1239,840,26,866
86741680,396,232,9,241
76380295,270,171,1,172
86870234,2267,1400,35,1435
10080100,3407,2291,29,2320
11390015,170,93,2,95
76110106,1406,909,15,924
21861682,641,761,1,762
76251179,457,416,7,423
10950027,935,636,13,649
11751386,686,598,8,606
43773015,671,473,3,476
86551869,467,345,7,352
76150122,983,616,10,626
43992928,413,296,5,301
86553906,460,293,6,299
32841581,4859,4349,14,4363
32862933,828,553,10,563
97092052,4164,3355,12,3367
65870051,731,528,7,535
86930040,2922,2036,11,2047
43503207,410,339,3,342
76250954,116,81,1,82
43690147,544,409,10,419
76330481,508,440,5,445
11380036,98,66,0,66
43990993,484,354,5,359
43416783,479,376,8,384
33250328,3045,2254,27,2281
76540215,429,288,2,290
43770900,851,683,13,696
22410166,166,126,1,127
86551241,586,430,2,432
65340086,44,34,0,34
97090960,5948,3851,30,3881
76100778,1673,1019,10,1029
76380846,250,217,2,219
10140039,1723,1439,7,1446
86550363,338,172,2,174
86992767,384,350,8,358
33010210,1495,1419,11,1430
86660297,663,389,6,395
33070092,2289,1747,96,1843
76360709,706,464,6,470
54860306,150,103,1,104
11770770,809,621,13,634
54120046,970,659,14,673
21861435,345,301,3,304
76170113,810,550,5,555
76200689,312,261,3,264
54320048,1980,1317,22,1339
32863024,995,873,10,883
97091051,3421,2350,27,2377
22690010,1676,1379,7,1386
54540604,323,284,8,292
54190043,2483,1623,41,1664
10250121,3321,2566,2,2568
54300024,1294,1103,57,1160
43620476,489,340,1,341
76211041,1022,673,11,684
11571308,179,108,4,112
32863372,1031,1055,0,1055
76240155,601,319,3,322
11050029,1265,911,14,925
86560027,1477,995,6,1001
11820170,760,499,5,504
76150368,530,278,7,285
43581113,202,143,3,146
43414893,430,319,4,323
11821025,131,8,0,8
43774487,317,243,4,247
11030151,1927,1370,13,1383
10840317,402,247,1,248
10680049,1521,1031,21,1052
11590747,418,278,5,283
32930984,304,281,2,283
33060967,1840,1426,24,1450
97142418,2803,2195,17,2212
43370906,3226,2603,49,2652
76480566,749,463,9,472
76200791,244,216,2,218
11071112,205,146,4,150
97130561,1331,1110,1,1111
22750411,368,326,0,326
76160370,1091,602,41,643
76200577,556,511,12,523
76211018,1313,739,3,742
76321346,160,89,1,90
10251447,1649,1203,20,1223
76480241,1310,768,7,775
11390251,654,389,10,399
86741433,1095,729,8,737
10851173,319,250,2,252
10860140,601,403,8,411
33260239,942,592,6,598
32861527,2167,1687,14,1701
43350140,1481,1075,5,1080
32861684,3092,2390,26,2416
10250738,1622,1192,12,1204
76130681,895,568,9,577
43600384,327,287,2,289
10950230,547,362,4,366
65530065,298,192,4,196
22400198,245,184,3,187
11590804,355,231,4,235
54650729,370,374,7,381
76101375,435,233,2,235
54870172,630,487,5,492
43360512,1466,1173,2,1175
97130460,2194,1764,0,1764
76351170,553,400,6,406
76250347,564,331,6,337
86770110,2322,1547,31,1578
86663133,313,287,4,291
98080072,218,142,0,142
11080392,606,394,11,405
32861314,2184,1496,24,1520
54510128,683,522,3,525
11751869,585,394,11,405
86990585,835,570,9,579
76350023,1373,693,20,713
54430039,909,554,15,569
22210197,473,401,8,409
11030319,778,578,0,578
21950018,746,439,4,443
86991980,1391,941,10,951
22090137,98,66,0,66
97140304,2310,1609,11,1620
11610526,345,209,1,210
43775411,686,578,10,588
76110027,807,302,7,309
32980192,5767,4834,29,4863
86992149,237,135,4,139
11600828,381,189,22,211
43414242,1170,641,22,663
33270229,2043,1393,1,1394
33240372,1278,1050,9,1059
43370580,3023,2612,39,2651
76200241,948,667,13,680
43371042,2659,2134,33,2167
97530037,920,453,16,469
33060383,2620,1570,31,1601
11600312,568,324,7,331
43621905,167,58,5,63
43690787,935,648,1,649
54660078,190,131,8,139
33200176,463,276,3,279
10890468,179,110,0,110
10930092,181,119,3,122
11071763,298,198,1,199
32951268,2316,1579,10,1589
10250592,2642,1864,23,1887
76370485,1577,863,7,870
32940895,1827,1279,3,1282
22620024,1121,741,8,749
87000027,1747,1213,9,1222
11830531,617,368,10,378
76300556,875,464,8,472
32952012,4202,2360,28,2388
86930039,3088,1526,27,1553
54400058,294,200,0,200
54790038,1792,1496,19,1515
43350263,2882,1770,20,1790
65000089,2638,1535,38,1573
86553142,271,127,0,127
43580369,1402,1355,26,1381
22100140,64,55,0,55
76070033,2572,1535,19,1554
54540086,1460,896,21,917
33250171,2197,1766,5,1771
86740218,629,401,10,411
21860603,1434,1051,19,1070
10911013,272,132,1,133
43994515,227,193,0,193
43620713,654,395,6,401
33070216,525,454,4,458
98280074,2561,1572,28,1600
43371288,1899,1630,58,1688
10590645,4502,3716,25,3741
10820225,915,645,13,658
22420178,1100,670,16,686
86551735,977,569,17,586
54790140,2458,1631,29,1660
10250457,3929,2741,28,2769
43590056,3957,2800,62,2862
33000220,4100,3046,10,3056
43580066,405,567,24,591
43691722,802,498,8,506
22600853,545,630,2,632
21870277,1192,869,18,887
43411744,432,282,1,283
86553018,281,186,2,188
22540126,1375,952,15,967
76210848,1011,598,5,603
43584419,389,323,3,326
32870741,1476,1125,22,1147
65250031,174,139,32,171
76100453,1716,975,2,977
11080965,212,176,4,180
43415254,671,444,3,447
10840193,744,468,11,479
10251313,2989,2020,31,2051
76320378,637,346,6,352
86551533,394,293,6,299
22450092,515,477,13,490
43417122,930,669,6,675
43693207,610,484,9,493
10980109,818,627,6,633
43413511,2635,1899,38,1937
43993716,566,515,4,519
43730085,773,613,2,615
32851278,3220,2085,30,2115
32910162,4814,3228,18,3246
86550105,186,110,3,113
32950470,8567,5285,11,5296
97530071,780,437,11,448
11800448,191,128,5,133
11150042,865,616,10,626
76320514,1093,724,14,738
97520025,2377,1616,7,1623
43774791,398,289,5,294
11630045,635,300,7,307
86730284,715,643,3,646
11810977,370,248,15,263
76341056,225,156,0,156
43362075,1292,1127,18,1145
43414770,704,458,14,472
97091545,3852,2784,21,2805
76280700,475,415,9,424
43774870,1110,1028,6,1034
43582798,926,694,14,708
22320032,1730,1193,13,1206
97720038,3026,1978,30,2008
43360321,2925,2032,36,2068
97540049,301,128,2,130
10841374,347,233,11,244
65310016,865,663,14,677
76220625,1186,756,9,765
76150863,391,320,3,323
11640181,306,193,3,196
76310243,1102,630,6,636
54130070,1399,1089,13,1102
97700025,1009,667,11,678
22720485,365,308,4,312
76340404,1227,700,4,704
76321133,191,101,0,101
33070104,1556,1082,9,1091
21861581,346,301,1,302
33060990,5033,3510,17,3527
86920050,1429,1124,8,1132
43414219,2259,791,2,793
10790580,442,275,6,281
54570438,398,360,5,365
97140179,3919,3202,16,3218
33270230,526,330,7,337
76481051,561,421,9,430
11070717,464,312,4,316
54690026,198,62,1,63
10870286,456,297,5,302
54220351,323,254,5,259
22700113,690,615,6,621
76480959,213,139,4,143
11071471,198,147,1,148
54890567,1470,1071,27,1098
43621679,937,731,21,752
22510099,224,228,13,241
43582686,697,532,14,546
97131089,4197,2846,4,2850
22320010,1463,988,13,1001
97100412,2331,1179,8,1187
76280722,349,221,4,225
97130493,2570,2143,2,2145
98420070,762,501,6,507
43625684,617,470,35,505
65520097,478,260,7,267
22090159,73,56,1,57
32863394,1630,1577,24,1601
76210769,1818,973,15,988
22470173,487,367,10,377
43950742,1145,992,14,1006
76370867,186,108,2,110
86580287,513,477,2,479
65690039,128,49,0,49
22600404,2126,1473,0,1473
76190441,1345,837,19,856
43501586,260,182,2,184
76190597,645,553,32,585
11610100,867,518,7,525
86743165,414,273,15,288
11761297,273,219,2,221
76470228,552,437,4,441
97220123,67,66,2,68
43584509,471,539,19,558
22320100,857,659,7,666
11831374,680,566,5,571
10810437,363,261,3,264
98430093,1024,710,5,715
97300032,1636,1308,5,1313
86740319,803,545,15,560
10640023,181,154,0,154
54590418,684,509,13,522
54580226,119,65,3,68
54220126,1326,750,9,759
87020300,2809,1672,13,1685
97130268,2549,2069,13,2082
54890253,1132,792,19,811
76100745,1238,833,3,836
76320525,922,480,7,487
10810189,711,451,1,452
32861101,3792,2494,2,2496
11570655,523,325,7,332
43692127,352,223,0,223
98320013,446,306,5,311
97200031,3423,2791,3,2794
32961001,153,372,2,374
11801270,114,93,0,93
22740083,1249,868,14,882
43775275,575,560,6,566
10850048,279,136,3,139
98430037,1077,768,8,776
86850085,1411,1064,2,1066
11580353,835,622,11,633
86661737,1332,1001,18,1019
43583924,705,485,2,487
11070638,663,417,2,419
43371075,3175,2598,53,2651
43772957,1072,786,16,802
97550163,1164,692,22,714
97550073,933,458,10,468
65530278,24,44,0,44
43361502,1815,1228,21,1249
43390289,2759,2032,42,2074
32871359,1500,1250,15,1265
22330066,702,539,7,546
54900121,295,118,4,122
43581089,1497,1055,26,1081
65420041,1593,1043,31,1074
43622131,237,186,5,191
11760083,595,313,11,324
11390666,467,317,5,322
21861806,936,778,24,802
22421270,1337,1017,10,1027
22600752,503,462,6,468
76130467,762,321,6,327
32950672,2540,1903,15,1918
11590589,639,406,1,407
43501676,673,451,1,452
11570947,352,205,4,209
54620333,1609,880,15,895
86560016,1616,1074,16,1090
32940154,1634,1315,12,1327
86553467,464,334,4,338
43411294,574,391,8,399
54880566,424,377,3,380
97091365,2378,1769,6,1775
43582002,1520,1334,7,1341
43870024,3133,2126,39,2165
11831093,351,236,3,239
76270282,1983,1488,6,1494
21861121,937,718,10,728
22170057,1759,1162,26,1188
11610997,410,265,1,266
11820877,270,215,4,219
43580785,1334,1111,28,1139
11780119,1733,1179,35,1214
32890181,3201,1814,18,1832
86554176,184,166,4,170
11600592,1054,550,8,558
10570081,1610,1045,16,1061
32860458,3898,2496,28,2524
54280100,897,753,13,766
32952326,1157,1049,8,1057
76370294,378,186,1,187
11610043,515,306,0,306
43625651,391,296,5,301
43418842,337,264,2,266
33020503,3715,2326,39,2365
11800459,476,300,3,303
11780850,224,192,5,197
10840126,271,165,2,167
54660203,170,172,1,173
43504152,654,538,3,541
32840894,2436,1395,18,1413
43582541,517,421,10,431
43772126,1506,1011,23,1034
32930939,1843,1664,31,1695
97141013,3092,2306,4,2310
97100300,1800,1207,12,1219
11650159,783,463,10,473
11610436,383,256,6,262
97710150,1034,1203,25,1228
76130175,1179,652,5,657
33020031,2454,1926,22,1948
97091871,2644,2159,24,2183
43570043,1584,1127,5,1132
33250137,1400,1004,16,1020
76480544,903,466,1,467
76350090,833,473,6,479
11580702,357,253,2,255
43991938,1335,898,30,928
32851021,569,541,6,547
43419045,509,551,4,555
11030331,620,432,10,442
11710055,533,415,6,421
11620189,883,532,6,538
10100204,1683,1469,54,1523
97680011,1279,940,8,948
11620246,574,363,10,373
43600182,2697,1708,35,1743
54790511,1178,920,13,933
43502442,899,591,5,596
86661333,641,415,6,421
11610199,706,428,1,429
43770775,1070,782,19,801
11460192,374,258,7,265
86820273,726,468,16,484
11771704,574,399,6,405
11820642,532,288,0,288
54740101,957,887,13,900
33090207,2697,1715,20,1735
43650020,3018,2074,30,2104
86740252,939,613,14,627
86551319,701,414,8,422
76390263,297,242,4,246
65530267,642,638,0,638
86552253,213,121,2,123
43930032,587,486,7,493
43772991,841,594,2,596
76290352,1157,420,6,426
43581977,794,561,0,561
11780681,347,191,3,194
33060709,3097,2405,14,2419
86660073,1236,750,9,759
54330230,1125,1216,12,1228
33250407,1994,1567,26,1593
10810853,317,248,6,254
10250569,4437,2930,49,2979
10540033,1506,957,13,970
43620128,854,570,17,587
76510223,511,302,1,303
54540772,954,737,3,740
10430110,451,401,5,406
65680072,59,211,2,213
22630306,32,37,1,38
43480201,2737,1893,5,1898
10100068,2280,1493,31,1524
43503814,219,178,1,179
76300354,954,616,4,620
22240077,984,712,8,720
76190508,688,410,1,411
11600154,900,628,3,631
76211119,1031,659,13,672
43413757,537,354,7,361
76280744,701,535,5,540
11790031,517,325,1,326
76480386,228,136,1,137
54790319,3575,2380,31,2411
97140203,2457,1632,11,1643
43503634,222,146,0,146
11390497,1177,763,11,774
11640406,570,365,26,391
98100020,447,214,1,215
43410855,646,522,6,528
86552107,986,633,15,648
10820292,297,161,0,161
10250996,2164,1469,21,1490
43991286,2197,1621,35,1656
86990417,977,540,16,556
11810056,761,488,5,493
43502295,357,265,6,271
76350179,996,644,4,648
86554132,302,311,1,312
11790626,910,606,9,615
33000455,1455,1407,5,1412
43773059,584,357,9,366
21870031,3006,1972,18,1990
76220355,1197,807,8,815
43770607,239,191,2,193
32862720,150,318,82,400
76210332,873,471,5,476
76200892,468,505,31,536
22020163,1653,1141,18,1159
43621433,685,19,0,19
86550273,870,480,16,496
32910331,3775,4075,14,4089
65550056,1067,1103,16,1119
43390661,5026,3691,52,3743
97141169,1934,1221,10,1231
43580831,2313,1857,25,1882
10570104,1323,692,58,750
86990260,1026,652,14,666
54880498,782,654,4,658
98380075,1964,1495,1,1496
43502431,464,309,4,313
32870088,1836,1465,7,1472
43950203,1489,1105,7,1112
43580178,1425,1189,8,1197
97140809,2382,2023,8,2031
76210871,1186,676,4,680
97142429,1350,1138,9,1147
76320222,754,423,1,424
76200353,862,621,18,639
43774612,616,480,15,495
54900053,895,549,14,563
43992546,314,193,8,201
11420031,137,62,1,63
76400232,753,416,14,430
86551173,842,530,12,542
33180049,871,831,10,841
22590198,428,301,0,301
76450091,1811,1107,23,1130
86661715,1480,1139,10,1149
43625178,498,338,2,340
32840254,2360,1565,18,1583
98090040,1546,1303,2,1305
43501238,2445,1651,27,1678
76400120,1335,655,8,663
43992120,477,364,3,367
33250890,394,445,6,451
10590780,3468,3061,5,3066
10251672,1149,1265,3,1268
76230479,494,304,2,306
43413263,781,514,11,525
43361850,2389,1622,9,1631
43774724,297,232,3,235
54540693,789,753,12,765
22421326,680,534,10,544
97141631,2341,1535,22,1557
43360680,4431,3705,95,3800
43480021,2503,2642,13,2655
22530046,809,688,5,693
54880207,992,796,10,806
22650151,462,309,12,321
97141237,2532,1825,14,1839
97131078,1569,1550,5,1555
43412037,317,182,2,184
11150143,611,417,6,423
43890026,2893,1987,33,2020
10850453,406,237,7,244
43692655,510,431,1,432
10770050,906,826,3,829
10390092,91,89,3,92
43691092,291,207,1,208
11761130,343,217,6,223
32890620,3012,2984,20,3004
43503027,431,270,1,271
10820966,246,215,4,219
43413645,1267,806,13,819
76321177,291,186,7,193
33240338,2990,2043,29,2072
97141967,3812,2763,0,2763
10790490,333,267,2,269
21870042,1834,1165,21,1186
43772159,858,614,15,629
54880061,1181,754,6,760
32930670,1341,1000,14,1014
43400898,1002,928,20,948
97380030,598,452,3,455
33060855,2523,2154,6,2160
32951280,1263,862,3,865
54740178,672,731,7,738
76211243,777,418,7,425
86850041,1387,1108,18,1126
10590926,1303,1000,20,1020
86553399,176,110,2,112
43773857,181,122,0,122
32862360,1763,1469,20,1489
97142171,912,1159,19,1178
10910933,320,235,3,238
97091613,2959,2340,21,2361
43581663,693,527,22,549
32871450,1614,1618,1,1619
98370041,780,616,4,620
11620190,565,339,0,339
11770769,1096,614,13,627
97110389,1599,1288,4,1292
43775073,307,276,2,278
32840175,3716,2981,21,3002
43503959,677,439,16,455
54640032,1060,885,15,900
10810101,658,478,2,480
22720384,694,714,9,723
43410967,1013,560,6,566
11751038,505,315,12,327
86580120,924,596,5,601
54890646,1005,801,13,814
97091411,2770,1868,11,1879
43416648,525,404,9,413
43990825,914,712,13,725
97091006,2306,1608,15,1623
86551858,1219,768,17,785
33010771,1524,1143,16,1159
76250178,654,325,9,334
76351237,309,298,2,300
86742625,378,268,4,272
11610201,671,504,9,513
98400168,2515,2168,3,2171
43950810,1203,901,6,907
10810392,577,338,1,339
76180136,509,283,0,283
76101285,858,596,0,596
98010019,1564,1169,0,1169
32930513,3017,2088,28,2116
43413858,202,84,2,86
86900227,2634,1484,35,1519
98380301,2222,1594,20,1614
11831352,321,253,2,255
21860973,3029,1848,7,1855
33010940,713,949,7,956
76090259,1542,1298,7,1305
76080179,2373,1551,5,1556
97091826,1817,1388,16,1404
10820922,284,223,2,225
43415018,1143,774,15,789
10810066,179,89,1,90
86690133,2808,1882,26,1908
97920052,1844,1405,19,1424
11750745,953,604,8,612
11290025,1520,953,26,979
11611033,111,62,1,63
54860272,281,224,5,229
86554121,436,301,4,305
97200019,2968,1930,27,1957
65870062,1867,1319,21,1340
11571139,505,374,4,378
76380284,899,581,7,588
43774522,556,387,0,387
10730067,464,329,5,334
54340062,689,550,8,558
43622434,583,379,8,387
43416367,822,598,10,608
97093435,1139,1148,18,1166
11780827,380,286,3,289
98380323,1303,867,7,874
86821050,408,514,7,521
10870130,564,395,2,397
11090034,351,209,2,211
54440153,1002,692,8,700
11590770,429,264,1,265
43771529,583,462,11,473
76150223,862,456,14,470
76060155,837,574,2,576
54470189,477,426,15,441
22470027,1299,805,11,816
54540097,2306,1417,33,1450
11560283,601,269,7,276
43503869,1337,1005,18,1023
76370968,800,588,3,591
54580114,440,273,14,287
33060136,2970,1878,33,1911
21860197,3732,2790,8,2798
76351226,411,358,1,359
65220027,2426,1709,31,1740
10100158,1968,1571,7,1578
76380644,127,100,6,106
11620279,424,237,0,237
76480724,1007,626,6,632
22450069,498,329,4,333
43500552,523,350,3,353
54670035,271,147,5,152
86663391,182,156,3,159
76200533,312,236,7,243
98270017,3209,2118,7,2125
65330029,54,21,0,21
76360956,198,148,14,162
43500260,653,472,0,472
21870682,256,230,4,234
43504837,319,247,0,247
86552736,355,183,4,187
11631495,758,487,11,498
54890602,537,652,12,664
97710093,2649,1698,20,1718
33260060,1932,1370,5,1375
86670164,4182,2748,19,2767
11750318,510,251,7,258
86551364,829,570,18,588
76130434,574,277,6,283
32850895,5258,3078,57,3135
32890428,3176,1920,29,1949
43350128,1166,951,11,962
11080886,191,135,1,136
10590847,2637,1555,33,1588
76300770,536,448,12,460
97530015,853,558,6,564
22590211,848,464,6,470
54260423,662,687,7,694
76320682,624,422,2,424
98400191,1883,1549,0,1549
43503296,411,286,5,291
65980042,95,72,1,73
11630270,937,567,9,576
97800082,1484,965,8,973
87020579,435,489,15,504
54420162,965,1048,24,1072
33250306,2926,2042,14,2056
86700270,2482,1479,20,1499
54890523,1005,908,9,917
32850378,2613,1894,26,1920
11780456,573,348,4,352
21870198,1890,1350,33,1383
43771619,525,300,18,318
11830441,279,204,5,209
22520023,2819,2052,53,2105
86590121,1475,1369,2,1371
10430064,1128,841,7,848
98340048,320,220,1,221
76230390,472,257,3,260
11830564,672,492,6,498
97130246,1461,1056,9,1065
76211579,372,279,9,288
11070267,458,336,5,341
43990072,398,259,2,261
43774825,155,114,1,115
11070908,359,199,0,199
32862191,1016,802,7,809
97142542,636,570,3,573
43370737,2149,1683,13,1696
33030212,1380,1175,9,1184
76170641,379,283,8,291
32930603,3208,2535,3,2538
22590086,1908,1406,27,1433
10790276,506,318,6,324
11811181,281,198,1,199
11610144,472,288,2,290
86730183,1047,572,13,585
32863316,630,1037,3,1040
76160820,1158,742,15,757
87020221,2033,1381,18,1399
43622568,404,251,5,256
11560441,864,612,13,625
11831172,191,126,0,126
76470015,1697,1113,18,1131
43994694,346,337,6,343
32851267,1948,1153,18,1171
54840203,282,331,9,340
22100094,173,127,3,130
43417683,110,102,0,102
43584576,427,475,7,482
97100108,3883,2979,3,2982
43504938,955,728,6,734
54670079,407,310,13,323
43370647,2518,1885,41,1926
32960291,1985,1422,10,1432
43692420,639,461,7,468
32910016,2984,2544,21,2565
76220704,924,583,5,588
76140996,389,304,1,305
54790847,477,564,7,571
76130030,931,538,4,542
32851133,1973,1515,18,1533
65040038,540,437,3,440
43692149,1735,1289,18,1307
11650351,245,146,0,146
98370029,1623,1349,10,1359
43501788,997,613,14,627
43360231,1634,1171,6,1177
86550633,584,368,11,379
86880022,2354,1448,32,1480
43581382,532,317,0,317
43410013,1184,687,15,702
33060765,3921,2915,35,2950
54160062,296,337,3,340
76130748,782,766,10,776
10850778,410,304,5,309
76200432,658,516,11,527
11831329,154,125,0,125
11580904,882,511,6,517
97460017,1550,1225,23,1248
44030124,955,940,13,953
43360949,2476,1940,12,1952
43361254,3561,2474,46,2520
11070515,364,203,5,208
54740189,727,699,17,716
11390183,641,405,16,421
33250609,539,391,1,392
86553478,70,49,1,50
11650283,509,338,8,346
22421775,548,516,10,526
97141978,2222,1516,26,1542
43360400,2673,2115,4,2119
11820372,474,219,1,220
98140035,1320,1043,15,1058
43582282,2350,1717,45,1762
11380058,276,177,2,179
65530054,279,167,5,172
43414534,1073,611,0,611
86700012,3203,1893,27,1920
43622254,747,468,10,478
32951875,976,903,6,909
97090476,2762,1932,4,1936
87070035,888,811,12,823
76101320,797,529,3,532
76350618,555,383,9,392
11770950,1438,935,12,947
11630775,665,414,6,420
32871449,1845,1810,11,1821
11770242,825,519,16,535
97120133,3152,2661,0,2661
43774881,240,183,2,185
10830057,778,453,9,462
43460052,2661,2105,4,2109
11070313,469,331,7,338
32871292,4215,3506,21,3527
43951158,1375,1271,11,1282
43400539,1533,1359,6,1365
22410447,99,68,3,71
10570171,576,486,6,492
86830016,1102,855,8,863
43361096,2227,1821,38,1859
33270083,2386,1704,5,1709
76200465,561,461,3,464
76540080,529,335,0,335
43692699,341,272,3,275
22650386,198,118,1,119
10790120,124,50,0,50
11640192,325,185,8,193
11071640,270,97,5,102
54540705,1630,1324,41,1365
54320138,1740,1372,37,1409
54220395,575,663,6,669
86550408,1159,766,21,787
32861954,3037,1535,32,1567
11750879,909,607,7,614
76340190,390,214,1,215
43621141,541,359,9,368
10871366,673,499,7,506
76300220,502,281,5,286
11650441,605,421,0,421
33160025,1878,1444,9,1453
76510100,564,326,7,333
97091983,4146,3175,33,3208
43772463,995,785,13,798
22600493,875,396,4,400
11591221,172,106,2,108
97200402,1252,1191,1,1192
97140720,3388,2774,38,2812
76280193,1792,1110,20,1130
98170016,1502,863,14,877
21920048,25,36,0,36
43503555,688,518,3,521
54860070,1167,831,10,841
43584037,1245,1005,31,1036
76340291,1117,524,0,524
11600929,568,322,3,325
54120125,1685,1136,22,1158
97100535,2184,1624,19,1643
76290060,693,279,6,285
65140051,1949,1034,17,1051
54420072,482,406,12,418
76150885,184,175,2,177
86800013,354,160,6,166
86553322,1041,786,15,801
43371222,1188,1109,18,1127
11820978,371,273,7,280
43622029,372,240,9,249
97142025,1454,1074,30,1104
22421315,249,185,0,185
86660691,1019,777,7,784
54910346,1633,1103,12,1115
10870679,523,405,5,410
86660208,433,250,3,253
76520077,360,146,3,149
11831419,248,180,14,194
54540446,1175,977,14,991
33020514,4017,2817,51,2868
65020047,534,400,1,401
76190564,431,341,3,344
76260225,1297,342,1,343
97141899,1838,1275,2,1277
76220142,1261,788,8,796
54220384,368,290,9,299
32980417,2704,2037,34,2071
32850198,3877,2775,18,2793
43622210,501,355,8,363
76510278,517,302,2,304
76460025,2633,1955,38,1993
11170011,102,83,1,84
43870091,1845,1491,3,1494
43500394,958,664,5,669
11390217,919,563,9,572
10910360,365,193,6,199
11750442,746,443,7,450
43410563,2226,1561,21,1582
54600027,2563,2071,7,2078
43774476,225,177,4,181
43418796,137,229,4,233
76360866,313,250,20,270
21860018,932,477,4,481
11020059,716,535,3,538
54230082,2485,1775,28,1803
86663458,761,600,16,616
32890327,3654,2479,16,2495
43413072,414,287,2,289
11620572,399,256,4,260
43370535,1396,1123,12,1135
86742164,578,303,2,305
43500989,661,420,9,429
43582710,737,568,12,580
43501935,652,401,6,407
76100813,950,636,3,639
76351271,340,287,10,297
43626102,272,228,2,230
10250929,3018,2255,64,2319
86570040,118,31,0,31
76211232,255,127,0,127
11080213,937,638,13,651
97520115,1330,1094,20,1114
43390436,2905,2103,74,2177
43416176,780,599,13,612
32862269,2285,1576,5,1581
76230570,275,181,18,199
43412082,188,54,2,56
43418549,175,196,4,200
54540299,2573,1683,37,1720
54650303,2263,1318,7,1325
22421393,232,128,2,130
54890938,348,295,5,300
54580057,1324,699,6,705
54700051,2508,2295,38,2333
43417100,202,150,1,151
54610152,1510,1017,12,1029
76150627,1330,564,5,569
76321470,361,330,6,336
11071190,309,237,3,240
10670307,1759,1262,21,1283
32863169,383,506,1,507
43361333,1522,1327,19,1346
98380424,1226,1190,5,1195
76400276,652,345,4,349
43412419,1147,781,27,808
10790603,376,240,3,243
22650050,112,58,2,60
11780962,645,488,10,498
11571320,302,213,5,218
76481130,486,483,2,485
11460574,120,89,8,97
11390240,766,518,12,530
76150302,1087,677,9,686
22600167,1525,1123,22,1145
97730039,1851,1349,5,1354
11780423,360,235,2,237
10950049,504,313,1,314
43371761,2481,1951,26,1977
97090566,969,831,8,839
43840054,484,390,14,404
22310020,1537,1149,19,1168
22210164,544,496,9,505
10850105,496,294,0,294
32960279,1973,1419,14,1433
76350056,827,425,6,431
86870256,2420,1428,15,1443
86990855,309,201,0,201
22020310,213,174,1,175
32930344,1078,847,12,859
22340056,1150,499,11,510
11071156,265,194,5,199
43670415,1789,1440,31,1471
11610896,143,89,3,92
76370856,1274,875,12,887
11790266,615,398,6,404
43582181,479,328,11,339
97300043,1327,999,11,1010
43362222,4275,3497,0,3497
43411889,495,316,4,320
76320020,929,581,4,585
11771614,509,337,0,337
43690361,1265,849,13,862
97091444,2438,1679,17,1696
22540092,709,524,11,535
33020716,1896,1439,13,1452
33090285,2267,2011,10,2021
97650018,3668,2771,25,2796
22640228,144,85,1,86
10840474,614,375,5,380
43772979,673,479,10,489
76200601,224,220,3,223
43620702,565,376,9,385
76310355,993,595,7,602
43504242,634,504,8,512
10251111,3118,2032,14,2046
43416749,470,340,8,348
33020604,3870,2725,55,2780
65440403,113,138,0,138
43370265,4050,3314,0,3314
10670228,1329,983,2,985
33080105,1674,1482,22,1504
43581517,858,632,9,641
54580013,1200,691,13,704
76320648,689,392,2,394
43581539,246,187,4,191
65290068,56,40,0,40
98400146,2308,1645,22,1667
11830733,383,278,5,283
98130135,893,906,8,914
54590328,905,547,7,554
76050086,549,348,6,354
76240458,616,406,3,409
64940036,744,650,9,659
10250176,3925,3235,5,3240
76290509,1106,465,6,471
21870165,1987,1236,28,1264
32841277,3476,2532,102,2634
11610795,802,524,6,530
43502600,1858,1404,17,1421
76080157,2467,1402,24,1426
22740162,1461,1117,17,1134
10390081,202,155,4,159
11430032,102,63,1,64
54790555,1386,1190,20,1210
11631765,405,260,2,262
65390081,1115,828,13,841
76370553,616,333,3,336
43360624,3495,2696,16,2712
97142395,1163,1229,0,1229
43413016,627,423,10,433
65530111,352,193,5,198
32900194,3631,2796,30,2826
43670561,1764,1350,11,1361
86661995,1009,722,18,740
11631743,355,219,8,227
76320907,1118,757,21,778
76510436,462,327,2,329
43690888,2311,1877,32,1909
97092131,2109,1501,14,1515
11220040,1132,747,9,756
43413173,352,249,3,252
54770036,670,680,7,687
76340763,492,315,2,317
97142632,3377,2601,23,2624
97200301,2294,1517,5,1522
11610289,640,434,0,434
10840508,258,187,1,188
11200138,543,406,8,414
54880342,2726,1954,33,1987
54190021,2411,1446,24,1470
54590317,1058,697,10,707
97960034,4064,2805,40,2845
76140198,1246,620,3,623
43400573,4535,3436,6,3442
11750464,761,495,10,505
43360185,2481,1680,9,1689
54910650,874,741,7,748
21870233,1099,733,11,744
97090836,1772,1311,11,1322
32950425,4405,3228,3,3231
54260074,2440,1656,6,1662
11821014,267,168,1,169
10920361,417,316,0,316
33061250,1622,1439,26,1465
76180158,1017,547,9,556
43371154,5360,3926,24,3950
76190104,1195,715,5,720
98130012,2135,978,16,994
32950908,2556,1841,5,1846
10300105,1949,1579,13,1592
22110062,78,99,0,99
98350016,780,481,6,487
33250485,2619,1712,21,1733
43411755,1068,819,14,833
11770107,674,352,17,369
86661489,1082,769,9,778
43670617,1124,857,6,863
43370311,1061,846,0,846
54610163,1938,1113,25,1138
11631428,338,199,6,205
11460394,217,176,4,180
97910040,3395,2217,35,2252
54790195,785,635,9,644
43370940,2990,2270,35,2305
76101386,534,333,4,337
11761118,250,157,14,171
76160460,1280,722,14,736
33200053,525,397,4,401
54540895,776,745,11,756
86620013,1577,901,18,919
32950256,2269,1783,8,1791
76140705,757,491,3,494
21860366,4051,2632,1,2633
98420036,1139,761,12,773
54610422,946,744,4,748
54230183,1066,1133,23,1156
32952742,467,717,5,722
11831318,207,163,1,164
11820293,1080,640,21,661
11591210,254,172,0,172
43581067,428,239,14,253
43580392,3179,2224,19,2243
43621826,522,472,14,486
43770269,1715,1246,61,1307
22410188,62,42,2,44
65140017,2744,1998,15,2013
54410396,130,174,2,176
86821162,749,515,11,526
43503678,1018,820,19,839
43775242,374,172,0,172
22240055,2113,1262,26,1288
76150379,766,472,4,476
54660034,116,93,0,93
11610324,945,570,3,573
86992194,440,349,1,350
11570622,674,434,11,445
97420013,976,813,5,818
32841402,8146,5342,66,5408
76090260,1508,1615,6,1621
11030386,1459,1303,12,1315
86821038,260,166,2,168
10250288,2293,1617,12,1629
97090230,1971,1364,21,1385
76170360,1464,1071,17,1088
43670718,561,513,8,521
54350029,1384,995,14,1009
76340651,630,314,2,316
33030582,875,845,11,856
43583519,588,420,7,427
76150560,1203,726,16,742
76110229,520,487,4,491
10920158,368,255,6,261
97141181,2065,1281,10,1291
54610466,640,514,0,514
76320941,1209,851,8,859
86742940,190,129,2,131
86820879,158,116,2,118
10980154,579,427,3,430
97141125,3676,2339,9,2348
11570442,641,442,4,446
32860964,1932,1638,13,1651
98410125,1815,1384,7,1391
64950026,2492,1854,32,1886
86661490,403,282,5,287
86600022,1441,797,19,816
10850273,493,264,9,273
43622119,116,76,0,76
76310322,526,344,0,344
76280586,578,392,3,395
43583700,464,312,2,314
43362008,2599,1796,0,1796
43480357,551,405,10,415
97550196,234,196,6,202
43412981,642,427,8,435
97093424,467,439,1,440
97520283,1845,1325,19,1344
65790029,2051,1541,0,1541
22720441,295,282,0,282
43503117,872,726,7,733
32870493,1255,1429,7,1436
76300804,284,204,7,211
11770893,817,548,5,553
33010861,3276,2441,10,2451
97410089,2665,1488,33,1521
43600137,2522,1653,15,1668
32841110,2155,1716,18,1734
43361467,4228,3155,45,3200
22400569,62,45,1,46
76250538,765,483,7,490
33090140,1000,831,7,838
43502767,902,648,12,660
11771333,525,335,9,344
43503083,599,464,5,469
65430020,1556,1287,27,1314
76200768,438,238,2,240
43771462,366,254,4,258
43390010,2337,1836,31,1867
32870684,2843,2207,21,2228
86690166,2845,2234,17,2251
11580421,595,409,0,409
11820327,702,396,15,411
86740713,1042,681,13,694
65560035,167,349,2,351
97440015,1488,1252,3,1255
86741668,127,31,1,32
97090072,1616,1214,6,1220
22320054,1287,989,11,1000
21870570,224,200,2,202
76130108,461,254,0,254
43418594,370,352,15,367
76200342,602,384,6,390
86743097,773,541,4,545
11640170,785,469,25,494
11390194,1158,680,12,692
86900126,2134,1194,0,1194
21860883,1977,1358,17,1375
43600227,549,607,4,611
86553557,229,142,7,149
11770400,1181,662,15,677
10850262,565,223,0,223
65280012,124,71,2,73
76190014,439,319,1,320
33020233,2498,1871,1,1872
43692374,359,251,11,262
32850132,4172,3041,17,3058
43771967,1046,809,13,822
10251649,1911,1629,25,1654
43370850,1616,1358,6,1364
43580460,563,468,6,474
97090858,2932,2235,9,2244
43620465,726,518,2,520
43621792,1234,957,48,1005
54910649,658,501,11,512
22330022,2130,1458,27,1485
11761039,661,432,49,481
22720092,994,561,5,566
65000168,2288,1747,27,1774
76480904,544,362,4,366
10910304,866,579,2,581
98210011,629,552,3,555
97093457,560,887,11,898
32940806,2454,1863,22,1885
54790869,382,630,15,645
32953068,691,927,9,936
22160012,1786,1444,13,1457
11640282,601,392,8,400
76150728,284,250,4,254
43504578,456,417,8,425
11752253,328,251,8,259
76510155,636,331,7,338
43625493,93,75,0,75
43621804,174,121,1,122
10810482,467,348,6,354
76130311,354,199,4,203
98430228,1036,680,10,690
54910515,1043,814,12,826
11600301,737,441,8,449
33060417,1886,1745,0,1745
32952269,3005,2243,29,2272
11760320,583,337,7,344
76220579,1268,640,4,644
22120243,125,93,5,98
76160998,472,366,5,371
11752040,428,310,9,319
43410978,326,179,1,180
33040055,1930,1432,9,1441
97800093,2079,1300,70,1370
97091927,2785,1807,21,1828
43411575,910,595,17,612
86550532,818,466,13,479
43417021,701,546,5,551
43690653,587,401,10,411
76530180,168,93,0,93
43621488,916,563,6,569
76440045,2151,1731,18,1749
65000023,2517,1620,9,1629
11771197,445,317,11,328
32940121,2091,1618,3,1621
22590121,1720,978,30,1008
32870460,3239,2265,5,2270
86820655,326,269,5,274
43501654,439,315,0,315
65390058,854,672,24,696
43583856,287,208,3,211
21861592,537,589,10,599
10940284,465,316,0,316
11600895,470,321,3,324
76250583,919,440,11,451
22470106,1576,1009,18,1027
86660714,1570,1153,13,1166
76120118,1440,761,14,775
43692037,124,77,3,80
76321571,269,223,4,227
97200468,1460,1088,12,1100
54820043,425,589,5,594
86600044,917,705,3,708
97200424,1558,1209,10,1219
43620285,548,413,6,419
76200713,309,234,4,238
11771995,929,660,14,674
65830024,110,78,3,81
43690406,608,433,16,449
32861695,1844,1479,15,1494
97170015,430,313,3,316
98050013,1665,935,22,957
76080472,917,604,30,634
86553928,249,121,4,125
86580186,766,573,5,578
33020761,214,201,1,202
86740049,877,579,13,592
97131056,1929,1328,8,1336
76170157,1657,1137,8,1145
64970017,2893,2100,24,2124
11771951,751,556,16,572
32841468,2030,1668,26,1694
43693016,276,228,2,230
86580377,214,243,1,244
11630405,814,468,8,476
32863103,1378,1388,2,1390
11650496,443,310,8,318
43503779,255,177,1,178
97120346,2075,1252,11,1263
32960392,3004,2211,25,2236
76100374,1803,1046,10,1056
86660725,2128,1454,21,1475
11600479,767,518,7,525
32861099,1324,1510,55,1565
11801056,238,169,10,179
21860737,1443,976,4,980
54910740,982,840,5,845
43412778,671,690,0,690
86580164,1021,717,11,728
11570677,677,473,9,482
11030195,1081,779,18,797
54760046,3234,2219,6,2225
11810573,397,243,1,244
97131236,1037,1220,12,1232
86551803,600,338,5,343
86742726,364,264,6,270
11570598,547,334,4,338
76360811,437,329,3,332
33250889,1033,1077,22,1099
11620134,843,522,16,538
76260258,1559,433,0,433
86870188,1682,1106,33,1139
76280317,1235,757,6,763
86960100,900,744,10,754
11760689,450,353,5,358
54790601,711,587,8,595
76321357,380,222,18,240
33010467,1654,1287,10,1297
43412699,3059,1639,27,1666
11590466,325,198,2,200
76150470,2144,1415,20,1435
54140071,1739,1415,28,1443
98430239,785,495,9,504
86550475,728,472,14,486
54580136,1522,974,13,987
86890012,2416,1473,35,1508
43774094,702,419,8,427
86743581,211,176,9,185
76200139,647,447,16,463
43775141,616,562,10,572
43503599,427,336,12,348
11830362,914,669,2,671
32890642,2758,2618,50,2668
65440425,2650,1818,80,1898
54640010,1727,1241,16,1257
32960606,2892,2076,19,2095
11620673,296,214,4,218
32960224,1671,1260,9,1269
32860098,6324,3601,49,3650
43580549,740,671,14,685
33110198,427,328,5,333
76130018,808,453,6,459
22421472,275,189,2,191
22400075,78,99,1,100
11590095,743,459,6,465
54660067,1191,963,10,973
33030267,1890,1707,16,1723
11071235,381,295,4,299
76470194,814,739,13,752
11630900,816,486,2,488
76280014,1379,821,4,825
32910049,7575,4252,36,4288
11770185,922,629,10,639
11591513,204,130,1,131
97090847,1210,933,13,946
10810831,336,246,4,250
11800404,374,237,12,249
86992790,255,199,3,202
32952315,6406,5674,30,5704
22421371,417,336,3,339
22720474,453,364,0,364
97142036,1814,1545,29,1574
65600052,1181,1046,21,1067
10390104,196,129,5,134
43670730,565,722,5,727
33010401,1570,1241,15,1256
43691025,356,230,3,233
11070100,653,437,6,443
33170183,950,864,16,880
43773644,884,607,6,613
43771103,743,564,3,567
22400211,137,87,0,87
33110301,610,627,11,638
11700010,3212,2514,36,2550
10910438,354,213,12,225
76380543,354,247,1,248
10850958,214,158,1,159
76321559,256,213,1,214
11390565,429,303,5,308
32952821,1294,1361,27,1388
54260029,3018,2113,18,2131
11610807,374,253,1,254
10810594,487,340,9,349
11270012,1193,825,8,833
11600862,203,148,0,148
21920015,2033,1505,25,1530
22790011,1904,1179,21,1200
76210422,1020,678,12,690
43775477,246,243,5,248
32861583,1533,1235,23,1258
32953080,723,923,4,927
76200757,60,47,0,47
86720025,1251,981,3,984
97360050,639,437,4,441
86992475,80,24,2,26
76230671,197,137,1,138
10590296,2235,1542,11,1553
22810070,243,128,3,131
97141024,4267,3562,8,3570
11570318,369,242,2,244
76390241,424,312,7,319
10841420,247,193,5,198
43692587,512,296,6,302
10590320,2120,1876,2,1878
33000286,3657,3087,3,3090
33200064,228,169,5,174
86730262,1686,1348,21,1369
54170029,785,637,20,657
43770933,643,577,7,584
43691272,659,478,5,483
54220171,643,429,15,444
98100109,934,653,11,664
65440492,1797,1502,26,1528
33200132,1264,888,11,899
33030199,2441,1893,18,1911
54910830,1179,1030,27,1057
43990724,239,146,2,148
11700021,416,321,3,324
11040028,500,372,4,376
43690035,218,141,6,147
33250317,1911,1467,9,1476
11760443,370,205,2,207
54590261,1188,790,20,810
32841738,693,718,4,722
97550040,671,372,6,378
97100906,1590,1729,1,1730
11771041,913,505,9,514
10910258,282,198,0,198
43418033,265,195,4,199
43416222,349,256,0,256
86700113,1584,1223,9,1232
76310423,641,488,6,494
11830889,345,266,6,272
32980158,4455,3602,26,3628
54610220,100,29,0,29
11821339,81,48,1,49
43690293,403,276,5,281
11800257,291,167,10,177
11630034,388,220,1,221
22320144,1784,1155,9,1164
76190643,537,653,6,659
98400258,2740,2050,54,2104
76100969,1835,989,9,998
86742962,578,433,10,443
33110211,343,252,3,255
76170371,2475,1425,29,1454
33080082,1600,1284,2,1286
97800059,2158,1532,0,1532
54520017,3000,1677,26,1703
86662693,1105,894,11,905
11780883,689,517,12,529
11650182,344,213,3,216
54370054,192,111,2,113
76480162,546,317,3,320
86553287,576,436,12,448
43772733,731,448,4,452
11760577,106,70,2,72
33160014,1958,1355,11,1366
43410585,509,313,5,318
98060014,1443,1132,4,1136
32863350,915,1067,13,1080
10920114,943,661,8,669
11770275,588,457,12,469
43419012,225,173,3,176
76130513,523,341,7,348
76350821,995,681,14,695
65130049,1621,1208,13,1221
76320671,692,414,3,417
11610234,489,302,5,307
11060020,501,399,4,403
43410372,248,78,0,78
86580298,788,714,1,715
43570111,1657,719,10,729
86730127,1374,1012,17,1029
32841053,3187,2422,24,2446
43584273,135,90,1,91
43621567,679,435,11,446
22140010,1535,909,11,920
86660231,434,253,0,253
76320503,1325,833,16,849
22150088,1159,861,7,868
22600437,2130,1504,26,1530
76210231,1252,700,12,712
65190034,678,493,14,507
10180044,1056,932,8,940
11770130,579,316,3,319
43502486,745,538,7,545
76190340,1011,647,6,653
43390087,5333,4613,34,4647
98350050,148,97,5,102
22420831,1164,768,29,797
97142328,326,289,5,294
97141215,3648,2164,17,2181
11810786,565,429,14,443
43502183,352,202,11,213
43620993,1056,727,38,765
11571140,563,372,8,380
11630832,432,288,7,295
11100340,110,79,1,80
21860759,1207,835,10,845
65980019,136,170,1,171
11580522,366,262,7,269
97140719,2303,1685,60,1745
11630180,476,280,7,287
76160213,929,535,57,592
32910498,2356,1895,6,1901
43670482,1630,1135,23,1158
86870302,1406,1575,14,1589
76120253,379,225,29,254
54570146,1101,604,6,610
43890037,871,911,21,932
97091860,3036,2299,23,2322
43582114,502,373,11,384
11730013,1423,1238,13,1251
86992228,480,335,5,340
65290114,81,23,7,30
76230121,483,250,3,253
43691104,925,598,15,613
97120021,1305,1036,5,1041
43550085,1086,835,13,848
43992467,914,609,0,609
22380050,1875,1147,19,1166
97141394,2452,1551,15,1566
33050090,1068,926,11,937
86560049,1120,759,28,787
32980046,3590,3148,13,3161
97091185,2474,1597,11,1608
65530155,429,302,2,304
43990511,1459,1063,18,1081
76170405,817,504,5,509
11781165,681,524,8,532
86940029,1929,1261,16,1277
11580612,810,537,10,547
43770146,361,305,0,305
97092412,1794,1442,20,1462
76320323,300,186,1,187
54380044,245,151,1,152
32951099,2288,1914,8,1922
54160073,176,182,1,183
65610019,930,709,24,733
76250594,664,432,4,436
76080034,1308,666,1,667
43371738,1335,1209,5,1214
10790164,397,218,2,220
86740915,345,251,3,254
11760836,225,142,5,147
76330234,897,578,7,585
76310096,751,479,12,491
54590407,552,469,7,476
76270495,510,478,15,493
33050113,499,476,7,483
43500068,448,381,3,384
76291005,416,275,2,277
10270022,1382,1171,4,1175
11071549,328,255,3,258
76211614,244,160,2,162
43771776,553,444,12,456
10850026,769,526,8,534
54900075,273,152,2,154
43950427,3566,2832,15,2847
43420036,3070,2987,8,2995
33260385,981,976,12,988
43991804,733,568,12,580
76210534,1232,670,10,680
76170494,2027,1165,27,1192
43691115,2795,1596,25,1621
43991040,640,404,4,408
76330313,1378,720,2,722
86661805,1505,1140,18,1158
76320750,1260,715,11,726
97141754,1103,930,0,930
43740143,2748,2241,16,2257
33260419,1116,1079,14,1093
43774993,294,243,2,245
97100580,1996,1562,25,1587
54140138,2473,2051,67,2118
54570359,1026,766,12,778
32870932,3116,2303,32,2335
76321076,840,490,6,496
98430194,618,452,16,468
43993053,1317,960,5,965
76280496,1381,718,15,733
22430315,220,143,2,145
76251135,488,387,11,398
54650033,3304,2482,8,2490
54911000,507,636,7,643
54360121,110,89,2,91
54580181,399,270,5,275
11800224,405,244,6,250
43991589,1650,1195,17,1212
21860120,1791,1216,26,1242
76220096,947,650,6,656
54650404,554,734,6,740
43950696,1848,1501,4,1505
97092355,1530,1164,20,1184
54320105,1323,1151,3,1154
86992093,621,558,6,564
32840298,1723,1053,7,1060
86663481,390,391,10,401
76340853,569,358,6,364
33050089,1949,1486,19,1505
43621219,395,254,3,257
76450507,613,557,9,566
32910252,3863,2851,29,2880
10910742,219,159,4,163
22770121,686,777,3,780
43773318,591,450,4,454
43950865,1226,1052,17,1069
33060642,2724,2733,13,2746
11591344,267,153,4,157
86742052,872,621,22,643
76200106,540,264,5,269
86690144,2158,1510,13,1523
22650094,210,123,0,123
76211625,327,313,3,316
22210186,430,354,7,361
86740847,1074,640,10,650
11610616,302,200,4,204
10820854,927,718,8,726
11631620,407,277,6,283
11610256,769,521,6,527
22450025,1124,757,14,771
86552433,788,489,0,489
43360466,1740,1296,28,1324
76300365,1792,1095,9,1104
54840180,175,140,1,141
10890514,154,107,0,107
76400186,1054,516,13,529
43504039,221,173,2,175
65550045,219,300,4,304
86660174,829,582,7,589
10590308,2049,1428,30,1458
32940929,588,612,8,620
11830373,662,501,0,501
86992048,732,548,5,553
21860322,2860,2058,9,2067
76140109,966,610,7,617
43361568,2145,1595,13,1608
11071000,1374,990,8,998
54670316,327,229,5,234
54540783,553,522,2,524
86820295,638,375,8,383
11030274,543,421,3,424
22400086,52,21,0,21
33030278,2147,1674,8,1682
10610019,797,569,5,574
11800112,577,377,8,385
11820945,467,397,10,407
43420159,452,657,6,663
10790692,331,255,3,258
54790623,1302,1051,5,1056
97800161,2784,1464,0,1464
54350018,1066,761,4,765
11610627,552,425,3,428
76240447,440,417,2,419
43584385,392,235,8,243
76400434,679,484,8,492
43691340,260,186,3,189
43690440,1098,828,26,854
11071404,224,140,0,140
43670022,2210,1249,16,1265
11650339,812,523,9,532
76230435,438,226,6,232
65750014,2083,1253,13,1266
11760252,708,470,8,478
10900055,148,46,0,46
54450176,226,160,4,164
76150290,899,621,10,631
76100464,1434,661,8,669
21860434,2191,1437,22,1459
76510368,377,248,3,251
65440683,732,657,5,662
10080087,1380,1124,24,1148
11800763,160,106,1,107
43413308,865,458,8,466
32890462,2087,1593,25,1618
97090432,2135,1570,8,1578
43691575,845,448,4,452
97100603,2622,2287,10,2297
22410379,126,92,5,97
76500187,1115,684,1,685
10251559,1562,1226,19,1245
76510357,421,177,4,181
32850288,4317,3064,25,3089
10790737,141,102,0,102
11810315,469,294,8,302
76351147,336,218,3,221
97110424,2498,2033,11,2044
43417403,230,153,1,154
76290307,1134,364,2,366
11781277,188,172,1,173
10890132,283,152,4,156
22430168,220,149,0,149
54540334,2386,1462,7,1469
10870859,462,347,7,354
97520339,742,597,11,608
21960031,1150,996,15,1011
65290013,157,47,0,47
86992756,1000,885,22,907
43390537,4934,3079,60,3139
86553838,488,419,16,435
86550958,149,80,2,82
10851061,493,354,10,364
86743716,401,364,17,381
97090443,2353,1725,7,1732
43361535,1482,973,14,987
54270042,1382,1548,14,1562
76160145,907,430,5,435
76370238,1600,790,14,804
86940030,1643,1124,13,1137
10500017,114,56,1,57
11771298,277,195,5,200
54790443,2723,1980,25,2005
97270049,1376,884,13,897
22590031,1783,1165,19,1184
54620861,171,90,0,90
43992311,1494,1030,14,1044
11560496,648,633,14,647
43360983,1694,1382,25,1407
11600109,347,263,5,268
22500032,580,548,11,559
11581107,233,176,0,176
10850150,498,351,5,356
43501979,1716,1041,10,1051
32980237,4007,3737,21,3758
10840520,315,167,1,168
10910810,277,184,6,190
43504365,169,124,1,125
11821227,329,204,8,212
76210387,773,488,4,492
43621084,739,449,3,452
54890512,1476,961,14,975
76480678,503,335,5,340
76140435,746,379,8,387
43503386,1789,1238,13,1251
43502059,1164,809,9,818
43583205,1191,1061,21,1082
21861659,514,585,10,595
10910180,215,137,5,142
43350421,1270,946,17,963
10910900,115,73,1,74
86950019,2651,1993,20,2013
54540109,1293,944,20,964
32861000,2853,1288,16,1304
32840142,3628,3014,14,3028
43994223,329,259,3,262
76230536,185,121,2,123
11760229,434,212,8,220
97090915,3280,2274,32,2306
43390380,1818,1470,16,1486
43362121,667,551,12,563
11570543,963,591,4,595
43360332,2699,2301,29,2330
97410023,1431,837,12,849
76230547,253,169,3,172
97142081,1645,1242,21,1263
22320234,465,634,4,638
54790768,461,472,6,478
43625864,234,182,4,186
22410155,215,141,6,147
11770567,1457,739,18,757
10840025,366,256,2,258
97141248,1801,1276,11,1287
22110220,147,87,4,91
43620690,629,465,23,488
11610560,211,131,5,136
43990858,1300,917,38,955
43370489,3407,2853,43,2896
86553052,693,596,16,612
97142676,1056,973,13,986
76310456,414,343,7,350
11790165,487,168,2,170
11070199,618,416,8,424
11770343,766,473,11,484
97141462,2513,1799,6,1805
43772250,765,557,6,563
86670186,3021,2197,39,2236
86910341,574,474,20,494
86661984,1784,1101,3,1104
43610026,366,340,4,344
86990934,308,189,2,191
22320188,2394,1817,30,1847
32871214,5367,4437,26,4463
43624931,305,169,9,178
43620667,715,486,8,494
98400179,2398,2004,10,2014
11070616,570,420,7,427
11620033,298,187,3,190
43950977,2788,2140,38,2178
11810214,273,172,4,176
22400570,1332,1054,17,1071
76400445,364,319,8,327
76240076,1489,1014,16,1030
97100030,3552,2652,7,2659
33060170,2356,2087,14,2101
11590826,321,184,7,191
22650106,116,75,0,75
43370984,3440,2762,38,2800
22420808,775,573,25,598
86551083,992,666,13,679
43990959,952,715,19,734
76080281,705,765,7,772
33240204,1601,1111,24,1135
11750105,301,163,5,168
11760645,221,157,0,157
10920428,137,117,2,119
22420628,503,189,4,193
86662536,266,152,1,153
43581270,326,229,4,233
65090347,230,153,7,160
54420128,353,327,4,331
10890097,450,244,5,249
32840940,2596,1867,28,1895
11810292,717,433,18,451
11591119,386,287,8,295
97530251,900,616,10,626
43390650,5072,3331,82,3413
54680036,589,385,10,395
10580015,1116,735,9,744
43502307,381,275,3,278
43621253,550,377,8,385
11631833,388,258,1,259
11580364,311,230,1,231
76360350,1011,541,12,553
33010063,2421,2169,28,2197
11590309,390,227,6,233
97410034,1102,563,2,565
11810326,783,393,14,407
43503443,538,404,7,411
11610267,616,374,2,376
76221187,558,464,0,464
86741646,188,115,3,118
76500110,499,347,1,348
43410619,637,282,2,284
54260401,1098,1119,14,1133
32951493,1767,1349,4,1353
11820147,931,560,14,574
76130153,494,220,3,223
54910324,848,652,5,657
33110312,898,605,6,611
43416536,720,598,5,603
76120275,744,447,7,454
76220276,1392,725,3,728
43503612,455,315,3,318
22100162,27,13,0,13
43691384,1057,812,0,812
76250730,392,263,4,267
22400457,310,246,5,251
76480870,382,223,4,227
11630225,470,284,6,290
43413454,1180,911,8,919
33240293,1948,1425,16,1441
43480391,698,753,8,761
33000297,3583,3174,6,3180
43412116,528,362,0,362
43670774,604,631,28,659
32950289,3476,1524,15,1539
22650263,86,46,0,46
11820068,941,507,10,517
86990383,459,300,3,303
43622478,908,645,16,661
11620932,812,557,9,566
43770438,90,52,1,53
11071022,163,130,0,130
65640045,601,539,9,548
54700084,1085,604,10,614
21860906,1678,1368,10,1378
11150165,114,89,2,91
76130715,395,238,3,241
54360086,1070,757,18,775
11590231,449,276,2,278
65440290,2870,2057,45,2102
43990139,234,134,3,137
10591141,873,1035,6,1041
32871168,5216,3678,62,3740
11610751,649,468,4,472
76350719,1131,744,14,758
54330151,2701,2053,26,2079
76291139,212,41,0,41
10841228,97,68,3,71
65030138,29,45,0,45
32961089,766,881,5,886
22020297,386,372,11,383
10890064,848,577,25,602
11390396,779,577,11,588
54450042,451,309,3,312
43691339,827,613,10,623
10251391,2968,1728,26,1754
32930861,1037,918,10,928
11760959,156,103,0,103
97100894,1011,1415,3,1418
11751678,263,175,4,179
86820138,360,78,0,78
11830755,822,429,15,444
97141305,842,900,13,913
86742513,231,160,4,164
43411306,689,550,2,552
22240134,772,746,5,751
11830238,586,390,8,398
32862135,2461,1926,33,1959
21861367,828,969,2,971
11750037,406,246,3,249
22530035,2122,1593,16,1609
97220112,1057,703,8,711
10870714,467,290,3,293
43416570,272,223,5,228
33010119,2211,1867,36,1903
86730228,2256,1815,26,1841
43411733,628,424,26,450
11800550,295,204,0,204
86742467,182,103,5,108
10980064,1591,986,12,998
43504107,197,164,1,165
43770124,1665,1194,23,1217
86552095,302,183,7,190
43371727,3769,2754,21,2775
76160730,849,443,12,455
76230064,901,485,9,494
43950326,2884,1860,9,1869
11580397,637,361,47,408
54720075,787,538,9,547
11610010,239,135,9,144
76250370,1439,842,18,860
10890109,831,571,6,577
43624863,462,340,5,345
97280084,3195,2575,3,2578
10850497,543,369,5,374
32870785,2834,2104,24,2128
86742984,724,542,8,550
11751993,323,212,5,217
76420065,691,913,2,915
76230626,355,280,1,281
76490343,355,232,2,234
43414714,294,201,1,202
66020060,82,57,3,60
86554233,364,332,12,344
43570223,1219,1300,32,1332
11591074,96,72,4,76
33060046,3150,2335,34,2369
10950274,219,150,1,151
33080093,1292,1507,22,1529
97140472,2153,1474,16,1490
65810044,1529,1192,20,1212
32871371,1193,1291,7,1298
86551184,1068,714,24,738
97530060,100,59,2,61
43418415,1103,1219,14,1233
87020142,2740,2251,9,2260
97140663,2267,1912,16,1928
10251841,2225,2347,34,2381
54540312,650,466,7,473
43390830,1690,1394,15,1409
32952708,488,624,16,640
86551702,1396,880,29,909
86553074,230,143,8,151
97840031,320,244,3,247
10100181,2002,1300,12,1312
97140269,2149,1396,9,1405
22090126,93,59,1,60
43992917,896,687,12,699
43360882,2139,1585,38,1623
76100767,1148,647,10,657
97540285,498,253,3,256
11071729,332,270,6,276
11600558,569,346,7,353
43415489,830,795,13,808
43620971,674,432,5,437
21860377,3881,2800,13,2813
76280676,575,388,6,394
21860872,1174,725,17,742
86550587,1059,481,4,485
32930883,1968,1404,12,1416
11631710,849,501,4,505
11080628,246,167,2,169
11790671,162,110,0,110
76321436,136,160,2,162
43990342,1031,813,12,825
97091635,2624,1891,20,1911
10910348,488,320,8,328
32960459,3138,2233,28,2261
86663278,615,557,20,577
43692217,1095,758,13,771
76170450,771,479,12,491
10250031,3809,2633,49,2682
43502385,534,380,0,380
65690040,62,51,2,53
43480234,2264,1454,19,1473
10870422,754,552,4,556
76150436,1356,735,11,746
43360613,2246,1600,20,1620
54610578,321,303,10,313
11810405,509,297,6,303
86992565,355,248,15,263
43840098,153,163,2,165
76481039,541,459,3,462
76350595,411,248,3,251
86820307,71,24,2,26
11620426,372,222,5,227
33030289,1943,1595,20,1615
21861312,401,397,0,397
43362154,2177,1810,28,1838
11570149,814,507,23,530
33010197,1530,1300,51,1351
22380016,1809,1237,4,1241
43417379,241,187,7,194
43771978,810,548,10,558
11790132,892,1204,1,1205
76140390,883,515,1,516
76150526,942,501,9,510
10810044,491,291,8,299
76510188,1107,569,7,576
22390051,1032,932,24,956
43670044,1974,1291,17,1308
65850026,231,187,2,189
76360349,461,334,1,335
54650752,526,730,1,731
43360141,2398,1904,17,1921
43690259,624,468,9,477
33250654,2991,2028,51,2079
76320581,805,479,3,482
76080629,345,561,11,572
76260090,734,426,2,428
43670101,2280,1239,1,1240
76220760,781,459,3,462
43415243,2034,1618,30,1648
43620634,311,233,7,240
10940431,405,277,3,280
97850032,239,165,3,168
11600547,801,485,14,499
76100600,647,335,2,337
43950944,1828,1551,12,1563
86730307,568,654,11,665
76380071,417,265,7,272
43390313,2281,1917,46,1963
76360024,769,373,4,377
10590870,2282,1604,18,1622
86821218,253,210,2,212
22410098,210,156,4,160
76500198,808,507,6,513
54540457,669,205,6,211
76350506,635,455,7,462
86720069,3213,2064,25,2089
43625347,187,147,5,152
43380154,4049,3333,63,3396
43581315,975,711,10,721
10490048,184,100,3,103
43870035,1297,1027,7,1034
76280092,896,651,6,657
76161034,377,276,55,331
33090263,2526,2068,19,2087
22540193,948,771,16,787
76230198,819,548,4,552
97230023,2050,1079,11,1090
76250088,1818,1046,19,1065
43690204,832,573,13,586
43415579,262,200,3,203
97840176,232,176,4,180
43417672,1417,1443,13,1456
10070020,1277,895,20,915
76251078,343,259,4,263
11150031,1108,818,6,824
43992827,800,492,32,524
43415670,720,485,22,507
43581090,703,490,13,503
76060201,920,581,10,591
11780760,903,655,10,665
21861345,444,372,5,377
76160112,541,325,5,330
86570051,368,224,8,232
32940345,2673,1935,17,1952
97090667,3619,3048,10,3058
97141170,3139,2129,20,2149
76260348,691,401,4,405
76340213,951,563,7,570
11080404,602,329,5,334
43771596,967,750,16,766
22290049,608,515,7,522
76230569,152,111,2,113
43416020,427,299,10,309
76210624,948,556,3,559
76390083,1252,878,9,887
86741095,684,441,19,460
97530082,1171,610,19,629
33020570,2015,1807,0,1807
43590034,4062,3377,14,3391
10840519,422,267,7,274
86740038,371,194,1,195
32841569,1696,1410,8,1418
33090320,3281,1905,31,1936
22350035,554,406,11,417
11710044,674,543,21,564
11571207,230,150,5,155
22090193,58,40,0,40
76160392,846,556,3,559
43350285,1301,752,13,765
76140132,708,419,4,423
43691564,566,344,10,354
54120248,593,554,7,561
10880029,167,102,4,106
10841352,147,101,0,101
11610357,301,201,1,202
43360253,1198,1066,16,1082
33060664,2623,2218,4,2222
86661513,1025,674,0,674
97660031,718,546,3,549
76500086,475,243,4,247
76070099,403,502,0,502
97120188,2118,1416,8,1424
97420024,734,559,2,561
43410990,835,591,10,601
86992802,376,327,7,334
43770337,325,211,4,215
43400326,2217,1781,22,1803
10871142,243,161,2,163
65000225,1467,1258,22,1280
43580796,518,464,20,484
10760048,107,64,0,64
54900198,497,396,9,405
11570723,603,469,7,476
54790139,3743,2627,43,2670
11560261,3776,2483,34,2517
10591264,656,646,4,650
43622063,835,619,16,635
43691069,689,497,0,497
76060098,1589,885,17,902
76141021,306,252,2,254
76130827,291,199,1,200
54910111,1412,979,19,998
32960471,1516,916,10,926
97140337,1233,967,9,976
10930148,323,240,1,241
10930283,481,346,11,357
43414062,685,476,9,485
76370306,157,86,1,87
32850648,3877,3185,10,3195
97090263,3785,3220,10,3230
11770534,1357,744,8,752
97820040,483,246,6,252
22140021,594,491,9,500
54540468,752,572,12,584
97100669,1559,1431,7,1438
86820587,1345,997,18,1015
86910576,252,234,6,240
43350151,2606,1799,61,1860
10590959,484,302,33,335
86552309,1963,1416,32,1448
86662233,241,146,7,153
65910012,1856,1414,25,1439
21870660,975,830,10,840
22410458,68,26,0,26
43950540,2555,2123,18,2141
54190076,2208,1465,26,1491
43621264,486,283,3,286
97340014,1769,1421,0,1421
11811057,457,321,4,325
10250873,2795,1831,24,1855
76270091,1453,837,16,853
11390363,175,107,2,109
65020069,23,23,0,23
76340730,499,290,5,295
11630416,495,282,6,288
43771305,1326,1080,20,1100
86662367,426,296,7,303
98410024,1726,1539,2,1541
65210015,651,387,32,419
43414646,1272,911,13,924
76480342,655,311,1,312
10590364,1550,1167,10,1177
10100046,1951,1308,12,1320
10940374,226,148,2,150
86991643,843,580,8,588
33270252,3248,2382,40,2422
54910997,450,427,4,431
32953002,907,1153,3,1156
76350371,1575,892,13,905
22400479,168,131,0,131
10840294,860,586,20,606
22420820,1009,716,23,739
33100063,1644,1250,103,1353
54650460,377,405,5,410
54580125,851,460,1,461
10500051,42,36,0,36
21860243,1156,915,1,916
10820258,793,309,3,312
76530214,848,712,17,729
11780951,267,196,3,199
76321043,786,412,10,422
76221288,101,210,3,213
54880623,284,258,3,261
10920103,204,131,0,131
10790063,1074,620,10,630
33250755,359,449,3,452
97110334,2686,1938,15,1953
86910284,815,665,9,674
11631237,486,317,8,325
76360798,228,204,2,206
22720081,1304,880,10,890
22150246,1648,1323,10,1333
97090500,1485,1241,19,1260
76170461,1952,1210,12,1222
76170270,1263,686,14,700
21861222,3739,2256,45,2301
22070012,1618,974,18,992
10810011,674,449,12,461
86820600,1771,1348,46,1394
76080449,1529,1255,24,1279
43582046,606,432,9,441
43411205,1032,711,13,724
11631439,596,422,7,429
43400506,1778,1400,29,1429
43772003,1060,761,11,772
86770154,567,483,4,487
43621736,1212,867,22,889
32960729,1996,1690,18,1708
33240451,749,642,12,654
43670538,2267,1638,25,1663
43960080,376,303,8,311
43621769,117,68,1,69
11830104,705,622,5,627
76520156,1166,898,12,910
22110130,57,44,0,44
33070171,1779,1514,14,1528
76300141,1547,691,10,701
43621972,319,268,5,273
65660014,57,45,2,47
76380385,336,207,0,207
76270125,1732,720,5,725
43994177,1454,1215,22,1237
86730082,1981,1457,37,1494
76250910,432,318,7,325
43580347,2647,2089,42,2131
32862225,3278,2455,15,2470
76200814,292,244,1,245
11610403,308,156,0,156
76291094,323,189,0,189
22320076,658,280,3,283
97270094,2537,1708,12,1720
22610124,1381,954,14,968
32850749,5699,4317,13,4330
76360417,443,257,0,257
32952652,639,867,11,878
54910526,1758,1240,19,1259
43582079,543,426,7,433
43370805,3101,2624,5,2629
76060627,514,806,6,812
76340033,929,465,4,469
11830069,917,549,20,569
97090375,2164,1648,12,1660
86720159,629,542,6,548
22421652,96,70,2,72
22421214,1148,686,12,698
97130976,2531,1796,15,1811
54410240,73,84,0,84
97200345,2343,1570,28,1598
11770691,542,200,10,210
54680160,214,147,2,149
43621882,257,202,2,204
86661546,1061,797,11,808
32950706,2434,1980,17,1997
97142104,2397,1905,9,1914
11770219,802,520,11,531
33270195,1400,743,12,755
65440357,2949,2301,13,2314
65500107,55,48,0,48
10910281,537,349,0,349
97130640,1609,1280,8,1288
11070166,436,292,4,296
11571353,188,144,3,147
33060844,2928,2422,7,2429
32861617,2072,1643,26,1669
10970029,2271,1787,26,1813
11590950,303,207,2,209
43990128,504,332,5,337
21860939,2952,1835,30,1865
10790221,491,297,9,306
43620577,438,309,7,316
43993626,670,462,12,474
76290363,724,393,11,404
43362165,4378,3086,43,3129
97950044,1156,742,0,742
32870077,2936,2395,13,2408
11390048,844,451,18,469
86991351,1625,1105,5,1110
22420921,1101,667,0,667
76150065,1167,793,5,798
22650252,78,42,0,42
10590500,1704,1159,92,1251
97140797,2755,2194,6,2200
54130159,374,327,7,334
76140738,289,182,0,182
86551724,358,234,3,237
76220412,1258,783,10,793
43950595,2488,2001,0,2001
43361704,2147,1580,14,1594
86992789,391,300,10,310
11080369,371,251,2,253
43900185,1131,1022,28,1050
10830158,83,75,1,76
86991070,1073,775,10,785
76080461,287,229,5,234
65530166,423,299,5,304
11800987,331,228,7,235
10251054,2091,1679,12,1691
65400027,3533,2668,43,2711
11230030,949,676,3,679
32930647,1507,1053,15,1068
43670426,2402,1788,48,1836
76160673,407,259,5,264
54650718,728,747,17,764
32980316,1980,1527,21,1548
98100075,712,479,0,479
43411698,865,594,14,608
11811204,244,174,5,179
43740109,2141,1750,23,1773
54590429,1071,833,13,846
10600052,1573,1079,22,1101
76350708,1122,529,9,538
76450350,332,235,12,247
43360769,2419,1994,52,2046
76370249,1029,593,6,599
33030065,2946,1901,20,1921
43622759,303,205,6,211
54870048,1032,713,6,719
97091949,3055,2333,41,2374
44010054,243,186,1,187
11650205,442,321,3,324
43400720,767,672,8,680
11240086,772,563,10,573
65860038,55,42,0,42
76340741,685,405,7,412
76220647,999,634,4,638
11781154,558,426,6,432
54410194,1928,1526,33,1559
33010131,2529,2096,31,2127
33250812,753,874,29,903
10590195,2694,1672,15,1687
76520134,133,87,1,88
97120010,2737,2109,16,2125
43370030,926,587,3,590
76140862,813,550,17,567
11070289,406,235,6,241
33030054,948,852,5,857
43418976,435,376,8,384
76400041,1138,607,11,618
76140727,1251,708,9,717
76060571,789,625,7,632
76090248,2024,1251,8,1259
33060596,1136,944,13,957
43418044,457,346,8,354
33010614,2649,2149,10,2159
76220456,1221,732,7,739
43415052,732,511,7,518
33240428,412,89,2,91
76370463,316,178,8,186
43504905,317,246,0,246
76340280,557,327,4,331
10810549,241,186,5,191
76140907,680,513,3,516
11560148,1449,942,11,953
11820743,440,305,4,309
97830030,658,408,2,410
10940273,253,139,3,142
76130692,749,439,24,463
76200667,406,348,3,351
33090500,1386,556,9,565
76270428,300,178,20,198
43390627,3007,2277,40,2317
10250727,1823,1239,15,1254
32951415,2054,1454,21,1475
76321560,286,224,4,228
32930029,2228,1777,9,1786
97091264,3433,2586,16,2602
54790151,2061,1663,18,1681
22600796,1131,882,11,893
86700179,2848,1841,27,1868
54590485,563,524,7,531
86991621,876,468,7,475
10930036,648,449,8,457
43413566,952,716,13,729
43417616,1192,1034,25,1059
10940307,167,110,0,110
54220339,468,385,0,385
43772339,1497,1050,27,1077
43625774,249,181,4,185
86743772,71,74,0,74
76320019,730,461,10,471
43504343,70,63,1,64
86660332,695,391,59,450
76290194,963,428,2,430
32861189,2106,1314,4,1318
43692824,798,588,10,598
76230659,231,133,3,136
43417166,1771,1345,38,1383
43414275,612,360,10,370
43772485,1823,1454,71,1525
11460226,146,88,5,93
11650452,714,474,9,483
43691979,865,609,13,622
43418077,334,383,6,389
10850486,486,306,1,307
76210398,1267,763,7,770
11750251,751,488,6,494
86580243,216,118,1,119
54200012,422,259,5,264
76140806,578,389,7,396
33060282,2382,1909,23,1932
54540536,663,504,14,518
54270019,3203,1920,41,1961
21980011,2427,1703,52,1755
86661401,1431,953,13,966
76100105,546,302,1,303
11610021,452,260,2,262
32950223,5968,3974,11,3985
32931031,691,613,6,619
86741028,1447,917,18,935
43774667,859,754,10,764
76101296,404,246,6,252
76060616,272,205,0,205
43411946,777,553,11,564
43992197,261,196,3,199
76210163,586,355,5,360
43993570,380,257,6,263
43994526,771,744,6,750
11070818,306,183,4,187
33020222,2886,2059,24,2083
32952247,1683,1458,27,1485
54870037,988,772,12,784
43960091,960,760,17,777
86661580,1940,1325,18,1343
33061070,3152,2388,33,2421
76300501,898,515,5,520
43460085,1011,832,10,842
11571252,391,259,0,259
10591196,1154,1072,29,1101
11580937,412,298,3,301
76351316,213,188,2,190
43900095,1462,883,5,888
11810843,472,290,4,294
86580030,1163,796,16,812
76180125,1148,696,9,705
43991927,848,601,10,611
10590151,2316,1418,24,1442
22820060,130,57,5,62
10910775,284,175,5,180
76100677,2151,1261,9,1270
11620257,392,224,7,231
86730239,1874,1192,16,1208
10920383,376,256,1,257
22070034,2150,1351,29,1380
11781020,400,314,6,320
54700118,821,891,13,904
54570180,931,629,5,634
76180170,459,243,3,246
76320592,709,462,12,474
65680050,157,52,1,53
86740993,970,621,9,630
11590501,387,191,0,191
97130594,1778,1449,8,1457
11030173,1470,1026,17,1043
32850121,2115,1811,20,1831
10910225,441,288,0,288
86580131,1788,1087,26,1113
10250086,4152,3522,13,3535
11370068,114,73,1,74
54660157,212,100,0,100
10590814,1713,1154,10,1164
10840531,390,246,12,258
22630193,131,83,3,86
97110402,1734,1520,20,1540
11580151,922,593,13,606
43414703,570,365,5,370
43415366,373,276,4,280
43693285,680,654,7,661
43690877,1972,1602,30,1632
65760082,330,261,2,263
86551094,489,271,9,280
33240507,560,476,9,485
43412071,532,369,8,377
32841716,3307,3353,0,3353
54260119,2482,1877,28,1905
43690507,642,398,10,408
54910188,1153,736,14,750
32951189,1997,1366,0,1366
32952854,939,1159,5,1164
54170018,1172,869,19,888
65170010,864,641,9,650
97140416,2256,1678,4,1682
86820396,224,129,2,131
10170010,1210,1018,9,1027
43390368,2902,2226,24,2250
22470083,1155,783,12,795
86742636,1459,1142,22,1164
33250610,1601,1357,24,1381
86940018,2339,1556,35,1591
43621231,464,278,4,282
11591490,279,155,2,157
76490501,331,317,4,321
10890299,432,345,2,347
43361625,1802,1115,11,1126
76190249,922,614,4,618
76530124,148,73,0,73
97140731,2836,2067,13,2080
86550240,939,589,9,598
10670330,1465,1732,16,1748
32840883,1797,1376,6,1382
97090139,1857,1356,45,1401
76300613,507,351,6,357
43370074,1545,1247,23,1270
43370962,3793,2866,25,2891
76360361,1643,966,13,979
76101410,640,465,2,467
43770382,979,706,10,716
86821195,460,397,10,407
86590143,1853,1165,9,1174
76220962,752,542,7,549
10841431,230,154,9,163
43691283,690,451,2,453
86741354,455,265,5,270
76340538,972,532,10,542
43622197,691,475,9,484
11770523,668,413,12,425
43400494,686,570,13,583
54620805,137,89,1,90
54600128,2250,1675,28,1703
54410082,522,281,5,286
11760331,567,228,4,232
54720053,1427,1126,9,1135
33270049,2758,1652,20,1672
97091466,2341,1790,11,1801
11751791,541,380,5,385
86740229,809,482,5,487
32870842,2510,1558,27,1585
11571274,352,208,6,214
86742939,290,176,3,179
32960303,1869,1452,19,1471
11811136,405,268,6,274
65570047,4070,3550,58,3608
11631899,271,182,5,187
54650279,1455,1041,16,1057
43370366,1276,791,15,806
22500010,2424,1836,26,1862
32910443,773,996,6,1002
11831408,483,372,2,374
11630528,522,245,1,246
54860047,323,236,3,239
54910380,1231,2035,12,2047
86580108,702,422,13,435
33200165,200,180,1,181
43690990,478,357,5,362
11760814,207,127,8,135
11580454,193,114,2,116
33060068,4068,2879,46,2925
21861648,264,364,1,365
86820835,240,128,3,131
11760151,489,307,3,310
76211186,811,432,5,437
43502273,525,490,5,495
33060114,3642,3079,26,3105
32850086,3432,2748,19,2767
22720250,838,778,15,793
11750554,387,178,5,183
32870235,1758,1428,5,1433
22170013,924,611,10,621
43690428,494,329,2,331
43350016,5338,3154,16,3170
10940060,478,298,6,304
76200690,226,205,2,207
76230154,581,298,7,305
10820540,218,130,2,132
33250508,3197,2447,34,2481
11070986,649,384,50,434
76100655,382,260,2,262
43771530,552,425,1,426
10670363,503,290,5,295
43620881,455,286,5,291
97140102,2785,2423,0,2423
10340020,515,396,7,403
86554367,60,71,0,71
43501823,837,512,11,523
76250965,512,404,7,411
21870255,1821,1259,26,1285
33250036,2358,1698,19,1717
76280766,254,223,3,226
76360462,768,402,6,408
86662053,1921,1323,26,1349
32950481,2709,1885,8,1893
21980022,590,502,8,510
33000163,2383,1858,18,1876
54190133,751,627,11,638
97091297,3178,2696,11,2707
11570756,183,109,3,112
54410138,418,297,1,298
86991801,1324,900,10,910
43870136,2177,1882,33,1915
11751342,498,325,9,334
54280043,2102,1332,21,1353
11080538,513,389,8,397
10940048,465,308,6,314
54420016,362,248,7,255
43413779,1516,938,16,954
33010625,3174,2960,11,2971
98390010,1518,1170,9,1179
97330024,1431,988,13,1001
43360950,2430,2021,29,2050
11290069,388,351,9,360
76220669,778,462,5,467
11800853,262,158,3,161
32850301,4613,2614,0,2614
11751285,754,553,12,565
11560249,691,541,0,541
65000247,647,589,5,594
43412240,642,396,11,407
43503128,543,403,8,411
43950438,2455,1470,18,1488
76300152,1479,922,14,936
32860559,2960,2092,19,2111
10920237,747,393,10,403
76100576,800,439,0,439
43582529,736,593,15,608
43417278,207,153,0,153
11060110,865,618,8,626
10250097,4069,2975,10,2985
10680016,826,606,8,614
11580139,767,506,11,517
43771787,194,146,2,148
10590803,2366,1544,0,1544
11090067,472,303,14,317
86552477,350,223,4,227
10820955,408,402,4,406
54220306,692,595,18,613
97520159,911,637,11,648
76211423,131,91,0,91
86740139,1053,605,2,607
43771844,684,485,15,500
10870556,1032,640,7,647
43692936,779,637,4,641
11611011,609,423,4,427
76101083,783,466,6,472
43360657,4995,3181,39,3220
43950113,2362,1651,20,1671
86661670,1013,721,11,732
11801258,167,147,2,149
44050058,2185,1782,6,1788
11610582,327,228,3,231
54760080,1150,852,13,865
22420167,1131,727,27,754
10510029,218,89,1,90
43417571,611,500,9,509
32890237,2828,1893,44,1937
43362086,1792,1644,40,1684
54911123,452,536,6,542
10920372,428,297,4,301
32930973,1679,1573,46,1619
22410368,159,106,0,106
11571375,126,81,1,82
76200803,362,432,3,435
43771608,736,415,20,435
54600229,2195,1858,23,1881
33020064,3036,2303,66,2369
43361636,4178,3454,64,3518
22470207,122,121,1,122
32951718,2337,1843,7,1850
33150158,100,277,3,280
43501115,1092,765,11,776
54620748,223,228,4,232
43560109,344,393,4,397
86580221,961,712,7,719
11760016,654,404,1,405
11590972,839,609,10,619
97530127,860,261,7,268
76080359,282,355,1,356
43581124,506,375,2,377
43692093,1689,1136,27,1163
43771125,638,491,5,496
97370040,478,400,4,404
54910739,944,827,4,831
76221154,239,263,2,265
76380453,1018,583,4,587
76480409,962,629,5,634
43770157,492,376,3,379
76320839,723,413,3,416
86740533,1204,742,22,764
86990798,693,536,3,539
32870561,1930,1473,50,1523
43691676,323,211,2,213
97140281,4873,3210,36,3246
32862618,3444,1991,25,2016
76150593,1043,540,9,549
54890613,757,609,23,632
76190238,799,435,11,446
43950179,2504,1986,19,2005
11620415,764,414,2,416
32863293,503,736,15,751
43500990,631,449,10,459
10840340,421,297,5,302
86743569,260,181,32,213
43771057,1276,1090,18,1108
86741062,1416,813,12,825
54200056,68,71,0,71
10930182,95,85,1,86
54420049,142,87,1,88
33010085,2748,1859,25,1884
43400102,1971,1560,15,1575
97540038,123,46,2,48
11591489,388,308,2,310
10860342,341,230,4,234
11771153,357,191,3,194
54620771,291,207,5,212
33250878,382,527,3,530
54440311,497,384,4,388
76150098,508,342,1,343
43692116,1256,879,23,902
76400355,828,497,10,507
32861550,1766,1520,44,1564
43415007,633,357,46,403
11071752,322,224,7,231
86990990,878,621,1,622
76140873,513,359,0,359
10930317,84,76,1,77
43625572,599,395,8,403
22260035,1651,1124,29,1153
76240414,296,252,1,253
76160640,1285,722,14,736
43380222,1755,1083,21,1104
43621657,124,82,1,83
10251751,1187,932,14,946
22270036,934,731,14,745
33190095,281,559,1,560
32862034,2320,1836,4,1840
33020615,3876,2856,48,2904
98340037,245,141,0,141
43417942,122,92,5,97
10520075,103,79,1,80
54410442,112,136,1,137
11230041,748,586,13,599
65030149,27,138,0,138
43410989,545,376,7,383
43690989,530,255,11,266
43992760,1001,785,7,792
86662671,1447,1053,26,1079
97090409,1924,1480,4,1484
11601009,624,454,2,456
11801124,470,358,4,362
43626023,1193,1061,21,1082
43580033,619,422,7,429
65140129,411,362,3,365
32841121,2347,1781,17,1798
76291140,24,24,0,24
43690394,992,691,0,691
43581045,879,566,23,589
76290127,695,312,3,315
32841323,1463,968,14,982
54220115,1604,1244,264,1508
32862405,2309,1908,20,1928
11751106,425,240,5,245
22430304,91,63,0,63
76220636,911,575,0,575
54880645,497,519,17,536
43693072,326,289,12,301
86660264,1293,810,19,829
43772160,602,457,13,470
76380723,439,347,8,355
22240022,1363,677,11,688
33250283,2709,1808,30,1838
54540020,1801,852,19,871
11390408,637,122,1,123
43410899,875,684,11,695
33060888,3567,2997,6,3003
76290958,790,257,3,260
32860256,3843,2925,17,2942
43419090,463,379,2,381
86570039,167,68,1,69
76250202,538,345,2,347
86741477,538,322,9,331
86720036,1408,948,23,971
97092153,1159,1144,5,1149
11810461,761,495,9,504
98230024,914,724,6,730
11631798,286,181,1,182
66030038,67,51,0,51
76190025,1351,776,28,804
11071583,260,195,5,200
11770499,899,545,8,553
11821193,509,349,11,360
76330571,42,58,1,59
76380048,655,386,4,390
43410158,942,604,35,639
11830452,739,533,4,537
54440063,373,217,4,221
10430187,131,84,1,85
43991039,456,310,7,317
43410361,608,373,17,390
76220670,1046,599,20,619
22150145,1602,1121,7,1128
54410431,77,71,0,71
43400865,2601,2420,46,2466
97530150,592,326,12,338
54140127,1721,1123,20,1143
76150313,543,291,7,298
10850194,472,279,15,294
76150199,1148,480,14,494
43504893,210,332,1,333
86950031,1980,1334,50,1384
86910385,2368,2203,8,2211
11610335,488,364,7,371
54740167,521,470,3,473
22800215,1530,739,51,790
86552983,336,247,2,249
97130921,2434,1936,8,1944
43621310,669,392,11,403
97100120,1568,1260,8,1268
11630629,306,211,7,218
11780108,417,291,2,293
32850862,3985,2755,30,2785
11780209,782,471,17,488
76340246,1055,638,4,642
43413252,453,256,8,264
43693117,280,462,8,470
76150717,550,462,7,469
54790757,501,490,7,497
22810069,143,83,1,84
22600561,1188,678,19,697
10670217,1141,819,10,829
65850048,412,311,2,313
54140116,1344,984,18,1002
10240041,1539,1106,19,1125
86660781,732,551,13,564
43417009,1104,964,20,984
86554312,498,443,5,448
10900022,350,220,1,221
33080060,2071,1241,20,1261
32980372,5967,3303,43,3346
32840872,2361,1949,15,1964
43415614,190,197,10,207
97800228,1116,977,25,1002
86991418,1439,940,10,950
33250766,726,812,3,815
32960561,1538,961,4,965
43626113,262,249,1,250
11820833,269,179,1,180
54610174,1513,810,22,832
10870804,395,333,2,335
22110152,65,51,1,52
22090115,72,51,0,51
33060934,3171,2258,23,2281
43380200,2048,1675,3,1678
11460147,276,187,3,190
10090134,1058,636,8,644
10810224,373,261,6,267
32870347,6381,3897,17,3914
76321403,300,257,3,260
76211401,575,428,0,428
43626078,310,268,4,272
10810426,354,185,0,185
21861299,682,583,11,594
43583081,1049,843,30,873
86820981,1722,1175,25,1200
43770955,2024,1725,18,1743
86990451,377,238,5,243
76310287,1138,625,16,641
54210046,1857,1341,24,1365
11630685,639,413,7,420
43770911,360,303,2,305
86680020,4655,3447,19,3466
10841217,148,113,0,113
43360927,1881,1471,30,1501
65030059,146,122,0,122
98280041,1737,1388,13,1401
54500037,584,451,2,453
86992464,860,727,4,731
43993323,637,455,9,464
97142452,2708,2336,34,2370
43772643,525,325,4,329
86550879,223,81,4,85
76220489,774,432,10,442
54910931,420,438,3,441
43582271,1836,1329,35,1364
97700036,382,414,0,414
43412846,574,355,13,368
97100838,2962,1991,52,2043
86820172,551,374,18,392
22210041,1267,859,16,875
66020048,44,18,0,18
10830079,91,57,0,57
76200162,1355,901,18,919
76360259,1230,900,9,909
11160188,285,199,3,202
11761264,427,341,3,344
32841435,809,771,15,786
11590130,817,493,13,506
21860849,1838,1324,5,1329
76370047,548,323,1,324
11600064,744,524,24,548
11630742,188,143,5,148
43414848,438,324,6,330
86663290,367,263,2,265
11000024,1254,1072,10,1082
10591398,884,1130,12,1142
33061227,526,625,2,627
10940857,234,167,3,170
11100249,317,217,7,224
11390509,758,516,7,523
22720407,472,415,11,426
10250299,2115,1553,18,1571
76540114,265,162,1,163
86820554,198,90,0,90
98210033,77,48,0,48
97090397,5361,4284,20,4304
11080561,185,126,1,127
11831341,332,224,1,225
97110378,2295,1610,8,1618
22650038,198,120,3,123
97270184,723,506,13,519
86663504,230,315,7,322
21861705,340,404,0,404
76370227,638,345,5,350
11080291,709,442,8,450
32950751,2377,1774,9,1783
43583014,1205,1027,16,1043
43416019,376,230,2,232
22720148,1963,1285,16,1301
10330063,390,278,4,282
86553298,181,124,0,124
33090331,2654,2237,5,2242
43400146,3328,2560,56,2616
43771574,734,332,8,340
97093389,1371,1223,10,1233
32930726,1111,821,8,829
54470112,1793,978,18,996
11030397,296,260,1,261
86550734,658,394,4,398
76090406,165,76,2,78
76360833,182,141,1,142
76450125,1611,877,18,895
97141541,2059,1647,11,1658
43621635,266,109,1,110
86662323,575,454,3,457
11820484,773,448,4,452
22430203,221,129,2,131
21861323,2686,2308,20,2328
43501182,551,359,5,364
11400039,128,94,2,96
43680023,1034,776,11,787
54670046,595,310,7,317
22600235,1801,1243,16,1259
86821027,93,50,0,50
76141010,507,396,5,401
43413667,758,478,1,479
76200500,342,357,4,361
97830131,324,169,4,173
11460282,314,195,2,197
76211434,334,264,3,267
86992037,2214,600,16,616
11631888,223,159,1,160
65070053,260,237,3,240
98070026,334,250,0,250
76510346,359,255,0,255
97091107,1574,993,17,1010
54330207,778,753,7,760
22690065,2398,2179,23,2202
54880588,321,272,16,288
76200623,488,403,3,406
43380312,3120,2301,56,2357
54880038,1310,1005,1,1006
54410330,231,255,4,259
43560053,1452,1302,10,1312
54790724,307,373,6,379
43580022,504,318,1,319
54870149,764,704,8,712
11600716,597,375,0,375
43994548,400,341,6,347
54911167,159,165,0,165
10841149,186,141,0,141
11780704,211,162,2,164
33010489,2309,1585,13,1598
32952450,1343,1341,4,1345
97100614,2264,1844,10,1854
65680049,144,39,1,40
21860311,1821,1295,11,1306
43600362,1317,1215,19,1234
33070069,1319,1052,21,1073
65920013,1973,1534,12,1546
97091657,4331,3092,17,3109
22600673,1784,1251,21,1272
86742603,138,83,3,86
33250250,1865,1269,9,1278
33260183,2089,1458,21,1479
32863259,579,660,15,675
86742142,71,47,0,47
76490310,86,65,0,65
43772665,438,282,8,290
76330155,692,460,3,463
11080639,323,199,3,202
43774184,437,333,2,335
43560042,1862,1324,12,1336
43991264,564,431,10,441
97540184,1064,597,7,604
10860027,720,472,8,480
86742366,155,110,0,110
54570012,1661,679,19,698
86910408,1015,841,15,856
32940312,2352,1719,27,1746
33061036,4523,3356,33,3389
76260427,541,341,10,351
22420291,1635,1172,21,1193
43400641,953,811,26,837
33060899,2442,1979,7,1986
32960594,4084,2908,57,2965
22630070,111,60,1,61
54650651,773,947,1,948
76221132,540,426,5,431
86552871,972,770,11,781
43371019,2401,2235,45,2280
11640237,786,493,15,508
86820756,2302,1372,32,1404
11630595,417,295,10,305
43582776,1700,1355,89,1444
43994133,370,313,6,319
10250109,2690,2293,8,2301
33080194,2158,1533,18,1551
32960426,2441,1702,20,1722
43583250,642,391,11,402
97220033,2564,2323,6,2329
11801078,289,227,5,232
54570078,1524,941,14,955
86880033,860,671,3,674
97091916,1886,1598,25,1623
43625280,721,594,8,602
43993705,494,361,11,372
76520033,741,571,3,574
43992232,514,332,5,337
32951785,4503,2692,25,2717
43740244,658,589,4,593
76130366,599,288,6,294
76400175,744,426,10,436
43691755,787,586,16,602
11820934,504,345,6,351
65800021,385,209,4,213
22340102,370,302,4,306
76320435,784,501,4,505
76510087,495,279,0,279
97100782,2373,2163,4,2167
76321087,652,362,9,371
98410103,2111,1445,15,1460
10251515,1546,1095,17,1112
76250921,709,619,7,626
11830979,1126,901,27,928
97210010,621,461,2,463
43361265,2044,1385,16,1401
54210305,325,278,3,281
10900123,251,150,3,153
10850396,295,211,5,216
43625640,504,394,6,400
10910326,344,224,2,226
22290027,1061,994,26,1020
76180181,637,382,5,387
43412622,1110,835,21,856
43692981,184,162,0,162
10591040,1716,1471,6,1477
86730251,1175,931,19,950
43775152,374,382,11,393
76230413,285,160,1,161
43951327,693,912,3,915
11100250,641,453,4,457
11820619,537,320,4,324
43504859,572,416,6,422
21940017,1844,1155,25,1180
32900183,4092,2957,40,2997
43416794,465,360,0,360
86550262,666,343,10,353
11831026,1069,834,22,856
43774409,478,293,6,299
11790750,310,274,0,274
43600205,514,430,3,433
43993480,811,625,17,642
76480500,976,603,6,609
11820732,314,184,4,188
43361984,877,827,16,843
11650430,161,127,0,127
97140573,2238,1492,27,1519
10250042,3979,2862,17,2879
21870086,1746,1080,23,1103
11580588,675,481,2,483
76260382,182,144,0,144
76230042,445,270,6,276
86670298,850,853,9,862
54220216,817,561,14,575
43690901,1114,837,16,853
11830081,884,603,16,619
10780039,90,73,1,74
33020457,1905,1273,19,1292
33170172,1717,1732,10,1742
10841015,527,395,10,405
86730150,1529,1149,19,1168
43581450,719,583,0,583
22800158,114,60,0,60
54570416,315,285,3,288
43414556,658,398,17,415
11630269,476,255,4,259
43370669,2823,2286,42,2328
11640158,364,242,6,248
76291117,410,325,23,348
86663212,527,441,8,449
33010344,2732,1600,23,1623
76130546,853,478,8,486
43371367,2084,1919,6,1925
22600189,1219,771,7,778
43621196,654,438,3,441
76150054,677,341,7,348
43502936,417,294,4,298
43413320,998,744,10,754
11780232,1955,1425,13,1438
43992940,103,67,3,70
21870615,374,340,3,343
76370654,466,305,8,313
33000376,2952,1827,88,1915
32950818,3514,2731,4,2735
22210119,1250,729,8,737
97200233,1629,915,6,921
86742401,193,121,24,145
43691216,618,432,12,444
43480098,835,499,6,505
43990038,595,379,18,397
43583913,791,564,9,573
43413847,1706,1109,13,1122
10870815,488,354,14,368
97950066,427,570,13,583
33020750,940,1051,16,1067
33030425,2848,1808,24,1832
97142272,2050,1453,20,1473
22320177,874,535,3,538
43390166,2215,1779,17,1796
33090061,3112,1967,21,1988
43370883,797,629,8,637
76510098,256,155,2,157
98380198,1793,1139,13,1152
33280073,1285,818,13,831
22600347,2133,1444,15,1459
65440515,1646,1447,17,1464
10300363,1902,1248,25,1273
11630135,356,245,8,253
10830136,515,381,6,387
76370777,562,318,6,324
86742209,381,225,8,233
11800549,478,316,8,324
22210018,830,533,0,533
22720373,885,924,5,929
86553681,1386,984,27,1011
97100029,6543,5459,5,5464
43950225,2355,2052,30,2082
11591175,339,259,3,262
76130704,570,325,23,348
97090454,3062,2493,13,2506
32860807,3030,2204,28,2232
76330425,786,589,9,598
22421382,798,702,19,721
43410451,840,551,9,560
43772902,473,318,0,318
43625314,132,97,1,98
43361221,1884,1396,20,1416
54910818,497,385,6,391
32940907,969,993,0,993
76310119,1070,505,10,515
32861606,1617,1248,9,1257
54890781,1212,936,8,944
54390056,231,146,2,148
43693296,431,377,8,385
11751588,246,160,4,164
11070649,417,280,3,283
11770668,366,257,4,261
10251548,1880,1359,21,1380
32860616,1793,1365,1,1366
76320031,506,216,3,219
66010047,45,32,2,34
11100171,491,341,0,341
43418370,381,326,5,331
10570137,518,334,17,351
11650058,698,483,1,484
11771096,1115,570,16,586
32951044,2715,2167,5,2172
43411249,672,484,5,489
32951730,2390,1842,28,1870
54750078,492,479,4,483
76060223,1777,1079,13,1092
32861718,2395,1751,18,1769
11680039,417,281,10,291
87020311,1767,1330,31,1361
54330139,2458,1631,36,1667
22080079,131,82,2,84
65210037,1219,950,15,965
11830115,389,206,2,208
54790410,2156,1572,6,1578
86554299,286,242,7,249
11760230,283,131,2,133
43951338,871,1335,4,1339
22421764,376,278,2,280
43624829,1587,1212,41,1253
76380150,1721,961,14,975
22430214,206,119,4,123
76360282,515,326,7,333
54620063,1119,566,6,572
76280283,1056,672,11,683
54540570,948,752,14,766
11580814,297,197,3,200
86740195,1222,812,6,818
10850318,345,247,4,251
22630227,87,42,1,43
11030139,1115,696,1,697
10090044,762,528,4,532
97090498,3715,2781,12,2793
11390419,739,486,7,493
11631316,286,201,3,204
10940778,362,251,3,254
11580870,418,299,8,307
43692150,1330,890,16,906
98420137,530,455,1,456
22420011,1339,798,11,809
54260467,1108,1179,13,1192
43770315,565,364,8,372
32841109,3107,2331,24,2355
10790445,267,178,6,184
22600101,2043,1424,16,1440
10920473,507,388,5,393
32890596,3749,2901,5,2906
54890477,1263,939,2,941
43990612,740,598,18,616
43500709,508,402,0,402
10841385,150,104,12,116
32870516,2383,1866,20,1886
11620594,810,460,0,460
43390032,3692,2944,31,2975
11760500,876,569,9,578
43412284,620,429,5,434
43772407,435,345,9,354
54650347,2897,1880,27,1907
32900161,3380,2572,31,2603
22450070,601,494,7,501
86662918,517,336,5,341
65660025,21,122,6,128
32851290,493,599,6,605
86740230,731,486,8,494
43503500,620,392,4,396
97141192,2712,2093,14,2107
11810731,494,363,7,370
11760117,305,171,0,171
11820383,841,523,20,543
43775220,591,546,14,560
64940025,1751,1328,1,1329
65060018,1435,966,17,983
43774555,1394,1124,37,1161
86742647,304,205,4,209
43600092,1599,974,9,983
11591478,331,232,3,235
11790356,800,459,2,461
11800358,240,158,4,162
86550790,451,343,4,347
33000185,5084,3812,21,3833
43991488,1074,741,1,742
11800099,552,306,5,311
10900066,321,169,1,170
10920136,901,670,6,676
54910504,942,696,5,701
76290071,1096,544,5,549
86742388,963,720,0,720
76310254,1170,644,16,660
22540137,1326,931,15,946
43620948,293,194,4,198
76101151,581,331,3,334
98030011,2533,1890,29,1919
43500800,514,328,9,337
43410125,1615,1089,24,1113
32890732,1810,1548,4,1552
86992587,1199,600,47,647
33020637,976,691,14,705
43350027,3106,2443,14,2457
11750767,470,311,3,314
10370012,697,580,1,581
33330013,384,199,2,201
43772238,1216,1003,10,1013
97840064,919,621,4,625
32950278,3403,2686,11,2697
33200211,237,491,15,506
43412295,911,604,11,615
11810674,599,412,4,416
43500877,1176,808,10,818
32952506,2231,2254,6,2260
22700034,1474,957,26,983
32980350,3491,1855,15,1870
54680126,605,307,0,307
21870097,2271,1431,26,1457
11250043,927,773,8,781
76530056,318,168,4,172
32951639,2147,1841,7,1848
98180039,923,714,12,726
76130524,386,217,2,219
21860715,1347,832,18,850
22400109,237,170,5,175
86742210,452,279,11,290
76221244,428,322,9,331
22800248,549,571,13,584
43993288,219,150,3,153
21870064,1261,830,12,842
76170427,422,183,8,191
97220189,1303,1009,17,1026
10820371,212,141,3,144
54820021,427,319,5,324
54230116,1901,1440,23,1463
54580169,1293,885,9,894
43500495,918,659,9,668
10910124,442,310,5,315
43622243,769,548,11,559
32841233,1902,1498,21,1519
43504714,339,276,7,283
43501597,217,135,2,137
43380109,3259,2361,64,2425
54900064,1312,800,19,819
21861749,790,718,101,819
86662457,104,105,2,107
32870123,2654,1700,6,1706
98210022,207,108,1,109
22750220,1092,850,15,865
43416086,497,372,1,373
43993592,372,249,7,256
97093468,705,600,9,609
11790693,430,324,4,328
97800239,847,623,4,627
21861301,492,370,5,375
43361591,2432,1712,38,1750
43380255,3258,2604,64,2668
22590097,1492,995,24,1019
97141406,1950,1283,10,1293
86553973,585,505,17,522
11600749,697,509,5,514
43391022,950,974,36,1010
86553377,276,182,1,183
86662862,716,509,8,517
76290992,721,256,0,256
22600325,2769,1721,25,1746
32910285,4331,3228,34,3262
76211108,652,373,2,375
54540413,295,279,4,283
43380198,3526,3032,34,3066
54840056,171,86,3,89
65030127,53,41,4,45
43773442,349,262,6,268
76210736,797,414,1,415
11821272,293,191,4,195
43560086,522,532,3,535
86991722,527,366,4,370
76170607,778,579,4,583
76540181,1098,848,9,857
11611077,163,137,0,137
10950319,165,130,0,130
86700258,1734,1487,11,1498
10780017,165,90,1,91
11830160,642,487,6,493
65090112,453,297,7,304
43480155,355,260,6,266
43774780,237,173,5,178
43503533,1004,790,9,799
10251436,2124,1601,39,1640
32930704,2138,1609,15,1624
11390116,312,177,2,179
11570611,516,272,9,281
97130347,4216,3306,11,3317
11631529,519,333,10,343
43990904,1072,669,28,697
11140018,680,538,6,544
10250367,2546,1757,35,1792
43584217,276,176,2,178
76090204,824,817,13,830
32841288,2740,2323,74,2397
76190261,765,427,4,431
65040027,923,691,9,700
97300010,2791,2014,26,2040
76140424,1148,770,23,793
76190047,1140,736,8,744
11650632,524,372,8,380
43772632,777,559,14,573
33020143,1773,1453,22,1475
10250581,2541,1656,8,1664
43870158,1054,979,12,991
43416121,436,351,14,365
11020116,71,59,3,62
10410051,99,90,1,91
43583430,597,408,13,421
76100408,1655,845,12,857
86990743,677,488,4,492
97850021,297,127,4,131
32861460,1921,1627,17,1644
98380064,2540,2174,2,2176
86900148,2355,1335,12,1347
65990032,59,46,3,49
43400405,2978,2019,22,2041
10850251,471,293,5,298
76100127,1589,848,12,860
97710116,1683,1089,9,1098
32850222,2062,1615,11,1626
33020075,2467,1935,21,1956
43361951,1797,1384,3,1387
33250430,2506,1530,32,1562
32850716,4569,3930,56,3986
32930401,1060,688,8,696
97091242,4330,3225,10,3235
43501531,588,340,1,341
11390543,191,131,0,131
54540738,581,429,6,435
65660092,21,9,0,9
11761242,301,232,1,233
43770719,87,64,1,65
32861921,2919,2042,20,2062
22430258,145,72,1,73
33090016,2635,1619,13,1632
43410103,1283,899,18,917
43413780,1616,1043,14,1057
11751319,442,298,11,309
11810742,146,98,0,98
33240529,254,228,3,231
43500440,583,460,3,463
32871146,1493,1288,8,1296
32850053,2245,2403,21,2424
43411812,998,651,8,659
43416503,554,441,8,449
97140584,1971,1428,16,1444
21860029,1727,1332,10,1342
54120114,833,608,6,614
22060044,853,621,16,637
76490084,94,63,0,63
43411193,799,569,8,577
76310276,1410,836,14,850
76480926,428,285,2,287
43581427,496,338,7,345
76110162,1408,966,10,976
86690122,1973,1366,10,1376
86743525,296,228,9,237
98280153,863,495,4,499
43415636,1034,781,11,792
76480847,208,149,1,150
76160189,1000,554,24,578
11060042,532,485,4,489
86553344,612,427,3,430
86660376,750,446,6,452
10940127,479,288,4,292
43990892,763,527,21,548
11600323,783,462,6,468
54540547,785,694,16,710
43771439,1088,827,23,850
11250010,1890,1214,25,1239
97100298,1744,1213,15,1228
33150013,1112,596,4,600
43412330,854,616,25,641
97141956,4373,3313,7,3320
76210725,1147,689,8,697
10250390,2061,1517,16,1533
43412789,1002,717,9,726
76260494,1044,802,3,805
76220287,1651,846,8,854
86554020,239,171,2,173
97240035,286,263,0,263
32861123,2730,2052,34,2086
97092142,2108,1540,17,1557
11071325,278,190,3,193
76450169,1270,828,17,845
97110200,2039,1712,4,1716
86662154,2920,2284,34,2318
54790229,1073,792,7,799
11771940,431,305,15,320
76400197,1137,703,8,711
32940446,3733,2881,10,2891
43773082,703,515,8,523
76320479,1365,962,14,976
10871377,173,110,4,114
54890455,1647,1309,18,1327
43990915,635,487,5,492
76480791,1597,884,5,889
97110457,1514,1365,19,1384
43371963,977,867,13,880
43580516,1828,1515,5,1520
86741882,1389,636,35,671
43415793,1623,1295,24,1319
86552590,465,335,12,347
86551678,664,448,11,459
76360754,698,436,10,446
32850334,2291,1952,21,1973
32951628,6923,5094,28,5122
97110086,5083,3733,53,3786
65000012,2505,1788,7,1795
10910809,211,158,3,161
86960098,815,835,15,850
86552578,484,297,10,307
43416952,495,374,7,381
11810922,127,98,0,98
43950078,1069,744,20,764
76240302,1000,673,12,685
86870133,1195,949,15,964
32952191,870,839,3,842
33060776,5229,3197,59,3256
76130232,861,497,3,500
22720070,1859,1039,12,1051
10510085,186,129,0,129
76350674,1210,716,6,722
54610545,542,437,8,445
11780692,487,344,3,347
76520088,429,269,8,277
10910618,282,159,0,159
11811002,364,243,2,245
54720097,2620,2038,29,2067
43370658,1802,1574,22,1596
86990697,1194,661,8,669
76450271,1144,807,12,819
32871090,4471,3165,75,3240
43620353,1002,765,4,769
32890259,2006,1565,18,1583
32910195,4313,3445,61,3506
22060033,1510,870,22,892
10760059,176,122,1,123
32940581,2624,1844,30,1874
43416345,969,681,8,689
22420909,919,697,10,707
11640068,282,197,1,198
43502228,453,313,4,317
43620230,382,238,3,241
11390206,911,609,7,616
43775208,507,475,5,480
98180073,113,58,0,58
11370024,162,122,1,123
43582888,1754,1488,24,1512
32841200,3215,2233,28,2261
43670033,2924,2017,52,2069
32951684,3855,3082,10,3092
43430059,1145,895,11,906
76200555,282,187,0,187
54540817,662,610,19,629
22421090,405,268,12,280
43581999,1015,746,28,774
11460439,154,98,1,99
10490037,101,30,0,30
65980097,58,40,0,40
43416941,802,604,6,610
76130579,269,127,1,128
65200014,1058,751,15,766
65440560,790,696,6,702
10250323,2299,1649,33,1682
54630020,2728,1588,368,1956
54260186,2951,1501,24,1525
11030230,1660,1160,14,1174
10810730,293,202,0,202
11570879,642,430,1,431
32860201,4124,2833,36,2869
97240013,3462,2669,26,2695
10840227,262,180,6,186
76510414,307,220,1,221
86580041,852,556,13,569
43581337,588,409,1,410
76101274,431,270,3,273
43360376,3940,2693,28,2721
97090274,2778,2114,9,2123
11811147,309,241,0,241
11770354,317,236,1,237
54600320,1159,1226,4,1230
32952168,3068,2105,35,2140
97110143,1008,845,9,854
76350966,744,506,7,513
76140570,938,597,5,602
43360589,2587,1768,18,1786
10870185,874,652,0,652
43371592,1474,1024,6,1030
76161045,209,227,7,234
97142430,1392,1519,16,1535
76270316,948,651,12,663
11200172,1219,799,5,804
22640307,59,29,0,29
10890288,509,274,7,281
76351091,426,373,5,378
10820898,1589,1309,18,1327
11571263,372,259,4,263
32951763,2657,1937,27,1964
98400023,3490,2240,27,2267
33030504,1207,1364,7,1371
86550318,160,68,2,70
11780917,331,256,3,259
43370276,1778,1632,17,1649
43994188,1444,1104,21,1125
43994447,62,44,1,45
43370715,2090,1485,19,1504
33010142,3037,1793,0,1793
54230206,1399,1236,15,1251
54620142,1189,668,21,689
76500019,155,115,1,116
76400085,1374,818,8,826
43416615,544,447,6,453
11820350,514,270,10,280
76310344,401,290,10,300
97380029,657,465,4,469
86870100,2685,1840,35,1875
10910540,358,234,15,249
10591028,1322,1368,6,1374
22420156,742,437,1,438
97520216,1633,1078,5,1083
43775051,692,639,11,650
86990899,2600,1062,23,1085
76370766,199,125,2,127
43411081,1353,838,1,839
43600070,1524,1067,12,1079
11570914,654,413,2,415
97270151,387,339,0,339
54570348,321,207,3,210
32861156,2057,1643,19,1662
21860591,1534,1242,15,1257
21870424,1441,837,0,837
98180040,154,108,2,110
86661018,2027,1177,14,1191
43691430,551,357,4,361
22750354,397,499,4,503
10250075,3974,3274,14,3288
98210055,133,117,0,117
43416817,593,407,9,416
43994661,446,307,13,320
97130033,4303,3463,13,3476
43950922,1876,1422,13,1435
11580599,279,183,7,190
76370193,686,387,3,390
32870550,2296,1785,19,1804
43361771,2152,1385,18,1403
43774768,380,298,3,301
76070123,709,865,2,867
43770652,617,335,9,344
76370036,1115,644,14,658
43770449,1366,1031,26,1057
86661849,2834,1533,17,1550
43991354,508,372,15,387
10841330,162,107,2,109
43993446,803,625,10,635
43624919,1546,1064,9,1073
98380389,1640,1246,8,1254
11770398,834,474,1,475
86580276,579,403,10,413
10910102,436,285,1,286
21861378,455,495,0,495
11560159,2961,1629,26,1655
22690087,742,574,3,577
76300736,431,359,0,359
76130276,1338,542,4,546
32840793,2040,1553,26,1579
54260120,2269,1512,21,1533
22630261,108,38,0,38
76130355,1060,671,7,678
32840434,3011,2406,8,2414
76250369,935,624,15,639
86990079,958,554,9,563
43991668,184,113,1,114
76290497,815,298,0,298
11460046,482,328,2,330
10290013,1540,916,16,932
43530016,2577,2013,29,2042
10250064,4069,3280,12,3292
76250572,1872,960,13,973
22810216,120,67,3,70
65500084,37,25,0,25
10850217,346,215,5,220
76250684,359,244,3,247
10820315,497,358,1,359
43993862,679,503,11,514
54530029,2385,1814,49,1863
98330025,610,295,4,299
97100489,2250,1424,10,1434
86620046,1790,1072,0,1072
43370401,2621,2053,30,2083
21860782,3517,2062,43,2105
32980473,1259,1651,10,1661
11570251,404,214,10,224
22400019,287,152,0,152
76160381,994,638,15,653
43400540,1754,1493,27,1520
54911022,389,364,3,367
76490477,400,339,5,344
10590588,2118,1544,9,1553
76120309,395,281,2,283
32871348,1507,1413,20,1433
22810171,278,174,6,180
54620085,1261,727,13,740
54760103,1316,1110,0,1110
54220104,1344,1026,11,1037
11751689,410,292,2,294
32900105,1773,1519,0,1519
54190144,1513,1505,5,1510
76490309,43,29,1,30
33290085,1156,995,19,1014
54600117,1069,630,7,637
86821173,468,150,2,152
43690169,252,205,2,207
86551421,2320,1442,31,1473
43400203,2886,2272,41,2313
10030015,1637,1244,9,1253
43775321,361,321,3,324
76250707,523,356,6,362
10940824,186,128,1,129
54470202,384,313,11,324
43501373,521,295,1,296
11570408,636,370,16,386
76530090,187,125,6,131
65370045,1057,702,12,714
97610014,2279,1362,13,1375
22640071,67,31,0,31
76200320,1414,947,7,954
76230200,1168,671,8,679
76351068,300,220,4,224
11771906,208,144,2,146
43692969,208,206,7,213
97670010,719,492,4,496
43501036,1156,815,16,831
10841093,230,163,1,164
65470068,1327,860,12,872
76170438,610,413,5,418
54580068,1639,997,18,1015
76280216,945,519,5,524
54620850,327,261,3,264
43582697,948,711,11,722
11611088,196,116,4,120
10920046,706,441,31,472
32910027,6234,3993,12,4005
32951820,2797,1275,20,1295
76140750,656,441,4,445
43774904,381,310,7,317
54620872,324,332,8,340
43621174,662,436,4,440
32861785,2780,1916,31,1947
43600339,1018,952,17,969
33060507,1609,1274,14,1288
86742186,807,492,12,504
22600549,1869,898,22,920
97120414,5271,4450,10,4460
76490499,175,144,1,145
10920507,166,145,2,147
11580498,273,179,2,181
11571230,637,429,7,436
86550453,279,148,0,148
65530302,59,34,8,42
32860313,3746,2962,8,2970
43621242,341,230,4,234
33050045,1885,1417,13,1430
33000321,3787,2944,17,2961
32840669,3085,2356,14,2370
76090282,1629,1783,11,1794
11830485,417,271,9,280
54880443,764,555,3,558
86910149,1702,1161,28,1189
10890075,279,166,0,166
32861280,2279,1803,13,1816
22421753,567,466,0,466
76190171,818,571,2,573
32900015,3193,2554,9,2563
97092287,3381,1292,20,1312
65820045,349,232,2,234
43360354,1154,767,3,770
32861752,445,445,3,448
43690956,2324,1859,54,1913
10820528,327,303,2,305
97100221,2289,1572,13,1585
65760071,351,298,5,303
76350180,1103,593,6,599
10910034,389,239,1,240
10840137,840,557,13,570
43774432,461,254,0,254
43390100,1349,1070,21,1091
33010872,2673,1853,200,2053
43503836,560,436,8,444
43774230,770,587,11,598
43410147,1090,741,22,763
65440324,2455,1908,11,1919
22640217,143,54,0,54
76321122,382,239,2,241
11631035,537,300,5,305
43621466,563,349,22,371
32951831,1757,1373,1,1374
43416480,522,361,6,367
10940251,286,198,1,199
43950247,3200,2688,21,2709
97131023,1697,1337,7,1344
65910034,137,111,2,113
43691621,774,558,18,576
97790046,1638,798,7,805
43400630,523,454,2,456
43622445,1671,1231,31,1262
76140828,355,234,7,241
43414174,703,456,17,473
97093367,1179,1062,16,1078
86741297,1882,1271,28,1299
11650834,226,173,6,179
43410035,599,358,3,361
43992939,828,503,8,511
32861224,2645,2059,2,2061
86661478,688,495,1,496
76450417,1568,1514,2,1516
11790738,109,84,1,85
76291049,444,210,1,211
32862911,2158,1700,13,1713
43480144,1969,1415,5,1420
10251683,1513,1948,1,1949
65720011,3510,2410,19,2429
11640349,830,555,11,566
22630160,141,68,2,70
11630337,779,467,2,469
11601199,289,170,4,174
76250066,532,311,10,321
43692992,727,623,20,643
97140258,2449,1706,16,1722
98380390,1505,1231,24,1255
32952933,834,1312,10,1322
76380677,483,387,10,397
54220238,399,313,7,320
97100355,2285,1474,10,1484
11591063,350,223,1,224
86743288,723,535,12,547
76080382,872,725,10,735
43774308,1006,872,15,887
11071684,275,183,4,187
97410090,864,858,56,914
10800010,361,82,6,88
97140214,2369,1402,22,1424
97120436,803,607,7,614
76350900,538,363,6,369
76350225,866,499,4,503
43400911,646,652,1,653
11770444,735,426,9,435
43581416,426,284,9,293
43581797,368,236,4,240
10430200,1115,941,10,951
54230071,2268,1598,32,1630
11390622,121,98,1,99
76160707,329,230,5,235
22210265,349,407,7,414
11771401,467,291,11,302
43693162,608,540,9,549
10490015,196,143,3,146
11080257,365,240,8,248
86741051,967,444,22,466
43580437,1398,1061,19,1080
97820129,1225,683,15,698
54130104,900,738,4,742
43416211,596,432,11,443
43775455,243,215,0,215
32961067,717,983,17,1000
54870116,1239,964,1,965
43380064,6305,4157,18,4175
86992880,588,541,10,551
76321111,270,145,1,146
33090106,2234,1916,11,1927
76160527,654,411,3,414
76360484,595,263,7,270
43413869,830,586,7,593
43994100,890,840,9,849
32860650,1647,1226,21,1247
43480289,1381,928,20,948
43994155,280,235,2,237
22400468,240,165,11,176
33060147,1695,1361,9,1370
86662660,1122,829,29,858
54840012,496,398,4,402
11781086,231,138,12,150
11820888,132,89,0,89
98110043,1179,838,9,847
76290790,662,309,9,318
97970013,1404,974,13,987
65680106,86,75,1,76
76480139,244,130,2,132
43691890,816,477,13,490
32871472,695,852,7,859
43415658,913,552,1,553
22560038,1771,1099,54,1153
43772115,501,354,7,361
22750309,726,604,1,605
22740173,986,714,24,738
11600389,1166,675,8,683
22800024,75,39,0,39
43990487,353,252,4,256
97141473,2468,1607,16,1623
33120032,1288,1027,7,1034
11750307,648,386,11,397
54620849,303,246,6,252
76270541,268,222,1,223
11780939,541,382,6,388
97540218,1217,672,18,690
33310189,413,313,4,317
43413656,817,417,6,423
43419034,372,351,1,352
33250520,1872,1289,26,1315
32862180,1915,1485,10,1495
43582361,403,268,13,281
10810695,175,121,2,123
76350764,935,625,7,632
86742445,1060,764,14,778
43410709,633,344,1,345
54900176,328,199,7,206
22810115,154,92,2,94
33010287,1944,1504,16,1520
98130124,546,470,6,476
44030102,386,464,1,465
54210260,322,325,6,331
86551498,2475,1419,4,1423
43520048,458,381,6,387
54860014,1055,814,15,829
76250314,306,205,3,208
97131203,611,588,5,593
10860061,304,186,4,190
86553333,1047,703,10,713
43621871,416,289,15,304
32951459,2237,1603,19,1622
43417975,448,383,2,385
76230604,298,209,4,213
11760522,608,319,3,322
86663414,578,471,7,478
86590020,4262,2781,19,2800
11390228,829,509,7,516
43417818,465,443,8,451
43350342,312,225,1,226
54650606,454,361,4,365
22750152,2348,1409,12,1421
76270552,295,254,13,267
86870043,3240,2399,7,2406
76080203,1880,1088,12,1100
54880308,1809,1389,14,1403
43950382,656,689,7,696
43692611,41,59,0,59
10850903,643,446,6,452
98380097,2343,1858,17,1875
22421292,1075,728,15,743
76330133,797,445,10,455
32951347,2879,1269,10,1279
43621073,632,358,10,368
32890394,3495,2521,24,2545
32860571,6076,4418,11,4429
43775130,327,279,0,279
86660219,738,424,3,427
98130023,1202,1014,5,1019
43416996,1557,1312,8,1320
54590519,579,559,10,569
10270044,1459,967,17,984
76270136,554,291,5,296
54760057,1655,1171,15,1186
86742973,570,443,7,450
10570036,1800,1144,10,1154
86580265,696,552,12,564
97090296,3133,2304,11,2315
11070728,360,244,1,245
43416402,584,440,1,441
97140966,2880,2407,2,2409
43773712,1339,1120,20,1140
54450053,347,271,9,280
10940666,361,258,8,266
54620883,312,264,3,267
43582170,235,148,3,151
76250752,973,817,13,830
54590014,1538,979,15,994
21860838,1277,1043,14,1057
43490011,888,894,6,900
86660118,656,405,6,411
54210316,518,555,6,561
22510066,462,497,2,499
86663010,917,738,17,755
65760093,258,209,2,211
43730119,1320,1033,14,1047
76340639,934,606,9,615
98250048,1804,1228,11,1239
33110266,1666,1431,21,1452
10870680,690,440,6,446
43994289,691,535,3,538
11810663,395,272,5,277
76280069,495,440,12,452
10840496,384,243,4,247
10840429,503,327,4,331
32930175,2879,2234,18,2252
11460057,463,282,14,296
65480036,488,431,15,446
76200656,209,131,6,137
43410800,559,438,4,442
86663256,447,326,6,332
33240473,151,157,1,158
76321009,368,194,2,196
10850037,448,301,6,307
86742658,292,173,10,183
86743121,563,405,4,409
11750903,262,171,3,174
86910587,649,580,13,593
10600096,533,498,12,510
43501766,1784,1104,13,1117
97140270,1982,1332,11,1343
32862416,3087,2314,22,2336
86550510,757,483,20,503
76290295,1183,362,4,366
43993031,1639,1290,13,1303
76160853,727,816,26,842
22320245,623,537,59,596
97740018,2693,1940,27,1967
97770033,681,559,3,562
97141002,3925,3381,5,3386
33270140,2531,1604,28,1632
43991826,465,324,10,334
54610062,1676,1065,8,1073
86740803,321,218,3,221
32863451,365,431,3,434
98080038,514,321,4,325
33260341,1025,985,17,1002
86820284,224,109,3,112
97141721,1601,1127,8,1135
76321368,204,126,2,128
33030302,2305,1773,7,1780
54410284,475,399,12,411
32930748,2971,1951,27,1978
22110253,70,38,0,38
76500222,580,348,6,354
11820811,423,269,5,274
54610253,2012,1382,39,1421
76360800,502,383,3,386
43620870,399,258,11,269
43991680,768,592,9,601
43773408,674,477,6,483
54880487,1213,958,20,978
97100131,1513,1442,15,1457
10100136,947,865,3,868
76251214,235,188,6,194
43510014,2073,1426,11,1437
76351057,481,428,3,431
11590657,313,234,6,240
65090066,741,588,19,607
43413083,775,497,29,526
22180014,1119,744,12,756
11600132,778,444,7,451
22200095,1035,561,16,577
33150147,53,102,1,103
86743075,97,65,2,67
86741129,868,538,14,552
43770203,372,82,3,85
86670096,3203,2538,3,2541
11570273,452,307,2,309
43583957,1304,1080,26,1106
43692206,564,397,3,400
54510027,2808,2053,19,2072
97130123,2101,1774,1,1775
10890356,265,177,3,180
65430042,1674,1168,20,1188
32960123,1919,1285,10,1295
11800505,442,311,12,323
11790446,529,367,7,374
11070740,343,240,5,245
97910073,784,640,8,648
11750688,250,181,3,184
54600252,4564,3928,57,3985
11800921,271,210,7,217
65420029,1876,1342,36,1378
10591017,1841,1570,17,1587
33090533,975,966,17,983
76140312,833,502,0,502
76130568,342,209,8,217
11590499,309,188,3,191
11610706,127,74,0,74
10170021,2103,1553,24,1577
43691586,750,494,16,510
76351204,264,207,2,209
43691834,1316,976,19,995
11750611,699,450,2,452
43994537,535,489,10,499
43622658,1212,808,12,820
76330492,432,342,7,349
43950416,2631,2189,3,2192
32952023,4247,2530,27,2557
33060631,3708,2625,16,2641
43414286,1107,632,20,652
97160014,3526,1935,21,1956
11600693,943,553,4,557
11800752,158,114,8,122
10560046,662,614,12,626
33070159,1205,964,19,983
44070038,2458,1639,38,1677
11831015,292,222,3,225
43361423,3878,2952,54,3006
43350173,3996,2876,9,2885
86870010,2552,2012,5,2017
43771114,902,760,0,760
86990822,736,603,8,611
43690372,674,428,8,436
76360383,727,441,6,447
43361243,1786,1187,14,1201
22150099,1325,992,14,1006
43773453,743,558,10,568
54540075,2438,1332,12,1344
54600296,649,807,5,812
43990151,452,308,3,311
76150278,1946,1200,20,1220
43993604,301,218,1,219
54800018,2319,1390,37,1427
86743615,510,459,9,468
43414792,712,461,6,467
11830597,294,214,2,216
32960527,6145,3555,12,3567
76240481,1005,842,14,856
11601021,627,504,5,509
54740088,1799,1202,2,1204
86663368,408,287,6,293
33060923,1949,1595,19,1614
33310235,336,311,6,317
22421911,375,302,8,310
76370609,1043,576,5,581
11810528,976,533,15,548
43692688,278,244,9,253
11610032,383,253,3,256
43420070,884,729,3,732
43583227,519,432,6,438
86910543,378,423,6,429
86900081,1487,977,11,988
32863361,1372,1107,33,1140
22410133,377,302,8,310
43415142,878,665,8,673
22040019,1065,766,8,774
22720126,1491,981,9,990
32840625,1586,1155,7,1162
22670029,1867,1368,19,1387
76321605,340,274,3,277
43501339,293,235,5,240
76510492,541,326,27,353
10300127,2300,1426,134,1560
11240020,773,545,11,556
43501159,703,474,4,478
11830429,322,202,6,208
65980086,32,24,0,24
11080707,170,111,0,111
22750253,1297,991,16,1007
97130471,1859,1849,10,1859
11830182,402,294,9,303
33000242,4265,3534,10,3544
11650463,487,335,5,340
32861448,765,796,7,803
43625785,199,136,5,141
32890574,4225,3321,17,3338
76360158,492,305,5,310
10810820,217,152,0,152
43771013,907,720,19,739
32951066,2584,1975,3,1978
32930355,2007,1589,20,1609
43412352,732,400,7,407
43774982,382,307,8,315
76370137,1072,514,13,527
11581073,368,269,0,269
10810561,301,175,4,179
43990263,352,257,2,259
86960087,2566,1721,120,1841
86720148,2548,1512,18,1530
87020322,1893,1009,67,1076
43371389,1731,1242,7,1249
11752073,389,262,10,272
43410204,570,334,3,337
43670134,1858,1382,18,1400
43990836,674,497,21,518
32850569,4382,3085,15,3100
86551623,828,567,37,604
32950335,1868,1694,9,1703
10251245,2624,1952,21,1973
65820023,2688,1839,21,1860
11751915,247,149,1,150
43370232,2538,1888,23,1911
76320110,462,257,7,264
54650426,2914,1644,72,1716
87020401,4121,3632,74,3706
76321504,100,75,1,76
97930020,1919,1356,3,1359
43390807,3467,2520,61,2581
43583609,1037,895,20,915
76100565,1539,923,9,932
76310366,526,332,1,333
98340105,422,253,2,255
43774937,175,133,2,135
76211513,307,333,2,335
43772430,1135,901,22,923
54890680,1041,720,12,732
76280890,102,169,4,173
54900154,121,82,1,83
76251124,295,209,7,216
76221097,480,324,4,328
10820191,284,227,3,230
33270207,387,271,6,277
43690158,914,671,19,690
76160088,603,367,4,371
10871164,376,277,5,282
11770264,1016,708,2,710
22210108,1508,1020,21,1041
76380486,368,256,1,257
87020120,4458,3168,0,3168
65930014,2034,1546,21,1567
76280205,1605,900,14,914
33170161,989,915,18,933
10810550,565,373,4,377
43411430,325,173,1,174
43771642,767,571,1,572
76290969,199,176,1,177
43390526,3878,3044,10,3054
11800808,128,73,4,77
76490321,65,51,1,52
97360094,207,142,2,144
33090027,2221,1816,19,1835
10740024,394,264,4,268
43370287,1769,1381,16,1397
97200020,1771,1400,3,1403
10940745,281,204,2,206
21860478,1904,1576,21,1597
43772597,838,658,0,658
22400334,203,150,2,152
43992647,1300,1129,26,1155
32960808,2103,1863,14,1877
43691542,861,647,18,665
43670381,2904,2100,57,2157
76350359,454,273,2,275
54210226,954,842,1,843
86661759,463,301,7,308
11620527,455,260,0,260
86660084,295,182,2,184
32871461,1562,1666,11,1677
97130651,1699,1276,16,1292
43501463,793,495,8,503
11630607,530,346,4,350
11760588,405,254,2,256
86743255,952,631,19,650
86741534,245,82,0,82
43412161,893,538,12,550
43417829,488,439,9,448
11760421,362,198,10,208
86991508,598,373,8,381
43691519,802,600,8,608
76210950,883,471,3,474
11790468,319,159,3,162
86991003,1640,916,5,921
43416884,847,719,11,730
76360440,608,392,1,393
97090410,3520,2522,7,2529
32890776,497,471,3,474
98040012,814,422,5,427
76120354,488,383,6,389
11581141,267,203,6,209
10910203,500,298,11,309
43774139,741,537,16,553
76250976,258,210,7,217
86920117,809,645,1,646
97142351,1527,1217,4,1221
43625279,526,361,6,367
76200476,281,233,1,234
32870886,2332,1675,18,1693
76380082,837,528,5,533
22340089,633,472,1,473
43503689,232,170,0,170
98400236,1805,1377,17,1394
97890014,2194,1343,22,1365
54410352,80,145,1,146
76510054,398,285,0,285
22310019,1196,788,15,803
22810104,310,214,5,219
54540165,1916,1635,24,1659
10251122,3744,2520,198,2718
11460125,747,546,12,558
98100198,517,281,9,290
76280250,1059,511,5,516
43400876,1784,1450,38,1488
11010025,3037,1794,42,1836
11640541,172,110,17,127
10590836,2077,1809,15,1824
11630641,355,225,0,225
22030029,2233,1392,21,1413
97130752,3384,2311,16,2327
11591434,228,148,5,153
86553546,753,494,19,513
86990686,300,214,7,221
11760870,375,329,12,341
43380323,4420,3568,48,3616
65000191,1337,1078,13,1091
33240158,1181,796,13,809
54110023,2510,1678,61,1739
43950955,1768,1470,36,1506
43750021,1654,1238,26,1264
43501643,532,381,3,384
87020153,2568,1989,16,2005
76400052,1380,701,17,718
11801045,252,199,1,200
76280755,667,486,5,491
32860896,1597,1594,2,1596
65700019,696,525,7,532
43690473,2075,1614,27,1641
65440335,3164,2404,9,2413
87030042,539,417,34,451
10300239,2201,1614,22,1636
11450012,106,63,1,64
22421696,575,444,0,444
43500529,685,501,10,511
22600257,983,522,14,536
43992524,869,679,8,687
43371581,2968,2054,43,2097
32951707,3771,2860,17,2877
21860344,3445,2587,12,2599
43650019,2152,1645,20,1665
65530290,221,238,1,239
43774511,161,90,2,92
43775444,401,338,11,349
22020309,519,482,11,493
97141428,5086,3713,30,3743
43622322,1314,1038,24,1062
97220077,523,420,2,422
11071628,395,272,1,273
76220243,1319,803,10,813
10790186,643,366,7,373
43503038,249,184,2,186
21860502,1459,817,5,822
65460012,3434,2540,43,2583
10950106,193,131,1,132
76130760,168,127,0,127
86570062,2263,1415,4,1419
11611066,188,144,3,147
97091309,3082,2398,14,2412
32952977,1327,1406,11,1417
43993637,591,390,10,400
76250482,1761,908,10,918
76210602,1322,644,5,649
76510324,460,366,6,372
22410267,240,154,7,161
43770887,390,310,11,321
32860289,709,517,4,521
54440131,978,749,18,767
43415096,828,611,14,625
76130658,362,241,4,245
43830019,1395,1165,18,1183
54490013,2218,1651,19,1670
76250897,231,187,0,187
76490387,634,473,5,478
21860704,2042,1521,25,1546
33310246,775,680,14,694
76110207,790,708,9,717
54460076,188,103,1,104
76210040,1210,668,13,681
22670074,430,419,0,419
43991781,1643,1127,23,1150
97220022,1635,897,10,907
97141642,1575,1175,7,1182
43691867,1172,865,29,894
76221020,222,152,0,152
11751500,311,203,5,208
10590106,1532,983,9,992
32960932,373,374,2,376
43502363,1025,728,5,733
54680104,276,187,1,188
32980170,4531,3999,41,4040
10140028,2585,1824,3,1827
11030038,2165,1719,27,1746
33060608,2624,1996,23,2019
11801269,127,112,8,120
43690754,261,190,8,198
76291027,405,287,2,289
11800965,282,193,9,202
22090261,84,58,2,60
43500259,1054,755,17,772
76330065,1201,616,24,640
76140165,1176,712,10,722
22110208,103,108,0,108
11580566,609,427,4,431
22740151,1545,1106,26,1132
32951224,2961,929,3,932
33040167,444,383,2,385
11110026,110,106,3,109
11601122,353,212,6,218
43581584,407,278,5,283
11210049,1517,1273,5,1278
43390098,2301,1723,18,1741
76210084,744,374,4,378
11620145,339,201,0,201
32960190,1763,1360,11,1371
76240391,406,240,3,243
11800235,144,97,0,97
11600930,688,410,9,419
65050028,1823,1369,17,1386
43991422,535,389,17,406
10940688,74,56,2,58
97550084,528,182,4,186
33110389,3434,1852,52,1904
10870152,1254,953,7,960
43693151,173,158,4,162
76250516,895,539,0,539
22720328,1632,1240,28,1268
76320918,927,622,7,629
76351293,158,141,3,144
11600682,758,485,3,488
43620678,932,620,13,633
43362367,1376,1555,28,1583
97360016,577,358,7,365
32930906,1739,1298,23,1321
43411711,1020,787,17,804
43774926,139,124,0,124
43500406,466,297,4,301
33240057,3308,2115,3,2118
22770042,1334,922,12,934
43773161,666,584,14,598
32890541,3905,2807,3,2810
54910234,1735,1122,11,1133
43503094,834,684,5,689
11610548,150,79,0,79
32951404,1443,1155,5,1160
10591321,223,109,1,110
86742377,681,479,14,493
33000275,3605,2979,0,2979
76270024,924,526,14,540
43991129,770,585,22,607
11751780,540,351,4,355
11640204,1018,686,10,696
43416895,494,355,6,361
76390117,899,634,3,637
33090522,1184,1101,21,1122
11570644,373,254,4,258
97092164,1224,945,8,953
54600241,1287,1187,17,1204
43502970,162,85,0,85
43480212,207,192,6,198
22190015,1235,513,0,513
43370760,1704,1298,0,1298
11570048,273,156,0,156
11761220,191,129,2,131
54440120,651,423,12,435
86910329,704,541,6,547
43770562,485,318,7,325
65440144,1990,1512,30,1542
33270274,1463,1013,21,1034
21870413,1593,1208,14,1222
86660534,496,282,6,288
76350933,463,340,10,350
10251560,1564,1155,12,1167
97580021,301,197,0,197
98400102,2379,1682,3,1685
33010838,2338,1466,22,1488
43370120,3269,2241,2,2243
11560014,4254,3573,39,3612
22800169,106,26,0,26
11070087,561,369,10,379
10840395,477,324,3,327
86740421,1198,836,32,868
76050064,1705,764,10,774
43570076,2186,1766,16,1782
32951213,2566,1421,19,1440
43411340,531,391,4,395
97090285,2481,2009,11,2020
54570113,992,565,7,572
22400648,742,611,18,629
10730113,585,413,0,413
65330108,109,61,0,61
86930174,917,906,15,921
11761253,160,111,4,115
97700014,2130,1261,19,1280
10890042,431,254,5,259
11590534,774,438,11,449
32951651,2697,1993,7,2000
76490297,470,346,3,349
44040024,1216,899,4,903
22250045,1537,841,17,858
76370182,943,463,7,470
11630652,447,284,3,287
22820273,32,17,0,17
76260135,1330,752,14,766
10480014,1705,1415,1,1416
10870129,1107,744,6,750
43770326,344,238,14,252
11390352,1163,610,6,616
43370175,4070,3105,36,3141
11750330,595,416,9,425
86990945,577,308,6,314
76221075,269,245,1,246
43951293,869,1103,3,1106
43993457,1212,950,5,955
10840250,303,192,6,198
22320256,160,46,3,49
98070105,131,84,1,85
76300691,307,262,0,262
22240112,678,559,8,567
54450143,330,200,7,207
11790053,518,360,9,369
76200140,760,359,4,363
32890170,4803,2325,27,2352
76340909,94,70,2,72
54650459,1364,1236,41,1277
32870527,3081,2623,24,2647
43502172,137,102,4,106
76260146,811,564,7,571
10850330,327,234,7,241
10840069,740,489,4,493
43412307,484,351,4,355
11650171,541,375,6,381
86790033,1936,1328,23,1351
76350753,780,563,2,565
21960042,614,494,27,521
76150571,418,253,2,255
11780221,432,257,6,263
43420014,1059,875,1,876
97140674,2733,2132,17,2149
54870295,387,434,4,438
11810966,407,276,4,280
54260018,3467,2229,12,2241
76220917,562,333,2,335
97120166,2783,2462,3,2465
97100041,1868,1483,5,1488
10670273,1775,1315,20,1335
76250774,227,160,3,163
32951538,1472,1028,11,1039
86830083,123,71,2,73
43416097,546,420,2,422
76360136,806,484,6,490
86640015,1872,1395,33,1428
76400456,232,169,3,172
98110021,278,148,1,149
76160639,1471,943,19,962
43371312,2002,1444,12,1456
43580932,598,332,16,348
86870021,4510,3418,9,3427
97100456,2058,1610,82,1692
32863125,468,324,10,334
22110275,136,95,2,97
86910059,2110,1372,4,1376
43372100,530,932,6,938
54560022,659,539,8,547
54680407,384,385,4,389
22800091,110,42,0,42
65440166,2286,1587,25,1612
22421168,934,624,11,635
54410183,278,207,6,213
65440694,1893,1535,38,1573
86992307,350,301,3,304
97090555,2467,2090,9,2099
32951167,2426,1977,17,1994
97140483,2243,1410,13,1423
76480858,345,191,3,194
10820382,422,325,9,334
98430105,987,595,22,617
11620460,201,127,2,129
43621444,689,389,15,404
10020014,2078,1329,21,1350
43501980,1874,1334,28,1362
22820284,3466,2371,32,2403
76210365,1015,657,3,660
97093413,1005,929,3,932
65000102,2498,1410,20,1430
54540222,1627,1085,18,1103
76270068,933,607,13,620
54260377,863,911,4,915
86553939,328,229,4,233
43620083,252,140,3,143
76450136,1882,924,10,934
22430270,126,56,0,56
43502037,1210,833,13,846
97110176,2859,1935,25,1960
54260153,3011,1648,244,1892
54910920,258,258,1,259
43693038,1143,873,6,879
22400604,155,128,4,132
43362109,2445,1780,0,1780
43583610,1200,883,18,901
32862236,2752,1878,29,1907
10350032,369,253,4,257
11560070,944,655,1,656
43414039,1162,555,12,567
10841273,303,219,3,222
10860308,366,258,1,259
43417212,744,618,14,632
22540069,1640,1103,20,1123
76080191,1424,917,10,927
76180260,282,200,3,203
76360248,646,351,1,352
11781097,211,118,0,118
86850096,1335,1121,14,1135
43362334,1323,1317,16,1333
54190054,2139,1684,30,1714
11830542,718,502,10,512
54680351,124,100,2,102
43583979,1112,943,1,944
76321492,136,79,6,85
54590227,1597,1136,18,1154
22240101,478,425,3,428
98280030,2583,1348,0,1348
11420042,113,69,2,71
10870523,1233,1013,5,1018
98190052,338,211,4,215
11030049,1075,802,6,808
76140637,577,382,0,382
11320030,879,589,9,598
76090170,4294,3274,17,3291
33110075,214,154,4,158
43371244,6726,3683,28,3711
76330289,966,475,6,481
76370946,83,53,1,54
76300095,1081,605,11,616
10870769,718,508,7,515
43691520,559,367,14,381
76240537,393,390,3,393
32950661,1436,1032,11,1043
43772092,286,194,1,195
33020659,1716,1415,4,1419
11811013,432,279,7,286
43417436,225,164,3,167
65330018,121,48,1,49
21861446,325,334,3,337
10911002,222,194,4,198
11780052,1028,656,12,668
86663346,355,284,9,293
43370041,2113,1484,12,1496
22670030,1523,1013,26,1039
11090056,120,88,2,90
76321021,846,413,9,422
22720238,1796,982,30,1012
22710046,1515,1153,9,1162
11830340,469,314,0,314
86550161,1030,641,13,654
43584329,400,312,3,315
32870134,1556,824,0,824
22810159,191,120,0,120
33110413,1398,1636,7,1643
33240282,1253,485,10,495
43690574,862,597,10,607
11771254,88,68,1,69
11030083,1522,1239,14,1253
76100622,609,290,3,293
32890721,2510,1478,22,1500
43690675,705,456,11,467
54450198,115,70,0,70
76220513,1130,763,6,769
22700012,1139,663,5,668
22650229,106,50,0,50
33080037,2864,2177,4,2181
65440504,1411,1213,15,1228
76480746,887,544,4,548
33240518,934,1006,15,1021
65600030,1849,1533,7,1540
97100399,1225,946,0,946
11180045,1201,908,15,923
86740645,957,589,16,605
97550118,356,225,3,228
43502857,626,477,6,483
10871074,551,355,6,361
11030263,1686,1255,18,1273
86553108,303,177,4,181
33061126,482,848,7,855
76150762,318,245,3,248
22080057,530,414,10,424
97830052,273,150,5,155
43620780,1084,686,5,691
76240425,653,589,7,596
76280788,442,383,6,389
54900020,2031,1241,26,1267
11620864,174,102,1,103
76200421,358,266,1,267
10810459,269,179,6,185
32870022,4424,3238,23,3261
32862584,2961,1815,26,1841
86800024,842,637,14,651
32960763,2914,1503,30,1533
43418167,348,300,3,303
10940475,206,143,1,144
22630092,93,54,0,54
11610919,176,122,3,125
11610830,787,478,9,487
76330582,449,367,7,374
11800774,202,129,0,129
43670347,1658,801,25,826
87060023,1215,669,5,674
32930085,3412,2522,32,2554
10870387,339,190,1,191
11810360,212,103,1,104
43503690,811,644,7,651
43773723,1093,858,12,870
76230097,552,348,2,350
22320199,945,836,31,867
54880184,873,629,10,639
76510267,346,163,0,163
76300455,1745,956,20,976
33140023,3132,2225,10,2235
43626089,383,329,0,329
76230615,332,277,5,282
76211063,1194,797,10,807
21861109,1193,963,11,974
32870459,1297,959,20,979
43620982,439,266,0,266
76320064,223,109,2,111
11831127,330,282,3,285
76240548,431,536,5,541
32890877,1431,1662,7,1669
86950020,1243,758,8,766
43480403,770,973,10,983
10840339,248,192,1,193
43581472,445,311,6,317
33020109,3538,2439,39,2478
97110064,2646,1707,25,1732
97100388,3396,2389,28,2417
54910919,302,216,3,219
32861729,1984,1433,32,1465
43400731,559,489,9,498
43773600,981,750,5,755
43993682,1573,1292,10,1302
10850969,395,306,6,312
86700168,2039,1394,17,1411
32960066,1570,1158,7,1165
43770573,341,238,5,243
11610762,175,113,7,120
43770360,1359,801,6,807
33250261,1787,1380,10,1390
22420202,1288,771,26,797
11830946,450,314,6,320
43413555,790,565,13,578
33060945,4161,2667,21,2688
11580252,765,496,9,505
43584239,559,395,5,400
97092366,2834,2360,15,2375
10950218,656,466,7,473
43400078,5146,4156,9,4165
43621499,722,486,3,489
86821139,1535,1219,51,1270
43502239,1204,768,12,780
98110054,299,257,5,262
32861112,4353,2868,41,2909
54400070,756,543,10,553
43771518,193,153,1,154
22690043,3723,2549,103,2652
65130027,970,783,16,799
43390784,1726,1396,3,1399
54590474,343,306,4,310
76310186,1014,626,12,638
22430034,65,43,3,46
10080054,2658,2084,4,2088
76220221,1125,720,8,728
43991196,1928,1499,37,1536
33030166,2442,1361,27,1388
32861864,2519,1932,21,1953
76430077,367,243,3,246
11030140,1341,847,12,859
43994425,703,626,18,644
86970022,325,240,10,250
98130090,1470,1002,15,1017
11751814,672,449,7,456
32850772,4235,3453,10,3463
11760476,450,298,7,305
11811046,299,214,2,216
10900033,431,255,0,255
10820562,517,315,2,317
33170037,686,500,5,505
43625583,401,303,13,316
76220018,1405,817,10,827
43416772,770,629,5,634
43419179,538,526,11,537
43991411,665,483,7,490
76140536,556,409,6,415
10860050,675,512,7,519
21870604,427,398,10,408
97130101,2300,1745,2,1747
11650047,610,418,8,426
97090971,960,689,3,692
22310042,655,457,8,465
11800662,56,45,0,45
10950117,692,456,19,475
54570315,747,426,7,433
33090308,2930,2052,11,2063
86662288,225,140,3,143
10310027,993,611,3,614
43691935,1602,1142,23,1165
32950111,1646,1492,3,1495
43583092,483,379,3,382
76200083,933,420,4,424
65520042,323,183,1,184
65290079,47,29,2,31
11600121,612,359,18,377
22430326,119,87,3,90
76240492,339,237,1,238
10810369,444,209,4,213
43361276,2568,1816,15,1831
33270296,833,729,9,738
43580921,443,320,6,326
32950436,2313,1733,4,1737
22720193,1931,1348,23,1371
11831082,370,254,4,258
43772294,887,653,18,671
54510151,523,477,3,480
43691126,563,362,11,373
43584318,264,175,5,180
43502734,709,538,14,552
76260270,1101,590,13,603
22490096,558,445,7,452
76210297,1937,1099,12,1111
32850019,4526,3115,8,3123
32930557,3057,1905,22,1927
54360053,604,352,14,366
54540211,1634,1003,32,1035
11761017,257,172,3,175
32952685,1252,1285,106,1391
76250853,829,545,6,551
76290329,1032,444,12,456
11080145,886,609,12,621
32862258,1791,1199,10,1209
97090656,3106,2493,8,2501
33050102,1211,1005,13,1018
33250564,1663,1389,19,1408
76300332,1380,842,23,865
22080181,149,106,3,109
43360174,3414,2697,11,2708
33250104,3329,2772,13,2785
22540025,1378,1004,11,1015
11070593,314,210,6,216
32850435,2351,1273,3,1276
21861817,703,581,5,586
11780906,444,279,11,290
76260292,1167,622,8,630
43371176,2088,1698,11,1709
43415715,1741,1367,14,1381
76300578,1153,740,14,754
10180055,1106,949,30,979
43625673,501,391,6,397
76110241,337,339,6,345
76330087,946,531,4,535
11620606,232,149,0,149
43692789,164,129,2,131
43503072,565,394,3,397
43417751,617,482,9,491
11670038,324,283,2,285
32951392,2484,1683,1,1684
43502004,564,421,2,423
76310210,599,392,4,396
32861459,3326,2377,6,2383
10630022,1032,768,15,783
43774566,276,195,3,198
11630854,244,153,2,155
43622647,1755,1296,30,1326
11100261,211,159,2,161
86553412,125,103,3,106
32890798,1593,1240,6,1246
10840621,232,169,6,175
32840962,2281,1833,17,1850
32860199,2779,2031,25,2056
33270094,1314,1113,20,1133
87000049,1262,951,37,988
11821126,411,287,10,297
76210185,667,266,1,267
10590577,2450,1878,11,1889
22800080,144,85,0,85
22800136,96,66,1,67
97500045,2075,1227,164,1391
43991905,1312,976,3,979
86880011,1986,1140,30,1170
76510469,575,379,7,386
76510245,608,374,0,374
10940105,369,219,2,221
43993109,1332,996,18,1014
43774454,584,472,15,487
11620112,840,540,9,549
43411508,556,372,7,379
43501834,767,522,6,528
97120492,3223,2034,27,2061
43503106,863,624,14,638
11610065,314,209,3,212
22510011,1804,1248,15,1263
32862461,5375,4347,0,4347
76320200,913,549,15,564
97100928,1074,1236,0,1236
54260355,470,568,10,578
32851166,943,872,13,885
76400074,1076,620,20,640
11630764,363,239,9,248
11430010,115,69,1,70
76160505,723,420,18,438
43584240,726,644,3,647
32870549,2861,1835,0,1835
76210466,2443,1287,15,1302
11830913,323,233,2,235
54890499,754,576,12,588
86740162,1666,1062,39,1101
32930119,1660,1402,4,1406
76280351,562,329,4,333
97141608,2347,1722,0,1722
76360080,313,170,0,170
11751825,641,465,5,470
54590373,251,166,4,170
86690054,2545,1691,10,1701
76220265,1763,1000,8,1008
22110039,107,86,1,87
43413689,1632,871,11,882
43504691,431,387,1,388
11580959,1069,837,10,847
54790386,2110,1402,25,1427
43503050,566,462,8,470
32850783,3710,3115,13,3128
43993851,285,172,1,173
54890400,1464,1079,25,1104
10910955,246,156,7,163
11831442,241,167,7,174
11810900,275,192,6,198
76130456,963,570,8,578
43640063,2266,1729,59,1788
43670156,1398,1142,17,1159
76100037,1065,718,4,722
43500271,625,465,5,470
76330335,259,144,0,144
33250069,2746,2309,15,2324
22421641,424,229,2,231
86670029,1519,1045,2,1047
32850154,3428,2603,26,2629
76270451,224,134,2,136
32930232,1275,1090,9,1099
43400562,1518,1356,7,1363
33170150,1794,1344,12,1356
86663054,910,698,75,773
32841042,1916,1425,27,1452
54620603,669,463,4,467
54650099,3123,2120,9,2129
87020063,3466,2092,34,2126
43502015,536,384,6,390
76240245,1847,987,11,998
43500945,563,369,7,376
11771838,983,632,13,645
76230020,1081,602,4,606
43418145,345,266,8,274
10100147,1816,1164,11,1175
10300318,2475,1648,28,1676
32860302,2292,2026,5,2031
86553210,779,490,3,493
10790232,294,214,3,217
10871423,393,323,6,329
54590216,1521,771,20,791
22650061,149,89,3,92
43362323,1259,1318,1,1319
43774353,255,203,6,209
86742894,22,0,0,0
54540064,1628,898,13,911
11770084,301,165,7,172
10940116,449,299,1,300
76490488,240,234,6,240
10250851,2427,1777,34,1811
76220546,803,551,5,556
43504736,450,403,7,410
10300341,2283,1527,20,1547
22600820,891,816,7,823
32870617,2897,2147,36,2183
10980042,863,560,1,561
43362233,569,564,11,575
22100050,171,133,3,136
76170135,1149,811,12,823
43771833,704,524,2,526
43418291,301,224,4,228
32930298,3223,2151,10,2161
43993794,630,469,9,478
43400124,1796,1452,18,1470
43411980,898,638,12,650
76150256,1928,1113,25,1138
10730023,1404,1055,1,1056
43410259,584,434,10,444
76280452,1309,982,17,999
54740099,2047,1527,23,1550
86554064,230,173,2,175
86552770,416,271,6,277
76371026,239,157,0,157
32861055,3790,2987,25,3012
10251256,2466,1744,31,1775
43580246,923,737,10,747
97910028,893,664,10,674
10230017,919,603,7,610
43775433,151,138,0,138
86662211,764,483,6,489
54410262,302,283,11,294
43416299,1173,953,7,960
33060787,3292,2186,12,2198
86742771,559,318,10,328
54540378,115,81,1,82
43670572,2071,1558,23,1581
43414602,1562,1012,22,1034
11590815,438,277,7,284
98140013,810,465,11,476
22650274,123,70,2,72
11751892,391,277,2,279
21860579,974,727,5,732
97470030,2759,2153,33,2186
76210028,480,235,5,240
76341157,338,276,4,280
32862304,4149,3206,17,3223
11800932,176,130,2,132
43693319,485,402,3,405
32860919,2414,2014,24,2038
98100143,753,519,12,531
43583115,1160,969,19,988
43503397,1141,877,40,917
76300747,228,183,1,184
76320255,453,173,3,176
43774690,1052,890,14,904
11820091,537,335,6,341
10871265,343,252,4,256
43350498,800,674,0,674
76190362,1209,727,30,757
11772019,239,157,1,158
76300635,290,206,7,213
11640259,218,136,0,136
21861693,350,391,2,393
11570307,548,347,7,354
43580527,1740,1253,32,1285
43771440,1545,928,24,952
43503960,361,209,1,210
11030353,1009,674,11,685
11760971,741,460,15,475
43370085,2352,1642,16,1658
54440164,549,485,11,496
86660882,499,401,3,404
32840827,1529,1214,8,1222
97090937,1638,1231,9,1240
76150087,714,420,4,424
10300431,1850,1434,19,1453
76351125,180,153,2,155
11780568,516,328,4,332
10810370,296,167,10,177
43691946,1929,1347,35,1382
97140012,3154,1677,13,1690
76380194,1459,798,17,815
76350304,1067,741,15,756
97141822,659,579,6,585
97130280,3567,2788,13,2801
43418268,530,404,5,409
33110356,107,65,2,67
22280015,2054,1125,22,1147
86730026,2103,1638,19,1657
10140051,2820,2216,29,2245
11571151,229,153,4,157
32840120,2749,2099,10,2109
11670027,1234,807,5,812
65520143,174,117,4,121
11760803,245,154,12,166
64960027,954,765,9,774
54870105,107,78,1,79
86550509,596,381,13,394
43413421,505,394,6,400
97320012,1719,1290,22,1312
11800718,456,305,3,308
43360804,2871,2358,0,2358
11831521,469,417,2,419
76200364,498,291,39,330
21861828,1000,1001,12,1013
11790648,503,335,6,341
76130759,293,199,5,204
11560115,1067,705,6,711
10841026,130,88,2,90
76540169,291,119,1,120
76290712,643,200,0,200
43771226,849,690,13,703
76200746,249,169,3,172
54910403,1255,845,7,852
43412857,859,601,15,616
86740780,1206,744,10,754
76380420,1851,829,15,844
32930445,1754,1290,19,1309
43480368,741,873,22,895
43992018,880,724,14,738
54910661,545,435,9,444
54900019,676,448,6,454
76370812,663,364,10,374
11610784,497,331,5,336
86910071,1328,881,1,882
98340015,314,154,0,154
11781187,164,132,2,134
11820079,565,362,8,370
86690100,2994,2149,19,2168
32960033,1936,1441,22,1463
54790476,52,44,0,44
11390712,538,355,18,373
43371952,1575,1148,20,1168
43361401,1929,1598,25,1623
21870457,2159,1525,36,1561
33070238,507,419,2,421
76160932,383,325,10,335
11770039,1260,627,15,642
32950975,1284,1141,5,1146
86860042,514,469,5,474
43620140,528,384,3,387
43772676,1121,741,0,741
54860250,470,414,8,422
76321593,206,150,4,154
10590690,4306,3586,13,3599
43990409,1350,1027,21,1048
32960831,3556,2994,51,3045
11080167,644,438,7,445
10120048,1847,1301,10,1311
86570095,341,283,3,286
33110176,931,681,6,687
11830665,580,370,4,374
22810160,185,163,5,168
97120032,2007,1501,10,1511
43581821,583,416,4,420
32863440,485,502,6,508
33061025,3942,3280,43,3323
65440593,1130,1035,10,1045
97091646,2616,1866,15,1881
97470041,1588,865,9,874
97500012,1021,722,5,727
43418459,701,704,18,722
86743648,23,24,0,24
32870965,4335,3635,33,3668
43771798,570,436,2,438
76251034,480,358,2,360
86661726,401,249,9,258
21910014,746,500,1,501
10840586,405,287,2,289
86890023,605,437,3,440
10890165,202,160,1,161
86991856,1448,821,14,835
43504657,307,273,1,274
43772788,503,323,7,330
11780287,960,575,16,591
11750510,1096,646,12,658
76360192,669,405,7,412
54540198,1241,738,21,759
76211311,619,374,2,376
10810763,64,37,1,38
86661298,851,463,14,477
97120335,1776,1565,4,1569
76490130,840,372,10,382
11070368,336,191,11,202
76510234,622,367,8,375
43950887,1558,1214,19,1233
65430019,1224,937,0,937
43570098,2127,1085,13,1098
32841660,838,976,10,986
43380121,2046,1571,20,1591
43570065,1782,1195,12,1207
97100265,2571,1907,12,1919
43690439,1040,725,13,738
86992891,431,558,154,712
10590702,2100,2015,7,2022
22720047,1948,1208,16,1224
43500035,656,378,9,387
11080011,445,300,8,308
76250257,966,590,13,603
11590365,305,182,4,186
76230334,778,437,5,442
43774128,299,205,7,212
76200049,677,306,11,317
54890871,309,295,10,305
76321289,271,189,0,189
11790255,334,154,3,157
43500204,866,524,5,529
76320356,1276,879,18,897
43504073,969,800,13,813
97093345,791,685,6,691
76300602,428,241,5,246
65660036,111,78,1,79
11420020,79,54,1,55
43411722,493,386,12,398
32862821,429,593,3,596
10670082,1660,1023,17,1040
76360619,694,450,6,456
10750014,1825,1568,20,1588
65840036,127,53,0,53
32862089,2391,1715,21,1736
43361412,2183,1940,18,1958
65350166,44,38,0,38
43501014,397,274,4,278
10100170,1644,1188,30,1218
11780063,528,306,10,316
43584532,687,836,13,849
43770225,157,69,2,71
86830050,1253,308,11,319
32952584,760,850,1,851
11600907,678,458,8,466
76500064,175,121,5,126
11620538,788,523,0,523
43413241,1313,876,2,878
43583317,695,511,14,525
43740176,2909,2229,19,2248
32871001,1115,821,10,831
10400117,264,235,3,238
43400269,3781,3031,48,3079
76180248,179,125,1,126
76490231,912,593,2,595
86553243,888,466,18,484
43414635,530,341,2,343
33010579,4651,3555,83,3638
43414882,643,489,11,500
76110184,987,981,8,989
97340036,268,247,2,249
54340051,1770,1359,10,1369
11751577,393,260,5,265
86743693,161,134,6,140
54650190,2446,1772,20,1792
97091219,134,85,1,86
76310232,325,183,0,183
11200071,604,400,5,405
86742344,307,194,6,200
65440661,839,765,59,824
86820329,314,176,3,179
97141776,901,462,17,479
11800077,414,273,2,275
76350214,1153,635,13,648
32871337,1062,846,18,864
86930152,1189,1119,2,1121
32980271,1645,1124,18,1142
86910228,2703,2016,41,2057
43691508,549,408,6,414
76080562,227,180,2,182
76250123,946,546,0,546
10790119,544,349,10,359
86662198,1126,853,5,858
43771743,1441,1082,46,1128
33020705,1864,1464,22,1486
43371020,8094,4455,163,4618
33300010,2052,1536,18,1554
33110390,1199,1356,4,1360
22421494,427,291,5,296
11630506,816,454,4,458
43460041,2632,1899,15,1914
76510199,495,364,12,376
33050034,2884,1980,24,2004
43390605,3490,2629,14,2643
43360387,1827,1416,8,1424
11570509,844,532,12,544
22420460,1245,802,20,822
32841154,2499,1968,28,1996
22020107,1507,1085,23,1108
43413106,958,740,12,752
10860117,422,274,5,279
76290239,961,358,8,366
76330111,1470,766,4,770
43501913,350,265,2,267
11571319,314,211,3,214
43774207,243,204,2,206
21860658,2245,1450,12,1462
43582158,658,434,18,452
11780715,547,350,14,364
11580140,671,419,4,423
76390072,1014,779,2,781
22640273,174,104,1,105
22110286,137,67,1,68
11820013,528,361,12,373
33020389,6494,4541,6,4547
54740044,2037,1500,18,1518
43620836,675,486,3,489
97200165,2287,1416,8,1424
11071099,377,269,7,276
76100341,1298,746,8,754
86900047,1598,1136,30,1166
76150155,1156,688,13,701
76490466,271,266,1,267
97142586,2139,1904,17,1921
43770393,1217,783,14,797
22080158,200,135,3,138
76370261,1377,809,12,821
10820179,933,772,5,777
10591006,621,529,7,536
32951673,2140,1759,6,1765
54860182,219,146,1,147
98110032,338,205,1,206
86741848,1440,1028,18,1046
54610084,2123,1326,25,1351
43417313,259,195,0,195
76120343,160,134,1,135
11330042,1933,1464,32,1496
86743671,439,514,10,524
76260595,319,308,7,315
22600336,2052,1472,17,1489
54410149,276,212,1,213
10570092,2030,1395,21,1416
22421135,1140,725,24,749
21861761,1241,1174,17,1191
54870251,297,369,5,374
11240031,744,514,4,518
32871393,2491,2081,28,2109
32930311,2010,1538,28,1566
21860771,1999,1351,10,1361
10870477,757,579,6,585
32930805,856,764,19,783
86552466,539,358,10,368
43951394,1113,1174,8,1182
86660804,1553,1152,19,1171
32870314,4210,3367,9,3376
43620050,444,347,5,352
33080071,3656,2461,46,2507
33020727,1188,1028,24,1052
22230054,721,668,11,679
86551296,905,528,16,544
32861965,1913,1683,23,1706
43691485,503,295,9,304
33030324,3234,2107,27,2134
11771164,208,122,2,124
43361760,1609,1170,18,1188
54120259,294,303,1,304
32871326,1861,1839,12,1851
86741219,713,482,18,500
43418246,653,621,14,635
86991474,2222,637,31,668
33020648,2143,1673,4,1677
43415478,837,702,10,712
43771901,295,179,1,180
76510391,614,359,3,362
43693027,505,394,4,398
33250025,1798,1036,23,1059
11080077,840,602,14,616
65830013,1105,843,9,852
11000013,901,696,8,704
76230165,294,131,1,132
32860436,10702,6026,54,6080
32910465,2937,2251,12,2263
22600729,1769,1391,10,1401
22421427,354,258,8,266
10790513,271,174,4,178
32870853,2680,2054,17,2071
76320075,513,304,1,305
43582844,4878,3905,91,3996
76360406,617,359,7,366
76321223,564,389,9,398
22420684,566,323,5,328
33310033,2386,1639,33,1672
22150347,488,453,4,457
97800071,2329,1304,12,1316
98380446,2276,1701,20,1721
43670189,1600,1070,18,1088
76150852,443,383,3,386
97141271,2283,1492,23,1515
43410822,488,272,6,278
11580106,945,604,12,616
97820141,171,133,0,133
54670305,345,245,7,252
32940413,3275,2117,16,2133
32871269,630,824,8,832
43400157,2117,1697,27,1724
43370861,2428,1769,23,1792
43670369,1811,1180,48,1228
43411823,2543,1986,80,2066
76230558,78,58,0,58
11180012,208,156,1,157
10940228,265,142,6,148
11570453,434,271,6,277
11760162,782,486,15,501
86910622,731,731,14,745
43418224,361,347,6,353
22560050,1787,1322,43,1365
11750914,695,450,7,457
43410697,742,539,5,544
11760847,165,101,1,102
43417201,992,831,29,860
86552242,154,51,4,55
97140371,2341,1575,12,1587
43503476,944,681,6,687
86990259,685,458,11,469
65740013,654,493,8,501
76270484,204,157,0,157
10130027,1633,1310,13,1323
43418673,582,689,5,694
33040044,2110,1464,22,1486
10900134,300,230,5,235
11070784,411,277,0,277
32940525,2082,1666,35,1701
10251021,3122,1971,61,2032
10290024,759,631,16,647
98260016,1292,808,15,823
97091062,1345,771,3,774
97820130,143,99,1,100
97142069,1569,1303,9,1312
32860324,2807,2103,25,2128
11750598,973,585,12,597
43693184,306,248,4,252
76230367,581,321,22,343
86740476,1098,769,34,803
32840423,3150,2210,6,2216
54600083,2483,1900,26,1926
10840687,705,506,9,515
43991310,306,203,4,207
11761051,325,224,0,224
43350162,1840,1238,14,1252
10340042,157,115,1,116
10591062,2102,1567,14,1581
86992813,327,224,6,230
86660163,838,392,11,403
32841480,675,801,9,810
98420047,1931,1225,12,1237
10460078,1803,1681,20,1701
76321537,243,191,1,192
22120108,239,160,4,164
76170449,851,537,7,544
21870121,1689,1243,29,1272
86910217,1864,1015,129,1144
54140026,975,764,14,778
76291151,158,148,0,148
22190048,814,677,9,686
76480825,417,235,0,235
54530041,1389,1204,17,1221
65440605,1413,1347,3,1350
54670260,165,152,1,153
43419001,570,698,10,708
43730164,2414,1612,45,1657
97130392,1593,1623,0,1623
11800145,295,197,4,201
10250806,2411,1708,22,1730
11820990,215,120,4,124
97530273,367,229,6,235
43900107,4071,2314,45,2359
33060237,3060,2350,44,2394
11220039,1173,815,4,819
11150053,829,548,12,560
22421809,189,89,1,90
11770613,1322,826,3,829
33060518,2285,1754,19,1773
32840489,2807,2080,3,2083
11070504,738,548,7,555
76280902,353,302,6,308
22600202,1388,948,13,961
33060697,2460,2074,10,2084
97091691,1653,1099,9,1108
11071459,353,260,15,275
33090432,3560,2899,66,2965
10250952,2707,1865,30,1895
86551601,561,350,3,353
97092108,2585,1655,15,1670
43504006,443,377,6,383
10940453,363,265,2,267
86560038,1612,1032,27,1059
43581629,645,408,10,418
22420066,428,284,4,288
32952988,1073,1310,6,1316
76270080,658,400,6,406
43503522,459,277,2,279
86741107,877,613,18,631
22110141,88,66,0,66
64960016,2169,1261,24,1285
97200457,997,814,8,822
54720019,2992,1940,11,1951
54870059,297,202,1,203
54790645,1188,1090,9,1099
43417289,269,174,3,177
21870468,1975,1417,25,1442
43771495,207,119,4,123
21861176,2143,1348,15,1363
32861291,2002,1446,25,1471
97200390,1981,1300,13,1313
76490152,1098,700,8,708
54670204,558,420,15,435
76101005,459,303,1,304
76221008,91,73,0,73
76090013,1427,876,13,889
43390706,2749,2160,65,2225
97200288,2395,1528,19,1547
11570880,510,308,7,315
54680148,1730,1399,40,1439
11752275,265,244,6,250
86743402,88,57,2,59
97830041,343,261,2,263
11790312,432,273,0,273
11070425,533,347,6,353
86743480,193,139,2,141
76130490,725,340,2,342
43361311,2075,1879,29,1908
43772834,466,479,6,485
32952887,436,559,4,563
76340965,261,154,2,156
43625482,310,244,7,251
32870167,1888,1645,13,1658
76100059,2335,1288,7,1295
43502543,405,235,4,239
76360653,432,285,6,291
86743626,349,301,5,306
86820105,117,48,2,50
76270439,202,122,3,125
43350083,4853,3925,104,4029
54220362,625,435,1,436
43414264,968,580,13,593
11820169,933,623,2,625
86991913,432,276,5,281
32840388,3537,2716,5,2721
76340505,278,169,1,170
76100486,1296,712,8,720
22750297,1542,1163,10,1173
33060866,3108,2477,13,2490
11270023,826,592,8,600
33280039,446,357,2,359
76320413,1534,1024,14,1038
22540036,2000,1512,14,1526
33020479,2143,1799,14,1813
97142182,1476,1204,19,1223
21860131,3192,2426,10,2436
11591085,279,189,3,192
54620029,1406,621,16,637
11630517,788,486,5,491
43773172,356,323,3,326
43640029,1483,1232,8,1240
11620910,330,201,1,202
10841183,106,65,0,65
86550947,158,51,1,52
11560474,666,1009,2,1011
76220580,1256,789,14,803
11611189,90,56,0,56
86821106,71,76,0,76
87020489,2379,1944,1,1945
32900037,2545,2043,0,2043
32910117,3351,2776,25,2801
97830085,232,136,0,136
11570385,698,492,7,499
10590858,2514,1746,41,1787
33080228,3140,2411,16,2427
11800280,486,261,5,266
43380334,3568,3111,61,3172
10810707,282,182,8,190
44000020,1850,1583,40,1623
76310120,670,302,2,304
76140255,675,421,4,425
86553489,456,312,3,315
54210080,1472,879,2,881
54220092,1505,893,23,916
43581405,212,156,4,160
97200277,2209,1337,21,1358
86662839,520,307,14,321
76280856,20,16,0,16
32861774,1670,1300,0,1300
87020366,2326,1343,18,1361
76080078,2066,1142,18,1160
86870267,1801,1168,15,1183
43583788,421,308,8,316
32980136,3189,2916,17,2933
22020185,1334,882,23,905
86910060,1824,1087,3,1090
43993974,520,436,16,452
22120119,237,156,5,161
43620814,656,461,5,466
43774678,386,309,1,310
54190032,2159,1449,11,1460
22421618,706,546,5,551
97860055,1754,1406,5,1411
43625606,688,530,11,541
76360697,767,925,13,938
11801067,171,124,3,127
43411968,667,393,7,400
76080304,247,156,9,165
76160033,376,240,12,252
86741152,1433,1065,0,1065
32910487,1820,2010,10,2020
76360912,235,171,4,175
11831228,691,535,4,539
86660365,905,520,6,526
11590769,263,169,5,174
43770832,807,403,6,409
97090308,2439,1786,29,1815
22420943,867,489,7,496
11800730,981,742,2,744
21861884,363,369,8,377
10760026,183,66,1,67
43360107,2837,2560,15,2575
43502497,621,424,5,429
22100083,209,144,7,151
22600763,427,357,1,358
10670295,542,436,5,441
22420123,1656,1073,12,1085
43620252,503,345,9,354
97141046,5356,3894,15,3909
65440638,1428,1316,5,1321
86742119,83,44,0,44
98420104,543,394,7,401
86742456,827,555,10,565
43502598,761,500,6,506
43690709,776,569,10,579
76210770,520,281,2,283
76481006,381,292,4,296
76140211,1308,915,7,922
43691036,558,412,6,418
11070919,305,188,3,191
43360826,2496,2136,34,2170
32930658,1680,1244,9,1253
32840366,3251,2205,15,2220
97141529,2680,2058,15,2073
10810268,770,544,16,560
33010232,3686,2500,35,2535
11820631,331,212,3,215
43413207,1300,891,29,920
97100692,1210,1215,9,1224
10730034,1380,782,6,788
86770075,2233,1441,46,1487
32890282,3210,2536,23,2559
43501430,1395,880,6,886
22810137,183,81,1,82
32840805,2802,1851,30,1881
33170105,3709,2128,54,2182
54590104,1168,819,22,841
86550251,409,227,5,232
86661692,601,311,4,315
43690721,977,673,11,684
76280575,803,497,4,501
11780153,1172,866,15,881
54360020,276,207,5,212
86662019,1163,817,19,836
54860160,1193,927,17,944
44030023,1867,1449,9,1458
10670116,2493,1773,16,1789
86552040,962,645,28,673
43770078,618,415,5,420
43625752,224,193,1,194
11601166,350,237,3,240
11760409,612,408,5,413
54570304,549,289,4,293
65570036,3407,2844,28,2872
97820163,253,197,3,200
65660070,170,109,2,111
43622883,540,287,16,303
76240267,1704,1008,16,1024
54510049,1208,808,9,817
22150077,1312,1045,11,1056
10340064,507,363,2,365
97141293,2885,2065,49,2114
11830418,263,203,3,206
86552354,1075,661,12,673
22430012,95,41,0,41
10890413,429,323,4,327
11630809,510,244,8,252
32840726,2632,1780,27,1807
76350113,1877,1141,9,1150
11750497,434,311,0,311
11571218,368,267,0,267
11611055,162,99,1,100
11790288,735,583,12,595
97980014,2516,1923,5,1928
97820095,643,369,6,375
43771181,1201,963,20,983
54870228,505,348,1,349
54540840,623,514,57,571
65140107,697,664,10,674
43993402,1195,943,0,943
76360215,726,448,6,454
10871322,525,346,2,348
97220156,1330,898,6,904
43582013,921,673,15,688
11590680,474,385,1,386
11770286,572,416,4,420
97141372,1395,1153,10,1163
54750067,382,380,5,385
22420965,872,536,19,555
33010906,1376,981,19,1000
22640015,132,89,6,95
76350876,211,152,3,155
32860245,2766,2284,10,2294
11631046,202,155,0,155
86552118,1060,717,5,722
43503577,340,298,3,301
65290103,150,120,2,122
54240049,81,79,1,80
43870170,484,607,7,614
22490052,1485,1012,14,1026
54790331,2690,1680,19,1699
54570270,977,641,4,645
32890507,5727,4529,22,4551
65030116,973,682,8,690
76090068,2352,1506,0,1506
76080483,457,431,7,438
43625381,337,266,4,270
43414466,1176,888,35,923
86662200,612,486,11,497
86910127,1830,1346,11,1357
43640052,2080,1689,8,1697
10590409,1642,1159,3,1162
11650137,649,388,5,393
22080147,422,249,5,254
22421821,189,130,1,131
10500039,107,67,0,67
54160051,505,416,1,417
86750017,855,498,7,505
76300039,1356,926,10,936
22400277,489,325,19,344
33000433,783,879,8,887
11030106,1077,753,3,756
43773183,203,153,3,156
22640172,60,47,2,49
86720115,744,468,7,475
10940587,224,143,5,148
43414657,1385,873,16,889
11590219,330,225,7,232
76470172,301,225,5,230
32952539,1319,1165,26,1191
54670338,116,93,3,96
87010039,2780,1455,18,1473
10400061,1122,768,3,771
54880049,1244,918,12,930
32840287,3669,2716,4,2720
86992486,617,633,12,645
22090216,109,95,3,98
54410026,2429,1856,44,1900
76481017,442,323,1,324
76250639,505,318,12,330
43583249,456,267,7,274
97140887,3000,2632,16,2648
33090342,1700,1312,9,1321
11071392,203,146,1,147
76320097,279,172,1,173
54600195,3077,2089,2,2091
11752095,103,91,4,95
76470037,1694,1034,11,1045
43361287,7168,4867,0,4867
97110503,1286,1323,25,1348
86662097,1205,731,16,747
32960112,2096,1488,34,1522
76161012,287,229,12,241
43361715,3384,2430,24,2454
76470071,971,753,11,764
54680283,179,165,4,169
43360578,3064,2459,19,2478
10850789,641,449,8,457
54700073,811,534,7,541
43413274,766,516,7,523
86550228,1918,1006,20,1026
76170102,1345,915,17,932
43740121,3469,2496,46,2542
86570073,175,92,4,96
98430172,1790,1223,25,1248
22600314,1333,1041,6,1047
86741893,624,391,2,393
11610649,124,97,1,98
22800057,886,600,16,616
54650189,1724,1610,33,1643
43991028,468,308,2,310
76280160,829,502,7,509
43693308,452,386,0,386
33010917,3043,2308,27,2335
33070036,2867,1925,1,1926
54570056,624,308,5,313
86700281,1082,859,12,871
97090702,2598,1869,15,1884
76380699,341,251,7,258
33060686,3997,3367,14,3381
98400269,1450,1255,21,1276
76321212,615,464,4,468
76150469,1095,613,10,623
33170127,1188,966,14,980
86663199,164,100,1,101
43414961,1533,1290,15,1305
32860290,4086,3298,6,3304
11830867,998,687,11,698
76330199,1290,744,1,745
10710021,1523,1266,19,1285
54650695,378,620,5,625
87020041,3668,2000,37,2037
43360062,3619,3258,43,3301
76370687,1279,662,17,679
22700090,947,627,15,642
76080045,1530,745,9,754
76420098,749,262,1,263
32861471,2267,1779,34,1813
11760375,519,267,9,276
43710016,580,680,9,689
11752017,388,261,4,265
76080540,237,196,2,198
11610447,595,386,10,396
10510074,139,101,3,104
43690383,726,527,17,544
43625291,751,580,10,590
43583542,1912,1467,0,1467
22110017,114,76,1,77
76220344,1547,878,10,888
10760060,38,29,3,32
76150010,966,697,3,700
76370665,1134,710,7,717
97100940,4307,3062,45,3107
10790096,518,340,12,352
65520053,257,141,3,144
98080094,165,145,0,145
54590508,695,789,18,807
65160053,662,496,8,504
10600041,1918,1321,25,1346
76250628,1691,872,26,898
32862685,4045,3132,31,3163
10850587,206,147,4,151
33310066,2577,1906,23,1929
43610048,671,612,19,631
86743705,155,137,4,141
97110187,3649,3082,6,3088
65350177,75,38,0,38
43994683,466,407,10,417
11780973,394,273,25,298
11751207,665,436,5,441
76320244,578,324,10,334
22320043,1656,1266,24,1290
11650384,344,243,10,253
11821306,432,315,8,323
97090207,1909,1447,11,1458
86820622,239,123,4,127
97100434,1708,1261,3,1264
76140480,1495,1030,10,1040
66020059,61,43,1,44
86660512,1055,678,16,694
43773509,405,305,6,311
10820405,428,278,6,284
76100970,991,591,5,596
97200446,1982,1353,3,1356
43992366,374,257,4,261
43622300,985,726,15,741
54320015,2437,1891,23,1914
33110345,378,260,5,265
43771989,979,602,12,614
54590463,573,535,8,543
22320155,1024,775,6,781
32960257,2070,1517,12,1529
43773352,370,247,0,247
54620524,292,286,3,289
76221277,581,411,25,436
22690032,1344,844,13,857
43950067,1166,802,6,808
65530234,63,41,0,41
11751162,476,344,7,351
86990473,483,327,7,334
54650774,746,933,4,937
43691159,405,306,7,313
10870398,878,596,13,609
11751331,454,307,8,315
32952281,3155,2627,34,2661
32940592,2192,1799,18,1817
43771990,920,637,12,649
86742197,661,450,4,454
76270170,658,366,8,374
11600660,1370,870,16,886
54650617,2793,1954,23,1977
11820361,999,603,12,615
98100042,583,368,6,374
32840861,1742,1435,21,1456
43371525,2309,1584,29,1613
43990702,328,237,6,243
76480296,579,223,3,226
86660983,1882,1415,33,1448
86820228,493,347,30,377
21861503,649,591,9,600
76310052,686,368,8,376
43600373,1126,1021,26,1047
65950016,1652,1175,22,1197
97091354,2566,1928,13,1941
21860984,1202,838,14,852
54350030,1070,786,6,792
76290420,751,234,1,235
65090033,830,510,16,526
97090926,1071,776,4,780
43625527,498,352,6,358
10251403,1812,1407,33,1440
43994122,1120,906,34,940
86992879,454,563,2,565
43390144,3237,2665,46,2711
76350630,1158,520,9,529
43773880,141,71,1,72
22820194,235,170,1,171
43504770,110,88,0,88
22590075,1087,654,14,668
54620265,522,271,4,275
98340071,505,275,2,277
76251258,403,333,7,340
54540479,1078,805,9,814
32910038,2873,4150,17,4167
43775309,291,275,2,277
86690199,513,446,3,449
11580409,623,408,2,410
32890024,2817,2380,7,2387
86992857,492,551,7,558
22420426,276,148,4,152
54820065,389,357,9,366
32930692,1266,959,16,975
76350720,698,394,2,396
10910764,359,238,7,245
97190017,763,439,6,445
86992082,922,655,2,657
11670049,768,1078,8,1086
76101500,404,292,4,296
76300297,2146,1334,18,1352
32952797,863,1025,19,1044
44020011,973,769,1,770
43460018,810,406,6,412
33310224,1990,1433,34,1467
11390611,361,214,5,219
22540058,1671,1161,32,1193
43503353,885,586,8,594
11580320,253,187,2,189
54630019,3272,2242,55,2297
54860238,431,436,5,441
54520039,251,412,4,416
10790322,587,352,1,353
54870026,531,381,4,385
76141098,168,254,3,257
32861482,1336,1205,15,1220
43550030,2829,1831,43,1874
22430292,118,52,0,52
86742614,615,348,17,365
33090274,1861,1579,35,1614
54680362,194,189,3,192
32860863,2160,1667,12,1679
76150694,573,449,5,454
86991519,639,469,6,475
43570199,470,498,4,502
86550992,862,630,14,644
65530223,314,84,2,86
32871203,4622,2812,10,2822
11790570,276,217,4,221
10940790,272,174,1,175
54910267,1339,887,10,897
76220401,1190,790,0,790
43993659,444,299,9,308
11570127,660,410,5,415
10400106,111,91,0,91
22410201,57,18,0,18
76390061,1013,722,10,732
43580910,348,296,2,298
86900182,494,341,13,354
86742490,470,227,10,237
11640484,126,76,1,77
43580662,1706,1418,18,1436
10820876,1137,903,16,919
54120215,960,756,16,772
43622030,1174,916,23,939
76490051,467,213,10,223
11650698,464,312,2,314
54540648,1051,833,18,851
11610469,434,259,0,259
32952124,1882,1157,13,1170
54790094,4553,3549,7,3556
11760511,247,134,0,134
11771456,477,364,14,378
43771653,1263,836,15,851
33090229,2445,1808,49,1857
97141327,2105,1687,0,1687
43950775,1743,1559,0,1559
86552141,846,533,12,545
43621039,145,84,0,84
32952236,1271,1372,7,1379
65590016,3523,2184,29,2213
97142496,1612,1334,15,1349
33030290,1779,1498,28,1526
86662446,334,279,7,286
76480656,542,340,1,341
21861671,472,479,1,480
22020051,2148,1569,37,1606
11580050,1352,831,24,855
86663492,2041,1302,3,1305
10930070,188,79,1,80
11071336,156,106,1,107
11640079,1296,801,12,813
22600718,1582,1300,13,1313
43773543,831,640,9,649
76290644,831,351,7,358
22550026,1649,1295,23,1318
54260175,1880,1165,18,1183
86890045,1618,1128,30,1158
11080336,437,312,3,315
11751645,571,424,2,426
11800943,178,114,2,116
11771726,388,268,2,270
32870808,2422,1734,29,1763
10860364,272,191,1,192
43501564,416,250,2,252
11580173,728,986,14,1000
43504725,517,479,3,482
43413397,495,467,10,477
32952090,1428,982,4,986
54760024,2488,1654,18,1672
10920260,407,286,2,288
43390278,3381,2558,78,2636
11570374,611,331,10,341
32890664,2880,1769,29,1798
86742681,320,188,6,194
43775398,361,259,4,263
43690563,1007,624,13,637
43951260,802,880,1,881
11811248,278,191,5,196
86550431,762,512,10,522
65470013,1505,1069,30,1099
22430102,222,151,3,154
11750587,677,486,8,494
32870156,3882,2913,11,2924
54370032,979,815,13,828
86992677,370,316,6,322
11080482,532,388,4,392
76460047,310,201,5,206
86743514,328,278,8,286
86662020,1638,1081,14,1095
22750129,2035,1282,12,1294
76371048,417,374,7,381
76370542,1262,666,8,674
22270069,1356,1121,25,1146
22490029,1439,1102,7,1109
22100049,122,64,2,66
76240357,858,551,7,558
10100057,1420,923,14,937
43620791,618,465,12,477
11750789,1106,584,6,590
21860850,2017,1516,16,1532
43580707,584,361,33,394
97090511,2186,1673,20,1693
22250034,527,383,3,386
43621815,271,165,3,168
76280508,901,588,15,603
54650235,2377,1453,27,1480
43990421,1606,1231,29,1260
86930107,2635,1616,25,1641
11570037,570,384,6,390
11790536,559,397,10,407
11830991,256,213,1,214
33000422,1026,1016,16,1032
22200017,1118,803,6,809
32870707,2154,1642,26,1668
43417784,683,498,5,503
10810864,165,126,0,126
11770589,771,504,7,511
43993222,1860,1771,8,1779
76400344,1132,624,17,641
21870075,1302,980,6,986
43991578,895,519,11,530
43418943,1046,903,10,913
43692802,504,386,8,394
10860184,234,181,0,181
43770270,1018,690,8,698
43412598,422,317,4,321
43414668,584,385,8,393
97092377,2433,1741,15,1756
22420785,865,580,10,590
11650272,687,432,14,446
76290802,770,354,3,357
43360501,2507,1931,18,1949
10590252,812,611,10,621
11780793,1215,877,18,895
54330061,1844,1218,23,1241
76300208,2300,1714,19,1733
43580741,703,477,10,487
76170595,613,482,8,490
10820090,492,304,4,308
76200016,1256,729,10,739
76200263,493,242,5,247
54790566,1116,1068,2,1070
43414332,800,522,10,532
10920293,453,251,4,255
43992715,865,602,7,609
86740274,1055,704,21,725
32861640,2259,1670,0,1670
43992221,364,268,10,278
32980080,5458,4220,38,4258
76211568,381,370,7,377
43584565,369,346,8,354
43411801,3415,2764,0,2764
11621034,182,124,4,128
10910078,287,170,5,175
11060019,2226,1564,23,1587
22420213,996,621,9,630
43693229,323,279,10,289
32910083,1115,1050,4,1054
76340921,225,150,1,151
97270195,338,324,5,329
76110083,2086,1378,17,1395
11600941,440,252,2,254
33060035,2032,1752,27,1779
54911033,183,141,2,143
76150582,794,580,13,593
43570155,1227,975,6,981
43992276,825,530,3,533
11750958,304,203,5,208
43770292,188,102,9,111
76230176,263,123,2,125
76350168,893,557,7,564
43581494,466,366,14,380
43690417,661,481,10,491
86990462,434,306,0,306
76210556,1485,822,5,827
54380033,276,238,1,239
32950852,2658,1975,2,1977
22720182,2154,1346,11,1357
32940109,2083,1576,24,1600
76140323,554,318,1,319
54790836,624,704,7,711
21860861,2157,1643,20,1663
76330290,747,433,27,460
86670232,2238,1784,25,1809
76480140,309,190,4,194
33090162,1829,1304,15,1319
11600985,178,111,0,111
97710015,2400,1983,1,1984
10790366,306,184,3,187
10500040,161,100,8,108
33080026,2691,1777,51,1828
32850615,4236,3040,3,3043
86670041,2608,1817,48,1865
76340808,214,127,0,127
86742883,1047,844,0,844
43480177,3018,1931,27,1958
43622164,346,225,6,231
43360859,2366,1972,28,2000
32840074,5079,3791,13,3804
11080178,735,512,2,514
32950694,2372,1760,0,1760
10910977,418,282,8,290
76530203,1894,1148,14,1162
76100239,714,356,1,357
86990091,316,179,4,183
22600426,2444,1650,28,1678
10890277,702,538,12,550
76351035,306,226,3,229
86740544,885,469,19,488
11260011,1103,742,21,763
76371004,958,664,15,679
22650432,130,104,4,108
11780412,456,249,1,250
32930209,1904,1378,27,1405
76380419,897,574,4,578
11620325,486,295,10,305
97141440,2975,2337,18,2355
43626056,254,265,3,268
22000026,856,688,7,695
22421157,2194,1461,11,1472
54790713,335,452,3,455
76210242,1464,802,4,806
43692970,102,83,1,84
43416468,1017,798,16,814
33250463,3051,2089,35,2124
33000095,2452,1975,32,2007
11650160,944,669,25,694
76130052,587,249,6,255
76300264,852,486,9,495
22270058,2041,1443,22,1465
11771108,1000,559,16,575
10490082,86,75,1,76
43950258,1585,1328,9,1337
86992026,105,129,0,129
43994560,776,753,17,770
54720020,2279,1612,22,1634
32861145,2119,1596,18,1614
86552613,1458,957,8,965
65020036,519,370,3,373
43770416,405,303,6,309
32862764,1679,1445,36,1481
32951617,4374,3510,6,3516
11780940,347,265,5,270
11760207,892,484,7,491
11060053,1500,829,10,839
43771046,1505,1154,33,1187
22600123,2043,1521,19,1540
76500109,270,142,3,145
43360714,863,677,13,690
43361456,3000,2416,25,2441
43580808,1006,850,24,874
32860683,2573,1886,33,1919
32890675,3227,1656,45,1701
54210248,975,988,0,988
43621949,460,296,6,302
22600268,2536,1249,13,1262
43994784,347,281,10,291
54650257,2689,1782,22,1804
86992622,221,195,1,196
43991679,325,186,2,188
10890402,341,251,2,253
65500039,185,118,0,118
32862551,2332,1675,26,1701
32940255,3142,2244,21,2265
65500017,76,31,0,31
65010079,31,37,1,38
76220973,1116,765,4,769
76130096,220,127,2,129
76080180,2698,1566,14,1580
97100096,3554,3113,18,3131
11670016,1598,1138,25,1163
76250189,1077,701,12,713
97530284,1427,1220,14,1234
86662424,248,171,4,175
97420035,3611,1757,28,1785
11150020,715,552,8,560
43350465,1977,1479,64,1543
43960013,2300,1632,16,1648
86991586,1651,1038,12,1050
32841019,2750,2185,33,2218
33250340,2348,1574,15,1589
43391099,1744,1538,29,1567
22750163,2625,1731,19,1750
10250402,2047,1366,16,1382
11460563,359,236,33,269
43370579,2439,2008,26,2034
22110196,107,57,0,57
32850390,3677,1980,10,1990
33260251,1689,997,15,1012
22110309,139,90,4,94
76340325,698,332,4,336
43417087,537,394,3,397
43501575,766,390,6,396
11070122,590,409,5,414
97100423,3879,2958,14,2972
11752242,327,268,9,277
86660859,2574,1841,43,1884
86991429,962,532,0,532
86960043,2189,1613,8,1621
10060029,333,347,0,347
76160718,955,616,8,624
22270025,982,669,16,685
54680328,606,902,3,905
43625897,321,258,8,266
43500372,451,350,4,354
10251717,1320,1026,13,1039
32951808,4224,2971,36,3007
97330013,1822,1677,1,1678
76220939,739,456,0,456
76060010,2610,1567,5,1572
76540147,466,375,4,379
86554222,434,334,58,392
11590613,460,293,8,301
32860740,122,107,4,111
86550543,864,549,27,576
54890231,876,524,10,534
76400333,1640,976,7,983
43992603,1036,809,4,813
22810036,278,175,6,181
32860032,1969,1211,13,1224
10330018,421,325,3,328
43770731,961,704,17,721
32840209,3530,2561,14,2575
11620493,250,160,5,165
54570124,1161,716,15,731
97270117,2027,1284,28,1312
97090016,3929,2072,2,2074
86870290,1977,1209,16,1225
43380132,3032,2597,25,2622
32860795,1589,1322,8,1330
43622715,330,259,6,265
32840591,4067,2836,17,2853
32940716,3395,2247,25,2272
43774656,474,450,15,465
11780333,242,151,5,156
10851128,227,150,3,153
43774500,211,173,4,177
11750374,315,198,5,203
86700090,2077,1311,0,1311
11570093,741,449,6,455
10120060,940,886,15,901
86660039,474,239,4,243
43775400,612,651,13,664
11100238,201,132,1,133
11570082,572,390,5,395
86741309,2022,1284,26,1310
22750264,1127,953,0,953
21860108,1202,938,2,940
11630674,565,358,7,365
97730017,1171,853,10,863
43692015,794,563,10,573
54830033,2297,1746,17,1763
76340471,414,262,4,266
87020096,1464,959,27,986
43503320,344,290,2,292
32960572,3318,2369,20,2389
11771210,480,288,7,295
76290273,990,371,6,377
97520137,1713,1072,11,1083
32940323,2927,2060,40,2100
43410024,801,509,9,518
86550194,909,543,17,560
10590960,1608,1363,13,1376
11760993,565,456,4,460
54380022,301,213,0,213
11830700,855,568,6,574
97090724,1989,1604,6,1610
76300679,200,148,0,148
97860044,322,179,5,184
86661074,663,523,4,527
65530098,380,214,10,224
86554255,494,328,10,338
43501070,1085,678,5,683
54620726,588,383,8,391
76340459,1063,565,5,570
76470127,150,158,0,158
86741972,3083,2050,46,2096
32980114,6028,2958,33,2991
76350449,259,150,0,150
11460169,386,248,2,250
22421854,760,773,9,782
86990349,2244,1526,16,1542
11650328,609,452,7,459
97200154,1249,839,6,845
10820944,144,100,1,101
33090465,2494,1956,36,1992
97090814,1575,1238,12,1250
22120085,227,139,5,144
76350865,235,145,0,145
43620779,807,557,27,584
54650550,418,380,3,383
54650684,892,1156,7,1163
86991407,3342,2230,47,2277
86551588,543,327,17,344
97140630,3783,2836,24,2860
43411171,289,191,2,193
11560250,965,675,11,686
43690710,1078,739,18,757
86550284,1075,608,21,629
10420018,1369,1012,27,1039
65530076,180,119,3,122
43993312,629,492,12,504
43993750,1874,1522,22,1544
86990574,574,356,15,371
54860227,1336,1107,18,1125
43500103,576,406,2,408
76390128,650,405,3,408
76300051,828,601,5,606
43583935,546,420,0,420
76290048,944,470,0,470
86553175,469,315,8,323
86550600,412,220,15,235
86552860,257,110,2,112
86554008,411,362,6,368
32860403,781,698,5,703
86741578,810,485,11,496
11760713,359,252,3,255
76300387,1229,696,15,711
43991792,1790,1185,18,1203
43371907,1951,1594,24,1618
86740207,582,334,10,344
76190227,691,426,5,431
97140764,3038,2573,11,2584
32840614,5747,3823,59,3882
22750398,657,661,2,663
98100154,674,343,6,349
11781121,339,246,4,250
32860548,2529,1497,17,1514
33110020,237,152,3,155
76330559,370,350,2,352
43502150,1002,727,12,739
76211322,1256,751,11,762
43415704,2365,1729,37,1766
54570337,299,188,8,196
97110299,2578,1471,2,1473
32871157,2561,1527,20,1547
10251155,3252,2494,26,2520
54230127,1134,886,15,901
76341067,196,126,0,126
43773846,146,77,8,85
11580195,629,423,6,429
43584341,288,239,5,244
43414477,1237,879,15,894
33250205,2717,1712,5,1717
86992374,2306,1611,40,1651
54340017,1993,1469,26,1495
97800149,3068,2428,18,2446
11770871,261,146,7,153
43622399,509,359,4,363
10090101,780,463,3,466
21861266,882,670,12,682
54770047,302,252,6,258
54760068,731,553,3,556
54910975,288,275,1,276
43414613,1026,713,9,722
10300251,3431,2301,47,2348
86990653,999,610,29,639
43417830,792,713,14,727
32900048,3291,2474,2,2476
32850075,3540,2438,3,2441
43412532,1288,868,18,886
43416187,564,424,15,439
76210477,1525,819,7,826
86990136,350,242,4,246
86990440,705,423,8,431
43414871,1758,1294,43,1337
33040099,708,591,2,593
98380053,1192,1107,2,1109
33090184,1136,839,23,862
43581483,1116,941,18,959
76500244,2235,1259,46,1305
10850633,132,87,1,88
54540569,933,901,23,924
76101319,724,535,2,537
11811035,375,249,7,256
11560531,328,236,3,239
33260149,2179,1681,8,1689
43583294,1377,1080,28,1108
76310377,482,297,8,305
10250356,2526,1682,34,1716
11771647,725,571,14,585
76530045,2558,1618,18,1636
86741613,554,281,9,290
32952966,1185,1270,16,1286
32860627,1305,1082,19,1101
76290914,299,110,1,111
65440010,1610,1215,12,1227
22400424,61,37,0,37
54910256,915,710,9,719
43691250,833,535,16,551
43775387,327,275,7,282
43414815,348,222,2,224
32980068,3407,2446,9,2455
54760091,1070,882,14,896
43692857,799,617,16,633
10330096,174,136,0,136
86991979,2055,1363,31,1394
11640394,370,249,1,250
11610098,583,409,0,409
43950124,2137,1458,10,1468
97890036,1055,701,15,716
76220119,1204,582,17,599
86992633,1030,574,8,582
76230031,884,442,67,509
43371200,1299,1054,7,1061
11570059,352,133,0,133
54280065,1238,919,2,921
32840524,2101,1848,4,1852
76300624,423,268,4,272
76150133,801,485,14,499
86550329,182,107,7,114
10850116,600,413,2,415
32952775,220,337,2,339
97141811,3424,2657,28,2685
43991130,883,677,22,699
43371660,2243,1417,19,1436
76380431,961,612,5,617
10910911,432,297,2,299
76140334,658,389,5,394
97091422,2546,1801,16,1817
32950076,2691,1995,8,2003
11640024,568,392,4,396
11790110,1092,699,13,712
32940424,2248,1741,13,1754
10820887,784,568,3,571
44060060,578,465,11,476
54620074,1269,727,12,739
10591286,812,714,3,717
43584071,1659,1403,25,1428
21870558,391,314,8,322
43773655,153,103,1,104
43502048,322,206,0,206
11810124,412,216,3,219
43582192,216,139,2,141
54870194,1093,980,21,1001
22420527,948,603,15,618
32862012,2294,1675,26,1701
43622018,302,206,0,206
33270139,1438,632,13,645
43771215,1129,799,26,825
10920080,662,383,5,388
33100052,602,507,1,508
11801236,193,156,2,158
54890051,612,457,1,458
11070065,316,208,2,210
11450023,64,43,0,43
76500020,529,386,4,390
76510290,714,459,0,459
97540263,624,487,9,496
43771080,488,411,0,411
10820461,133,78,2,80
43413982,2511,1763,19,1782
76370340,343,250,1,251
65500040,168,114,2,116
86662356,500,341,3,344
11630438,335,194,1,195
54540794,671,626,0,626
10250491,3048,2176,8,2184
97092096,1300,930,4,934
10940217,409,229,2,231
86990563,1179,723,11,734
11580634,577,423,1,424
76480083,558,311,4,315
86700146,3002,1752,9,1761
21910036,1112,846,15,861
54510016,1385,1088,12,1100
43910029,176,243,2,245
11560294,1191,574,7,581
11800167,570,399,6,405
97090241,2267,2343,10,2353
32940110,4295,2891,19,2910
11090023,352,199,2,201
10251357,2101,1445,12,1457
32952371,1502,1182,19,1201
86553568,614,405,8,413
76290093,907,406,9,415
22600291,2826,2199,11,2210
86550802,1971,1300,41,1341
43621354,916,671,2,673
10300048,1876,1516,30,1546
76390139,1069,709,2,711
43502475,498,390,2,392
43582899,794,649,10,659
10870095,740,496,0,496
86553849,250,183,54,237
86740724,741,469,8,477
11070537,490,322,14,336
11590736,467,311,1,312
43417593,1665,1426,41,1467
33270038,1480,1006,17,1023
10820775,225,188,1,189
76300657,208,125,2,127
76250279,921,520,14,534
76351192,375,327,1,328
87010040,885,562,23,585
54790522,635,537,9,546
32840715,3186,2258,25,2283
76170618,760,620,13,633
76320277,877,492,9,501
10850824,587,391,5,396
32952999,550,658,1,659
11830508,448,341,8,349
32890518,2622,2541,5,2546
97091961,2214,1560,19,1579
43400180,1494,1251,7,1258
10350076,173,190,3,193
76320086,1637,993,21,1014
22630036,133,74,1,75
54890040,357,151,1,152
11790277,765,519,8,527
43419236,291,252,5,257
43584521,310,251,6,257
43371637,2858,2042,61,2103
21870569,392,317,8,325
10100080,1731,1282,46,1328
86820161,138,69,2,71
32860267,4033,2725,19,2744
43581652,539,355,8,363
43992625,552,407,8,415
10840452,684,511,6,517
76220311,1064,599,3,602
32930287,2651,1936,30,1966
33060798,4127,3172,23,3195
97142249,790,692,7,699
43370928,4600,3173,79,3252
43692745,975,780,23,803
43416592,652,550,6,556
10430086,766,656,12,668
43370018,2128,1465,22,1487
11790299,612,360,2,362
54620434,1002,607,7,614
11560069,693,471,3,474
11630450,337,192,4,196
54120080,845,678,6,684
32940491,1679,1353,24,1377
76490354,427,322,8,330
97220088,1705,1515,4,1519
43410811,285,174,5,179
76170708,331,302,4,306
11580724,439,343,0,343
11761084,293,199,3,202
86900250,1106,682,8,690
43991433,805,445,9,454
11071303,403,305,5,310
76380307,573,346,8,354
43581630,452,302,2,304
43418763,452,376,19,395
11750015,505,337,7,344
76220074,1312,650,6,656
54220014,1512,930,13,943
76290598,1259,446,2,448
11790615,622,454,7,461
76140761,1142,746,6,752
43690833,1867,1369,27,1396
43580763,1064,983,18,1001
22820330,2279,1799,42,1841
11771243,439,275,7,282
43504051,492,349,6,355
43950832,2265,1802,17,1819
76221109,440,385,4,389
33260273,570,474,7,481
10590128,2099,1405,40,1445
54680272,1726,1607,17,1624
54880689,261,272,9,281
32890888,1284,1312,28,1340
11560036,1420,978,9,987
87020074,4769,2493,14,2507
54250028,1186,1025,13,1038
97130156,1523,1057,11,1068
10590757,4295,3503,50,3553
76050020,1491,710,11,721
76380554,1368,1033,13,1046
22650476,731,583,9,592
76321481,444,438,6,444
97200435,2072,1539,32,1571
11080280,508,349,12,361
11760724,1028,691,8,699
43581955,1245,927,20,947
76130412,745,470,3,473
11071077,523,424,3,427
76180046,300,167,0,167
43992412,927,685,9,694
43692576,613,431,9,440
43412925,426,239,2,241
54830101,578,610,4,614
43583902,1020,774,10,784
76360901,227,211,4,215
11400062,73,55,0,55
76210130,792,484,2,486
54620030,1247,740,4,744
11200048,1078,645,8,653
54890297,631,421,7,428
32840670,2502,1982,34,2016
22700089,1014,707,13,720
54880106,1401,945,11,956
43580235,1268,958,12,970
11751274,429,195,14,209
11611022,326,194,2,196
43417537,382,251,5,256
10240063,1137,879,5,884
86820723,1455,1160,14,1174
32980091,4371,3591,14,3605
54890882,889,712,7,719
76190250,780,497,4,501
11780489,310,157,0,157
22490119,1075,804,17,821
32850503,3333,2061,24,2085
86743200,633,425,5,430
22390040,738,628,15,643
10830068,323,181,1,182
76190351,493,250,4,254
86550699,271,188,4,192
11600581,724,444,5,449
33010748,3902,3540,37,3577
32950021,2691,1604,0,1604
11781266,169,131,3,134
86990844,411,256,5,261
65090055,768,513,5,518
43410956,736,537,4,541
86920083,1291,1000,30,1030
43504354,249,205,4,209
86663289,403,377,0,377
97090870,2173,1560,14,1574
10250941,3492,2627,50,2677
97120290,2081,1229,11,1240
43951282,982,975,13,988
43992681,1516,1236,43,1279
43584059,620,461,15,476
43622502,1100,1294,18,1312
97141057,2401,1779,19,1798
97120234,1594,1036,15,1051
43583384,612,424,12,436
54590272,1345,971,5,976
86590086,1151,899,16,915
11010047,1935,1350,35,1385
86553388,426,298,11,309
76250336,1406,943,16,959
43582653,966,752,15,767
22810058,132,66,1,67
54900132,335,186,5,191
97960012,3476,2247,18,2265
10250222,3595,3011,8,3019
98330014,440,252,9,261
33030234,2060,1710,21,1731
54910144,880,611,10,621
10790625,142,118,1,119
11631349,761,439,5,444
76230211,238,145,0,145
97140517,2566,1840,12,1852
33110233,1270,781,5,786
32951370,1521,1103,11,1114
54790308,1792,1197,20,1217
33060406,2191,1700,13,1713
11070829,356,221,3,224
76210174,1173,562,10,572
43692903,211,154,1,155
86992969,245,309,15,324
11630933,251,180,2,182
11690041,518,358,4,362
11801180,404,293,2,295
43413881,774,564,18,582
76320851,940,531,7,538
11800123,496,309,10,319
97270106,960,513,6,519
10580048,1327,954,6,960
22260068,775,709,18,727
43580145,507,394,3,397
43411867,656,443,3,446
11631136,221,146,1,147
54150038,408,348,3,351
97530206,1401,938,16,954
54820054,175,118,6,124
76160909,463,385,34,419
86991924,254,127,3,130
65590027,1366,937,26,963
22210276,134,366,4,370
54270031,3010,1712,44,1756
22590176,1471,1128,17,1145
97090959,2304,1738,18,1756
76330458,103,108,0,108
11801214,230,175,2,177
76140503,1215,806,5,811
43772047,675,482,12,494
21870200,1314,948,21,969
22720159,997,526,0,526
65190045,366,294,7,301
43990207,226,171,4,175
86551779,376,206,14,220
97220101,612,464,3,467
43416389,421,292,7,299
86554288,346,291,2,293
10920282,365,234,1,235
97100681,3054,2290,23,2313
43410046,1092,821,15,836
22200028,1904,937,19,956
43419247,308,306,6,312
43380165,2616,2084,46,2130
86661085,1676,1067,13,1080
65440470,1630,1326,31,1357
97840132,166,118,1,119
43414725,133,179,3,182
11771300,404,264,0,264
86790099,514,422,40,462
86992453,181,117,1,118
43417852,268,221,1,222
11110048,37,33,1,34
10300082,2495,1551,37,1588
86990631,1073,725,8,733
32890215,1664,1365,10,1375
32862045,2065,1582,24,1606
11110037,52,38,0,38
43620656,412,243,3,246
97110132,2088,1186,15,1201
86742232,322,294,7,301
86743064,370,272,6,278
43520015,1908,1362,16,1378
76270350,641,438,1,439
32950559,2917,2034,14,2048
43400786,885,813,0,813
10251076,3534,2639,13,2652
10920439,177,142,1,143
86662952,424,305,3,308
86850063,1907,1415,22,1437
11750059,617,330,4,334
76400108,1177,589,9,598
97092018,3298,2242,18,2260
32950324,3275,2697,5,2702
32910421,826,673,8,681
43582495,455,272,9,281
86790011,2079,1373,42,1415
32890709,3690,2903,22,2925
65680083,136,124,3,127
32910061,3105,2422,8,2430
32870572,2223,1580,25,1605
43501553,608,377,6,383
22020264,973,834,15,849
32952629,484,700,2,702
76540136,172,164,3,167
97141068,2713,2017,12,2029
32960370,2749,1917,33,1950
86600011,1124,654,23,677
22490041,1239,693,4,697
11390644,1310,953,12,965
22150022,1536,1183,5,1188
43625112,506,434,5,439
86551207,1323,832,28,860
43581876,705,468,15,483
43692644,255,260,13,273
43690866,713,463,13,476
43503713,789,628,10,638
11771850,938,594,7,601
76320299,1088,558,13,571
76250055,981,613,17,630
98310078,355,331,10,341
76230053,1009,556,4,560
33110132,811,739,1,740
43500675,454,285,5,290
98430251,1028,544,14,558
22430281,250,229,1,230
32953125,594,1363,12,1375
11570026,290,160,2,162
32952359,438,797,3,800
86550138,591,226,3,229
10840362,495,355,6,361
11611112,165,127,0,127
43581944,735,462,31,493
98410079,1193,850,6,856
76251146,192,132,0,132
54410060,117,73,0,73
11770387,964,525,8,533
43583339,1413,1076,8,1084
43416750,329,270,5,275
10820045,642,509,6,515
11760050,427,230,2,232
43621590,1495,1004,20,1024
43413623,785,429,8,437
76350124,1185,698,18,716
11760746,76,51,0,51
22820026,1248,786,12,798
86840039,1972,1246,14,1260
97520261,1854,1065,5,1070
76280227,863,478,11,489
97120357,4295,3223,71,3294
11790187,1246,826,14,840
43994650,435,386,4,390
86661861,432,279,1,280
11831206,201,170,0,170
10250514,1741,1479,12,1491
98280197,964,769,17,786
11640619,351,260,6,266
11460091,285,174,1,175
11560508,518,451,3,454
11620729,534,281,2,283
11590297,548,343,3,346
10570014,2459,1971,23,1994
54620243,1338,682,9,691
43640074,1198,1070,25,1095
54330173,175,114,0,114
86552703,264,158,7,165
11811260,254,222,3,225
10300330,2178,1468,16,1484
86550644,1077,576,2,578
43582574,471,369,15,384
32890787,1241,1488,16,1504
11601065,564,424,0,424
97800183,1398,1424,23,1447
97180016,541,478,2,480
43412802,1184,954,13,967
22421720,197,171,8,179
86741275,1152,849,27,876
10250840,2390,1748,33,1781
22230032,508,444,12,456
43770247,177,194,6,200
11750824,541,331,8,339
11080550,511,311,5,316
11750127,421,240,2,242
76520011,751,444,11,455
21870110,2014,1526,1,1527
11772064,246,187,10,197
97530295,264,412,1,413
21860153,3021,2256,14,2270
76140187,922,529,3,532
10810404,366,228,6,234
86553850,538,557,19,576
22420718,474,288,1,289
32870268,3826,3241,13,3254
54620759,370,262,5,267
97142654,1663,1435,12,1447
43774319,462,375,12,387
32951842,3907,3092,10,3102
11811024,471,361,4,365
76260517,448,353,7,360
43380244,3218,2212,12,2224
11810270,690,430,6,436
54790296,1647,1334,14,1348
43371705,2472,1667,29,1696
43502420,763,510,5,515
32952641,653,937,2,939
43740299,399,405,2,407
32951897,2149,1647,9,1656
10810785,391,166,12,178
22510022,1687,1101,15,1116
86743367,688,441,12,453
76210310,1097,656,5,661
54860205,158,133,0,133
11770512,944,550,13,563
11810258,573,290,5,295
97800206,1313,1254,12,1266
76360710,482,312,5,317
54330050,1186,609,10,619
32860010,4539,3722,27,3749
87020333,2197,1806,33,1839
43772272,900,710,12,722
32951325,2383,1542,15,1557
76200072,709,367,2,369
43502622,389,295,3,298
22750028,2477,1818,2,1820
32952270,1402,1434,12,1446
43502778,840,598,4,602
11810416,1004,630,16,646
32862146,1479,1277,10,1287
11591254,326,235,4,239
11650845,320,278,7,285
76110072,3460,2110,20,2130
97960113,1028,957,2,959
43621781,2177,1502,30,1532
54610354,622,495,9,504
97550130,653,455,6,461
10670194,2125,1214,17,1231
86960054,562,358,6,364
11020105,290,203,6,209
76260584,172,164,5,169
32860953,3024,2093,30,2123
76490040,210,130,1,131
76480555,710,450,4,454
10870466,960,658,1,659
76460092,367,288,3,291
43692554,274,207,7,214
43414196,374,269,8,277
43692295,571,362,8,370
10310049,204,158,1,159
43410181,2541,1663,53,1716
86550554,700,392,15,407
11420064,26,28,1,29
54440085,1524,1143,25,1168
54430028,880,479,9,488
10650024,1036,654,2,656
43501744,2125,1341,18,1359
54680159,1005,565,20,585
10350065,130,87,0,87
43504646,340,344,1,345
43690181,481,363,1,364
43580897,613,332,7,339
32951516,2749,1965,8,1973
86741523,352,196,4,200
10591219,1420,995,14,1009
54240038,1165,1053,8,1061
86590109,2442,1507,15,1522
76200634,109,69,0,69
22421629,487,459,9,468
97090162,2944,2208,19,2227
22080080,366,242,2,244
10591174,540,490,7,497
54670068,820,449,17,466
32910139,4695,3352,45,3397
86620091,167,422,1,423
11200183,673,560,2,562
10550012,2339,1592,31,1623
76120286,281,191,2,193
76150043,1061,730,13,743
54410251,146,120,4,124
76380666,239,196,1,197
32950829,2502,1925,0,1925
43771204,967,758,13,771
43371749,1743,1296,19,1315
54410419,209,206,4,210
43500125,873,594,6,600
32960167,2396,776,9,785
86663357,302,287,1,288
86690032,2845,2248,21,2269
76500143,1542,723,6,729
43771349,1305,1003,21,1024
54610264,1623,1162,8,1170
43419191,337,316,2,318
97710127,2988,1881,16,1897
43415838,549,394,7,401
11570363,656,381,5,386
32851313,1298,1481,11,1492
86743750,198,182,0,182
97540072,969,548,10,558
22030030,47,32,1,33
43414253,1947,1285,38,1323
43582866,732,520,14,534
10590229,2964,2317,18,2335
43360602,2648,1868,20,1888
32863192,726,649,2,651
11760937,422,275,4,279
43950337,1542,1675,24,1699
86990721,139,66,2,68
43772373,1326,967,12,979
87020603,1276,1465,19,1484
43416851,233,182,0,182
97510024,2093,1511,21,1532
76400210,1015,481,12,493
43622579,1229,527,10,537
43770304,564,398,3,401
32930197,3630,2519,21,2540
43770663,660,430,1,431
97890025,1179,974,8,982
98420014,931,624,5,629
22380083,605,646,10,656
86660286,1853,1245,14,1259
43590023,1718,978,40,1018
43390302,2688,2191,48,2239
76330201,1154,784,0,784
43990498,1678,1230,37,1267
76300219,3265,1668,14,1682
76180192,259,126,2,128
43670077,2988,2135,13,2148
76100891,928,490,6,496
43360118,1539,1232,9,1241
33240349,885,626,5,631
76360226,1121,799,10,809
76211535,344,383,8,391
11590792,354,248,7,255
33010096,2652,2064,10,2074
54790072,1915,1503,6,1509
43417065,658,813,4,817
86553995,554,419,19,438
76370069,350,157,3,160
11760926,321,194,5,199
98320035,586,325,1,326
43580718,654,486,5,491
43550063,661,620,8,628
32940097,2080,1447,13,1460
43500462,583,383,6,389
65600029,1898,1188,26,1214
86741499,250,93,1,94
43691294,424,255,3,258
21870693,558,473,8,481
33020424,2788,2033,15,2048
11070694,373,244,11,255
76100880,319,247,0,247
76220838,778,504,10,514
11780861,87,52,1,53
11820721,284,209,4,213
11080864,179,125,0,125
65020070,1129,946,10,956
21870053,1365,1036,9,1045
43361513,1768,1104,25,1129
11560452,1783,1100,49,1149
43580156,503,394,2,396
32860391,2885,2205,12,2217
32960022,2516,1694,8,1702
10430132,1489,1092,10,1102
11750183,744,474,6,480
76180226,241,158,6,164
32952753,1405,1312,13,1325
10250558,3050,2137,17,2154
54330128,1422,1010,29,1039
21860793,2120,1671,25,1696
54340084,1819,1527,42,1569
76380767,340,321,5,326
76080337,580,522,2,524
22590187,1374,982,20,1002
76340550,808,660,2,662
54540143,1813,1353,15,1368
33310190,427,363,0,363
54790454,1145,947,14,961
22150044,1689,1285,3,1288
86991654,1558,1067,14,1081
11600750,595,349,11,360
86820992,2391,1840,28,1868
43690215,1419,1067,33,1100
86661186,1376,1083,16,1099
87020209,1519,1020,14,1034
76370081,1330,744,5,749
65350098,81,52,0,52
76400502,361,300,0,300
86741286,1060,723,17,740
32950605,3332,2259,6,2265
76500323,1344,945,32,977
86662817,988,608,11,619
43415625,1087,894,11,905
11780186,595,402,9,411
11790491,339,234,1,235
97100210,1846,1525,6,1531
43503342,962,713,12,725
86990035,448,265,3,268
11390598,749,513,10,523
86830072,1313,120,2,122
86662479,1269,906,39,945
11070920,246,178,0,178
76140783,705,386,10,396
54610512,632,454,12,466
54310014,2141,1479,23,1502
10810516,152,104,0,104
22690054,1721,1174,20,1194
11591018,265,217,4,221
32980305,856,1118,19,1137
76510571,156,237,3,240
76260067,990,621,7,628
76260168,1343,731,2,733
97142115,1071,857,13,870
11070357,573,324,12,336
11590545,595,368,6,374
11631776,1776,1324,8,1332
43775264,67,62,1,63
86554211,213,195,6,201
44080017,1843,1421,29,1450
86992712,406,309,6,315
11760364,799,433,12,445
76300321,2453,2040,23,2063
98140024,215,190,0,190
86820666,80,20,0,20
86580254,874,611,9,620
32950739,2390,1805,17,1822
11650711,378,286,5,291
43504400,381,298,1,299
11200206,871,895,15,910
76300028,1282,823,17,840
32860357,2157,1924,6,1930
86740117,488,278,5,283
86930185,542,482,17,499
43503432,517,402,9,411
76101432,316,284,1,285
32862348,1010,785,12,797
76140244,663,415,8,423
76160325,589,395,11,406
76240100,1136,657,23,680
97090634,2299,1738,0,1738
32850110,4509,3278,18,3296
76210107,1366,701,12,713
86600033,2386,1567,37,1604
21860692,1167,818,9,827
10850071,588,378,4,382
33200200,1213,1096,14,1110
76260663,268,92,1,93
43770427,499,347,2,349
66000080,28,28,0,28
76490398,619,452,12,464
43625336,132,108,1,109
11820923,323,269,1,270
32910184,4941,3054,68,3122
54610332,681,543,7,550
32870099,4282,3271,4,3275
43412600,722,541,8,549
86990181,1718,1213,17,1230
11750408,472,302,9,311
33010164,2677,1651,80,1731
22150369,437,429,8,437
76140671,466,300,8,308
76250662,245,155,1,156
76320402,774,499,4,503
86662187,1537,984,17,1001
76211197,573,310,0,310
43670291,2588,1843,33,1876
97100849,3233,1914,20,1934
43417302,417,336,5,341
54880555,476,391,9,400
11621001,303,211,2,213
76360642,748,508,5,513
87020490,2774,1385,27,1412
76340606,1301,790,6,796
32940468,1366,1089,13,1102
97100636,2262,2108,0,2108
54610488,625,551,10,561
43740266,2215,1907,35,1942
97200053,3239,2037,81,2118
11130028,249,109,4,113
43371840,1224,1027,56,1083
33061058,6052,3906,51,3957
43380356,959,1522,19,1541
11070683,357,225,5,230
76490129,1315,913,11,924
33250193,1999,1523,19,1542
43772452,2094,1665,37,1702
43691429,594,396,3,399
11811158,274,197,2,199
76230109,562,316,7,323
54680340,234,192,5,197
10350054,96,53,1,54
76291083,295,181,1,182
76200825,250,210,14,224
32930300,3063,2033,13,2046
86700292,824,985,15,1000
32961090,514,590,9,599
43503364,1259,777,8,785
87030031,991,787,11,798
43412060,1202,767,0,767
32952405,2423,2349,29,2378
54280010,1835,1395,27,1422
22320133,852,607,13,620
54610208,1086,778,7,785
76540013,291,162,1,163
10680027,1839,1320,18,1338
11620314,335,225,0,225
76320042,346,148,2,150
54670136,1166,318,10,328
43410866,639,396,11,407
86870166,1614,1198,20,1218
10920327,369,204,14,218
43691249,600,377,4,381
54650493,490,520,9,529
11800460,451,304,6,310
43582721,583,346,13,359
10860173,455,332,8,340
76480364,462,261,1,262
86662985,560,378,17,395
10590184,1716,1211,9,1220
10840238,257,153,2,155
32890125,2958,1955,22,1977
86660635,893,618,4,622
76320828,700,452,7,459
22540014,1541,1108,13,1121
86742760,323,215,12,227
11600840,233,140,6,146
86910295,2120,1767,4,1771
54490080,457,489,4,493
76380251,917,563,7,570
76350528,1344,692,8,700
86663470,523,575,14,589
10980019,1761,1191,17,1208
11752231,146,103,1,104
86730093,1207,956,10,966
43413937,831,568,18,586
11751533,298,147,2,149
22750208,1427,753,8,761
76120141,308,184,5,189
43410518,452,302,7,309
11751656,462,304,4,308
43580189,2644,1958,12,1970
76100857,1026,532,8,540
11630483,269,127,0,127
43991624,1500,1089,16,1105
43775231,547,465,9,474
10790265,303,212,4,216
65340064,78,51,3,54
76060256,107,38,0,38
22420897,924,579,24,603
86910611,554,591,2,593
11760858,333,204,8,212
76220254,1499,913,0,913
22330044,1726,1328,9,1337
11601043,398,310,6,316
10770061,473,389,1,390
11720023,1818,1074,11,1085
11630449,475,262,4,266
43371996,2310,1891,69,1960
11710033,993,818,16,834
86580063,1557,1050,17,1067
86910600,192,224,1,225
43360163,1973,1783,21,1804
76450305,685,560,73,633
43625066,745,507,10,517
86730161,1576,1204,14,1218
43771686,518,409,4,413
43583159,278,206,3,209
11071202,251,176,1,177
76260450,625,444,2,446
97093479,574,621,3,624
43503241,302,204,0,204
76210567,695,371,7,378
33120043,73,54,0,54
10890569,135,89,0,89
97140652,2228,1769,6,1775
33200019,450,339,6,345
43773194,4,40,0,40
76060111,1646,1027,28,1055
76230345,881,513,12,525
54440142,2104,1650,31,1681
11080066,1247,845,11,856
54880195,1738,1168,13,1181
54210215,139,89,2,91
54890310,1426,1062,9,1071
32862595,2248,1646,29,1675
10251032,1838,1536,20,1556
43990117,300,175,1,176
86662345,236,160,3,163
22410481,1118,854,20,874
86920016,2176,1272,36,1308
43770865,951,767,6,773
43960125,615,551,3,554
32952810,2092,1937,1,1938
86551005,1003,701,10,711
76370205,1256,682,2,684
97130538,2406,1956,5,1961
86661388,864,555,44,599
76210703,919,505,1,506
43773891,153,105,0,105
86740960,1133,720,20,740
43770214,251,159,0,159
11631877,599,430,5,435
76360877,146,136,4,140
54890039,89,74,4,78
11630247,1775,814,19,833
76380509,345,245,2,247
33050067,495,195,0,195
11751229,210,121,3,124
43361344,1657,1357,17,1374
43950449,1593,1375,5,1380
11590860,504,269,13,282
22630081,100,33,0,33
86660433,1907,1251,16,1267
11630821,481,273,0,273
22720216,1753,1007,0,1007
22540104,1642,1152,28,1180
97141923,2066,2333,2,2335
43670673,863,1017,4,1021
43690608,758,532,10,542
10880085,135,125,0,125
97140113,3156,2650,12,2662
11830317,355,202,2,204
33061092,1303,1163,7,1170
65440582,1985,1205,5,1210
76170539,951,738,10,748
86553748,360,297,2,299
76400209,431,299,0,299
11580061,632,507,2,509
97550017,632,322,4,326
76480218,419,256,1,257
11790064,1292,806,22,828
10250435,2728,2032,12,2044
43584497,485,422,22,444
11640596,349,325,4,329
76280418,455,388,12,400
43417740,730,533,3,536
32851043,3265,2662,40,2702
33250081,2527,1874,17,1891
10251469,2188,1362,25,1387
86930017,3251,2117,9,2126
10670071,1021,691,12,703
21860748,968,530,7,537
22120322,97,91,4,95
32850637,5119,4177,18,4195
22560072,1410,861,22,883
22600033,2135,1497,6,1503
54650448,3097,2553,105,2658
43625224,676,527,19,546
10820427,149,94,3,97
33090049,1047,1562,24,1586
43584543,548,510,14,524
33030571,1203,1203,40,1243
64980018,566,439,7,446
54410093,2224,1661,46,1707
21860726,1510,1088,17,1105
11071066,180,136,2,138
22230043,889,842,20,862
32871281,2274,1689,22,1711
32951910,1848,2465,21,2486
32862876,2693,2021,25,2046
32841503,3297,2284,50,2334
11580229,876,572,8,580
86740836,567,395,4,399
10650114,473,370,3,373
43622805,1428,982,9,991
33010265,2484,1885,19,1904
11100137,437,262,7,269
86930084,2799,3759,30,3789
10250671,2475,1433,16,1449
43540028,2663,2024,26,2050
11100148,500,448,1,449
97830096,364,225,2,227
11600604,596,367,12,379
54120192,1196,969,8,977
11831149,164,113,1,114
76251056,431,354,26,380
54650280,1493,1022,23,1045
11560104,995,688,6,694
76321380,392,381,5,386
76400489,270,240,6,246
43580426,320,270,1,271
22120197,251,202,4,206
11831509,92,69,6,75
10890446,42,34,0,34
22020084,788,638,8,646
86743491,324,250,21,271
32960796,4210,3107,57,3164
97470029,1212,690,3,693
11780535,31,18,0,18
43670213,1838,1230,14,1244
97310022,2907,1890,21,1911
65520176,29,42,3,45
86992903,411,378,27,405
86550172,497,318,7,325
76200050,467,364,16,380
10850701,209,167,0,167
43992591,1132,778,21,799
32950986,1834,1598,1,1599
10251223,3046,2132,14,2146
43690349,1212,871,20,891
86662435,557,418,0,418
76351103,323,225,1,226
43416637,416,319,2,321
43412273,183,148,3,151
97140641,3106,2496,10,2506
32952764,531,655,0,655
11610964,408,283,3,286
22120018,173,127,4,131
76280801,156,137,2,139
97141484,2103,1453,11,1464
10850420,663,452,12,464
86991878,704,449,14,463
43371356,2667,2089,15,2104
11601010,409,314,7,321
43361489,2510,2100,28,2128
43502521,267,233,4,237
98380222,1144,884,5,889
32930928,987,806,0,806
86992172,238,144,9,153
86660837,1870,1344,4,1348
86991441,1101,790,17,807
43503498,1236,811,3,814
10910371,503,285,0,285
76340774,379,226,2,228
43390717,2737,2358,40,2398
43770180,541,409,2,411
97092434,861,963,8,971
43774218,412,317,1,318
32910072,2909,1452,7,1459
86660107,324,222,3,225
97110255,2831,2240,7,2247
11640091,566,439,3,442
22100038,93,43,1,44
43691597,472,309,6,315
43411935,1717,1292,0,1292
76100936,1610,997,5,1002
11160098,789,581,8,589
54620041,1112,639,11,650
22421203,674,429,11,440
43991321,275,193,7,200
86552769,169,116,4,120
43501193,1180,866,8,874
86550925,589,293,9,302
10460012,1293,1388,18,1406
65990076,50,34,0,34
10250334,2903,2194,16,2210
11570925,291,194,5,199
11070414,489,325,8,333
11350022,134,109,3,112
43625088,851,629,10,639
22750039,829,464,3,467
76290150,854,501,3,504
10050028,1243,1054,13,1067
43774746,507,444,8,452
33010816,2062,1654,18,1672
33180027,1999,1244,12,1256
43993929,83,30,2,32
11750543,627,427,9,436
86820857,920,611,14,625
32840928,1095,663,4,667
43480166,2040,1436,14,1450
86991823,1322,891,27,918
86661557,485,304,4,308
11071369,170,132,0,132
10840081,504,333,8,341
11751858,311,215,6,221
33020277,2250,1897,14,1911
22590019,1648,1336,10,1346
11801034,89,62,1,63
43411003,752,402,16,418
11390060,257,143,6,149
76440124,511,525,5,530
11811114,262,152,2,154
97140236,2453,1726,5,1731
10940262,786,554,6,560
98190018,1026,896,14,910
11611145,140,101,17,118
76250022,722,385,0,385
76160066,1200,682,27,709
98380143,2036,1450,23,1473
11830902,463,346,2,348
33150091,813,550,2,552
76250246,701,468,8,476
10930261,89,54,0,54
76190553,638,467,6,473
97141989,1515,1188,8,1196
43584026,582,366,13,379
76330188,1270,595,12,607
98100110,862,554,13,567
86660028,1613,894,27,921
32850424,3344,2137,27,2164
97142564,1048,888,6,894
43500484,1058,783,5,788
43774803,507,433,5,438
32952427,1478,1525,20,1545
32951055,2246,1783,3,1786
76340617,342,257,3,260
86670030,3097,1728,27,1755
11770095,1401,939,4,943
43414310,786,530,11,541
43360691,4577,3262,68,3330
43621387,1171,718,17,735
86820903,173,91,0,91
11080189,690,475,2,477
22200073,1737,1114,20,1134
97091590,3226,2006,35,2041
76500312,144,130,0,130
76510289,1269,784,31,815
22590244,677,603,26,629
21861660,634,973,3,976
43502161,1000,703,5,708
11581129,82,92,0,92
11340021,386,292,5,297
11760308,413,184,2,186
97590011,1759,945,12,957
43950663,2297,1730,35,1765
43502824,814,601,1,602
65060041,769,571,20,591
98160026,1257,1061,20,1081
11390374,713,406,11,417
76260214,1252,746,7,753
32950043,2994,2548,0,2548
33260284,1784,1305,10,1315
43772182,905,657,19,676
86580018,1832,1508,15,1523
97091231,3942,3050,33,3083
32980103,3878,3158,10,3168
32952898,455,756,1,757
11810102,406,219,3,222
54260311,630,672,9,681
11801146,330,238,7,245
11360023,505,382,5,387
11120016,625,487,13,500
86553265,400,358,1,359
22540047,896,633,8,641
43625189,826,657,17,674
86720092,2508,1616,27,1643
11790569,385,285,4,289
43991309,2029,1562,25,1587
10920541,160,127,4,131
43625426,576,401,12,413
54790285,2368,1549,19,1568
86821083,65,42,0,42
54360097,1542,1141,40,1181
11570790,795,586,3,589
10920204,410,274,2,276
76370025,1400,723,8,731
43584015,415,362,5,367
54270064,339,342,2,344
32870279,1940,1724,10,1734
76340718,938,537,7,544
76300826,235,228,5,233
54890130,780,567,12,579
86743244,306,208,7,215
43992513,910,672,35,707
97340025,1622,1229,20,1249
54230105,1906,1340,12,1352
86550565,722,463,7,470
22740140,1753,1284,16,1300
21860580,1968,1442,22,1464
54120260,318,311,0,311
43680012,1934,1245,27,1272
33060372,2340,1764,18,1782
11390554,355,217,0,217
98430138,618,514,8,522
43390245,3174,1979,63,2042
76130445,484,225,7,232
76360585,402,258,4,262
76450383,390,561,11,572
22760018,1890,1274,9,1283
54650561,936,981,26,1007
43418055,120,140,2,142
43950731,1300,1131,17,1148
33010074,1953,1574,26,1600
43360411,4388,3662,13,3675
32930636,2050,1445,16,1461
10670026,2394,1399,10,1409
86990248,811,540,10,550
11610818,222,151,0,151
11790019,956,582,9,591
33070137,2182,1672,29,1701
43418235,115,100,5,105
43419269,574,620,5,625
54790814,112,105,2,107
22421348,458,351,4,355
76360271,720,516,1,517
43380042,2188,1579,5,1584
43620599,716,535,8,543
76211265,942,514,1,515
86820598,209,84,4,88
76100879,624,436,2,438
76330212,880,476,2,478
11570600,573,317,7,324
11752118,278,208,3,211
76370980,540,397,17,414
32890260,3613,2432,48,2480
43580684,1791,1440,22,1462
11830474,1305,872,20,892
97530149,377,260,10,270
11780197,671,464,15,479
86720104,2029,1343,19,1362
43415029,760,523,5,528
76351327,304,254,4,258
11600255,868,524,33,557
43416974,283,215,8,223
22410290,263,183,4,187
43370951,3320,2477,68,2545
43416806,423,338,4,342
65520154,77,120,4,124
10870141,971,641,11,652
76090046,3476,2201,53,2254
43994504,895,848,16,864
43400674,725,546,5,551
76180114,1467,937,17,954
76130377,298,178,0,178
76100273,2027,950,17,967
11650148,687,461,4,465
33080127,1774,1415,9,1424
43411159,1178,851,12,863
32960325,3352,2237,37,2274
21870479,1075,906,6,912
11620640,329,216,0,216
87000061,1098,898,28,926
43371064,1814,1527,23,1550
43350353,3874,2510,0,2510
11790659,232,173,0,173
86950053,1949,1566,13,1579
43690912,1409,1053,19,1072
32952720,1235,1052,15,1067
76530146,304,188,1,189
43360523,1995,1398,11,1409
22400480,385,276,5,281
32862281,3700,2591,29,2620
43361355,1433,1174,23,1197
32890563,2732,2333,4,2337
76450035,1272,636,12,648
76251157,362,270,10,280
32940389,3332,2531,8,2539
54790498,1736,1520,5,1525
76130489,579,304,2,306
76250640,321,190,4,194
43771361,407,307,5,312
97091792,3123,2731,15,2746
11071662,253,169,11,180
76240504,520,467,5,472
43850011,2781,2154,13,2167
97220055,2932,1759,21,1780
21861457,380,380,17,397
54840146,1865,1484,25,1509
54790678,444,449,8,457
86552219,230,106,1,107
11831284,1283,1090,12,1102
76210354,355,243,1,244
43410091,1012,713,13,726
43620645,679,496,10,506
22750084,2076,1561,4,1565
86662480,770,437,5,442
54620399,580,336,5,341
97100850,3181,1208,19,1227
32910320,3441,3099,18,3117
43772014,331,236,2,238
32960965,385,320,2,322
76170146,1030,508,13,521
54210103,1913,1194,15,1209
32861257,3202,2375,13,2388
76350494,1194,455,5,460
43773105,426,280,4,284
43622748,656,448,0,448
76300444,1182,546,25,571
32862393,1898,1509,5,1514
54220205,531,419,7,426
43411272,557,407,8,415
97092074,2555,1962,6,1968
10810527,553,367,11,378
65220049,1125,959,5,964
43991949,1189,908,12,920
54870273,555,581,9,590
86740487,1305,801,21,822
32861268,1366,1089,21,1110
32850097,3726,2773,26,2799
43370096,1563,1151,38,1189
43621208,939,644,3,647
32840221,3834,2557,23,2580
22150011,1685,1133,12,1145
10820674,249,190,0,190
11560193,2813,1359,17,1376
43412329,802,545,12,557
54620131,1400,739,12,751
22430348,88,66,1,67
43418280,378,417,0,417
76470082,1177,789,14,803
76120051,1229,688,0,688
97570019,399,283,2,285
43410068,1415,969,29,998
32862438,2723,2139,35,2174
76350393,750,513,12,525
11640631,29,44,0,44
54590069,1391,1027,7,1034
11772109,273,218,1,219
32863428,311,237,2,239
43581854,988,781,27,808
98280108,2244,1450,9,1459
11751308,197,110,2,112
11811170,202,147,8,155
33240327,726,383,2,385
97091769,2775,1742,24,1766
54910548,1555,1105,6,1111
97960067,2294,1682,15,1697
10591129,747,722,6,728
33000084,2010,1598,15,1613
32850985,2916,1518,15,1533
43418639,570,422,29,451
33310202,450,467,6,473
43400821,1741,1532,6,1538
97100793,782,744,8,752
76360934,294,272,4,276
76101230,639,389,4,393
43773071,355,253,2,255
64950015,2351,1775,31,1806
21870491,1132,838,10,848
54410105,314,268,1,269
54890949,324,260,5,265
43771451,752,521,25,546
43480245,1494,1630,25,1655
54890220,1732,1186,3,1189
32952911,701,848,3,851
11071842,301,231,5,236
76480612,950,491,2,493
11830058,1017,698,10,708
54610444,1116,869,14,883
43692060,611,424,10,434
43994706,96,83,0,83
86580300,895,656,40,696
21860210,1187,167,1,168
43391044,3058,2274,45,2319
11210016,985,674,12,686
10841295,383,306,3,309
32952663,1974,2060,5,2065
43774645,984,875,25,900
54610040,2163,1346,20,1366
76280081,655,489,7,496
98340116,802,398,11,409
76200207,1092,623,4,627
11650474,567,376,13,389
10590173,2393,1418,20,1438
32863305,760,742,21,763
43390997,2350,2075,22,2097
86663245,582,449,0,449
11831486,283,214,11,225
97540094,466,253,6,259
43415995,115,68,0,68
11360034,85,54,0,54
76450361,391,347,1,348
86551106,509,339,17,356
76180080,218,116,1,117
65770016,3389,2404,23,2427
76150661,1034,717,17,734
76350775,828,555,8,563
76210691,746,423,2,425
97090588,2136,1429,126,1555
54550021,1177,876,10,886
32950380,4095,2409,0,2409
33030155,1746,1335,5,1340
11601133,534,380,9,389
33000231,2554,2102,7,2109
97130044,2814,2159,10,2169
43361164,1819,1634,26,1660
86900069,2352,1419,28,1447
86740410,590,437,5,442
97110390,1362,1078,19,1097
65090101,270,151,3,154
54410015,223,188,0,188
11390734,368,199,4,203
43772711,258,151,0,151
86990967,402,240,2,242
43504174,294,218,0,218
32850581,3172,2790,13,2803
22470151,692,524,5,529
97142609,3261,2354,30,2384
54620670,306,243,3,246
32960640,4551,3173,35,3208
86552174,1087,544,7,551
97100254,2762,2025,31,2056
10840610,316,226,8,234
54540660,815,680,20,700
76200409,905,764,10,774
86553894,134,37,1,38
32960246,2173,1571,15,1586
76340932,324,223,3,226
86553940,460,378,9,387
43501092,984,714,17,731
22420550,1845,1050,0,1050
43500147,670,434,3,437
76211276,721,461,8,469
32961012,429,439,3,442
76280609,391,261,5,266
10930171,956,650,20,670
54570292,775,430,12,442
76190159,938,652,14,666
10920170,772,484,3,487
32863079,2244,1684,11,1695
10790726,157,106,4,110
43371839,3047,2203,50,2253
33260329,1213,981,5,986
43460096,1295,1008,12,1020
76210882,720,407,5,412
10860038,384,242,3,245
11590185,730,418,8,426
54890398,1584,1133,17,1150
10910089,343,203,6,209
10400094,250,185,0,185
86663447,500,507,13,520
76310041,875,546,5,551
10100215,1526,1178,20,1198
43774634,1007,827,21,848
11080594,420,288,5,293
43620915,773,549,23,572
10100013,2417,1622,26,1648
11260022,576,387,4,391
43622557,246,203,9,212
43690596,820,531,12,543
65190012,1133,688,7,695
11800572,772,504,13,517
54440041,958,608,10,618
97142227,2787,2128,25,2153
86821184,124,121,2,123
11580836,273,226,3,229
43900017,4492,2557,47,2604
10251188,4516,3472,32,3504
76260483,476,373,3,376
43820018,693,597,13,610
86770143,364,574,7,581
86620057,1213,1012,20,1032
86840084,636,493,13,506
65130094,815,749,7,756
86690155,1117,775,0,775
43371794,2993,2280,77,2357
10790715,381,271,3,274
43772823,467,472,5,477
86930095,2149,1382,27,1409
43950180,1908,1480,15,1495
43360297,2912,2135,12,2147
76350067,1423,681,12,693
10970018,1098,731,6,737
10841004,159,118,3,121
43774465,256,213,2,215
43414040,619,386,4,390
11160133,452,325,4,329
54540682,586,412,11,423
54470011,188,83,6,89
43500653,1062,687,10,697
22820183,117,64,0,64
54610107,2147,904,21,925
54600173,2413,1813,9,1822
10590555,1142,767,11,778
97142384,1607,1423,2,1425
11590354,581,321,2,323
11070098,981,600,10,610
98180017,173,98,1,99
43501496,521,311,2,313
10591297,400,376,5,381
43504231,461,467,7,474
11831475,545,436,9,445
76340358,748,367,0,367
22170080,121,114,0,114
76400401,853,522,0,522
22580018,1519,1043,27,1070
11080358,875,555,13,568
10590544,3038,1599,11,1610
11820866,387,257,3,260
86661412,1094,775,14,789
32850750,4697,3881,19,3900
10580037,339,269,4,273
10980121,1011,687,15,702
54330094,1535,1019,11,1030
86742131,55,27,0,27
11821362,204,163,3,166
76330324,400,241,3,244
97440037,2474,1399,11,1410
43771552,376,357,3,360
76250864,1053,731,10,741
54540750,734,587,30,617
54570214,949,525,4,529
32861842,2143,1493,14,1507
97090869,2131,1574,15,1589
76500165,1695,1047,10,1057
10251425,2136,1662,27,1689
11820844,175,93,1,94
76110094,2094,1413,28,1441
54220328,590,490,11,501
54860058,207,169,3,172
43416244,1149,901,12,913
54660135,91,62,1,63
22680020,443,278,6,284
11610537,242,159,3,162
22460026,1574,1221,4,1225
10841240,158,101,7,108
32861235,1620,1425,15,1440
86910396,1158,1003,20,1023
10390058,1564,1081,8,1089
43992984,764,625,16,641
43502509,475,306,5,311
43624920,529,395,10,405
87020467,3076,2215,3,2218
32861875,1965,1518,22,1540
54190087,2234,1390,13,1403
76360394,1328,783,5,788
22330055,1179,931,0,931
43412756,1784,1557,37,1594
11760735,274,175,5,180
76101397,486,313,2,315
22650364,222,108,3,111
43411924,1466,1037,12,1049
43772362,1038,716,13,729
22120311,114,100,4,104
76500075,528,364,11,375
11620820,409,274,2,276
76380802,260,250,0,250
11831453,527,445,4,449
11760285,813,415,11,426
11160111,1031,746,16,762
10590746,3046,2513,9,2522
22430236,144,96,7,103
86743435,59,58,1,59
76150380,2049,1229,18,1247
10250198,4176,3120,3,3123
97550062,82,33,0,33
32870998,3344,2444,32,2476
43690091,933,661,0,661
65010035,76,22,0,22
11610425,254,151,5,156
97090577,1610,1201,7,1208
65090167,56,27,0,27
11800178,572,352,21,373
43418022,292,229,1,230
43670336,2713,1904,53,1957
76400423,293,204,0,204
76480948,475,332,1,333
76190092,363,212,2,214
43620342,493,386,13,399
32863271,456,721,10,731
43993211,472,360,2,362
54160028,1204,675,9,684
11460024,582,433,4,437
54610310,798,554,8,562
76170191,1149,664,14,678
97120403,3679,2951,6,2957
54120013,230,102,0,102
43771035,958,887,23,910
86742221,121,57,0,57
97091095,2454,1558,15,1573
43690811,613,474,14,488
43480065,1980,1398,19,1417
43504523,180,134,3,137
10850442,424,233,5,238
86551959,539,306,2,308
76100295,1301,1093,10,1103
11330031,274,231,4,235
22020028,1023,602,58,660
76220692,786,647,2,649
43583665,1037,896,21,917
32952696,1306,1295,15,1310
43625033,251,176,2,178
32930322,1928,1442,12,1454
43621961,162,129,1,130
76160156,673,463,13,476
43414051,863,560,6,566
97130381,1549,1240,9,1249
76530179,492,242,7,249
11821373,264,218,4,222
86553535,431,293,14,307
86663223,527,543,6,549
11580881,201,133,0,133
86940052,741,632,11,643
10590050,2413,1660,26,1686
76450204,1042,444,10,454
33010928,2149,1637,43,1680
76360945,224,155,3,158
97100119,3373,2686,4,2690
32980406,1210,1752,9,1761
76180259,577,428,0,428
11800370,494,257,19,276
11610054,458,274,0,274
43670202,1396,980,21,1001
32851087,3146,2180,0,2180
43580864,370,273,2,275
11830812,511,349,20,369
10840654,245,153,2,155
43771541,711,523,11,534
32850727,5022,3686,26,3712
54650538,246,214,2,216
10871029,880,679,14,693
76130029,668,403,8,411
76280878,626,691,12,703
33250159,2519,1698,3,1701
86660613,1109,731,8,739
54910470,1519,1079,15,1094
76140569,2116,1430,6,1436
86650027,71,47,3,50
11370035,257,180,7,187
22340067,1069,731,7,738
32890057,4976,3643,27,3670
43400528,1828,1729,4,1733
43504310,150,129,0,129
86553692,278,221,10,231
97140900,3026,2556,1,2557
76270383,1417,827,9,836
86740937,849,557,9,566
43621040,490,314,0,314
76260461,744,500,6,506
33020660,667,902,1,903
43992793,321,212,1,213
43771091,1431,1160,1,1161
22080013,274,183,4,187
43390616,2845,2118,19,2137
22330033,1196,773,13,786
32952944,426,434,5,439
43371985,3492,3890,32,3922
86840095,791,572,8,580
97131124,6497,5119,42,5161
32862900,752,575,6,581
65960017,1309,957,7,964
10590117,2412,1524,14,1538
21860669,1287,1048,17,1065
43620195,570,405,2,407
98420058,981,767,10,777
22421786,403,325,8,333
33250687,460,315,0,315
76220793,1603,955,9,964
11590242,572,337,5,342
87020423,5170,2409,58,2467
76200702,445,367,4,371
11751870,354,246,6,252
86660758,1796,1132,14,1146
32850323,2940,1826,18,1844
76200612,360,228,4,232
97540083,825,434,2,436
11781109,545,367,2,369
11810540,675,387,8,395
76500299,3547,2614,220,2834
54890916,238,283,2,285
76240526,320,285,7,292
76100329,1526,1053,7,1060
65350100,22,17,0,17
22640194,163,102,0,102
32930412,2204,1289,19,1308
10590027,2461,1714,0,1714
10550023,3177,2500,9,2509
76280384,2499,1478,20,1498
54580192,1349,728,18,746
10550034,2152,1444,21,1465
86992352,616,388,8,396
97950055,2745,1867,22,1889
86661300,939,505,6,511
11650115,1548,1173,21,1194
43414118,1097,647,8,655
97141204,3055,2065,15,2080
21930016,812,535,4,539
10990021,1810,1181,24,1205
76290149,580,315,4,319
22330112,547,519,7,526
22120096,373,212,0,212
43414433,732,526,14,540
43411250,512,285,2,287
11760061,649,340,8,348
76340044,1247,725,5,730
33080059,1372,1354,12,1366
32953046,1876,2059,400,2459
76300163,1156,680,0,680
11570352,573,326,25,351
54440197,526,385,8,393
22530024,1194,799,15,814
10560013,1115,601,9,610
11690108,938,787,5,792
76290015,553,314,2,316
32890091,4492,3429,32,3461
43840032,3170,2260,35,2295
10810583,190,117,1,118
32862641,3163,1349,38,1387
43581832,270,183,3,186
43500541,971,662,14,676
76350269,604,425,1,426
65020104,46,55,0,55
21870288,1965,1426,33,1459
43360477,3374,2415,29,2444
11260033,636,464,12,476
43670493,2119,1481,18,1499
32871124,6010,3763,44,3807
43501520,700,533,11,544
86910509,311,116,1,117
11010069,1102,818,27,845
76230244,437,280,6,286
43411845,347,213,10,223
10940510,531,345,12,357
76060122,1468,906,14,920
76211647,398,398,8,406
10250705,1394,848,19,867
33060473,3105,2249,14,2263
54910010,895,630,12,642
76320862,555,310,3,313
11200161,1423,1008,29,1037
43417032,726,528,10,538
76290059,775,507,7,514
43360938,2600,2088,44,2132
32871191,2844,2464,21,2485
54420139,1462,1238,33,1271
86910138,1541,1071,11,1082
76290767,812,362,3,365
43992377,462,368,7,375
86554356,367,287,4,291
76520190,111,116,0,116
22560117,1048,829,17,846
32850918,4212,3734,10,3744
43410664,1002,572,15,587
11820710,683,476,5,481
76480667,363,246,5,251
43413814,418,286,6,292
22320087,2450,1493,32,1525
65470080,902,718,20,738
10871399,348,245,3,248
33270241,2279,1529,18,1547
43417795,222,193,5,198
43771800,845,565,11,576
11510019,1503,841,16,857
54440232,474,399,13,412
54890118,827,600,9,609
43411069,86,44,1,45
33090117,1985,1497,16,1513
43411362,965,671,13,684
32950649,2117,1438,13,1451
11090089,56,73,2,75
32841334,4063,2855,49,2904
43581371,369,241,3,244
11751487,340,226,2,228
11640316,684,408,4,412
43371424,2974,2068,0,2068
32850626,2955,2282,30,2312
10250525,2124,1315,257,1572
43622850,835,550,14,564
97090612,2102,1638,11,1649
76140446,1447,962,3,965
54320082,1800,1493,24,1517
10420029,1211,846,8,854
32861707,2354,1853,11,1864
33060620,2912,2243,50,2293
10871478,178,117,2,119
98410068,1728,1119,14,1133
32953091,1014,1187,2,1189
87020265,1894,1163,161,1324
76481028,459,326,10,336
11080549,690,390,6,396
76210343,470,223,2,225
97720016,1925,1403,3,1406
98280131,1532,1121,5,1126
11030285,795,656,1,657
76100701,483,273,0,273
43500293,2081,1410,25,1435
10251346,1447,1023,18,1041
10140062,3999,3593,6,3599
86660815,1686,1361,4,1365
43990926,172,107,3,110
33220022,1206,956,20,976
11570532,409,261,1,262
10910494,300,199,2,201
11750071,405,200,4,204
76200780,690,623,6,629
43500798,476,340,0,340
43501610,359,260,0,260
33040123,1073,824,11,835
86821061,384,288,8,296
22420459,979,684,20,704
11770961,446,260,6,266
11820439,1102,721,23,744
11630168,578,332,7,339
65340042,2016,1366,26,1392
33000028,3101,2265,22,2287
86910239,2134,1480,22,1502
43772980,517,363,8,371
65530188,108,56,3,59
32841682,2170,1826,29,1855
98200032,198,134,0,134
43361300,2168,1640,19,1659
32850367,6212,3943,30,3973
11750419,392,228,5,233
22600224,1621,1142,20,1162
76490107,485,191,0,191
86900137,1716,1306,25,1331
32950212,3471,2712,4,2716
11150132,702,552,5,557
33240080,2138,1559,6,1565
65530324,49,52,0,52
43416255,370,286,10,296
86552938,1172,887,30,917
21861008,2736,1995,27,2022
98070048,415,275,7,282
43621185,472,315,2,317
33010388,2441,1829,34,1863
32871180,4487,4726,52,4778
76510515,370,246,1,247
22590020,1787,1248,18,1266
86850052,3105,2072,138,2210
10870017,386,304,2,306
22650140,122,61,3,64
76170124,1107,661,10,671
76100363,1625,1013,4,1017
43900040,3194,1980,27,2007
43600216,1542,796,1,797
43771002,1487,1094,26,1120
97093334,1317,1162,10,1172
76240199,1274,693,18,711
54340073,2343,1785,16,1801
32861066,3481,2578,12,2590
76240122,761,471,4,475
76480331,937,584,5,589
97140528,2366,1726,10,1736
86660253,616,419,3,422
22150055,1576,1170,2,1172
43772542,551,677,9,686
76200511,147,104,2,106
98380299,2221,1665,7,1672
43415063,383,291,2,293
10420052,334,245,1,246
11810427,561,316,4,320
76200454,426,377,5,382
76160695,216,157,1,158
21870312,590,396,10,406
43580077,606,387,6,393
76390207,1025,732,5,737
65470091,400,370,3,373
76350382,1742,1075,22,1097
10820911,1098,808,3,811
43417841,332,282,9,291
11830070,779,482,14,496
54470099,1218,794,2,796
76510313,317,169,0,169
97130606,1141,976,5,981
54380066,333,74,1,75
43504961,663,642,8,650
76150335,1061,573,11,584
76380172,1648,925,32,957
97440059,369,341,1,342
54590115,1712,1130,7,1137
54680339,330,344,4,348
43620533,296,222,2,224
10940633,617,375,6,381
97090746,2572,1767,25,1792
11290036,822,773,6,779
43951305,432,447,1,448
32890035,3637,2643,20,2663
11690085,1042,710,5,715
76370788,1242,764,6,770
86660747,926,510,10,520
43740075,3133,2195,41,2236
97130022,3493,2636,27,2663
54890017,1312,955,9,964
86552758,188,104,0,104
43502789,359,254,3,257
86552028,1106,758,8,766
86821140,403,320,7,327
10810246,287,192,5,197
98200021,132,83,0,83
11601054,389,270,2,272
86570107,1120,1183,32,1215
54600038,3322,2460,25,2485
43361546,3440,2336,36,2372
33020491,3416,2522,43,2565
11810708,413,248,13,261
65530212,758,583,19,602
43773789,337,263,0,263
43991219,727,617,0,617
76510010,271,136,2,138
43800016,2513,1946,25,1971
43991242,670,458,8,466
10520031,124,72,1,73
11831497,591,548,12,560
54570034,1184,580,12,592
86870065,2688,2034,26,2060
32871382,478,1283,16,1299
33250542,3068,2200,38,2238
33060912,3978,3170,60,3230
76280328,1323,751,10,761
11070773,628,468,10,478
43583823,683,568,14,582
11810539,436,238,2,240
22090081,116,88,1,89
43950292,4080,3712,16,3728
11071314,140,105,2,107
43370221,2454,1882,19,1901
76450293,2015,1696,19,1715
43625101,1248,974,15,989
22110129,186,51,0,51
86900294,1070,924,14,938
10600029,1677,1161,16,1177
32870426,1939,1493,16,1509
54670091,218,116,3,119
76300129,443,260,2,262
86730240,1267,1052,24,1076
22600730,867,727,23,750
97131157,1929,1346,5,1351
32840063,2213,1732,8,1740
76240043,727,351,4,355
33240237,966,626,18,644
43480122,1984,1546,13,1559
43410271,746,593,9,602
11570497,377,250,5,255
11770321,1165,814,12,826
11820596,453,304,6,310
86551881,573,388,17,405
76120073,405,253,2,255
33010108,2665,1973,4,1977
43390111,3316,2309,20,2329
65050039,1566,1150,26,1176
11620628,317,190,10,200
76240212,1389,767,13,780
10910113,184,128,3,131
11200149,409,282,4,286
33270320,1394,1470,25,1495
32960617,2544,1826,26,1852
43582822,925,868,8,876
11810764,204,112,2,114
76290734,921,473,3,476
11580982,457,376,8,384
76290633,1259,610,11,621
54540749,935,796,17,813
32870392,1777,1572,18,1590
54540402,913,610,12,622
43775040,454,658,12,670
54330027,1495,895,33,928
11020060,585,442,8,450
10590869,1472,978,12,990
10250200,2062,1772,5,1777
11610391,178,122,0,122
43691823,924,606,32,638
43504141,385,273,1,274
43990320,231,185,1,186
76341179,67,61,0,61
43400304,1615,1023,27,1050
43503410,617,399,5,404
32850514,4880,2761,20,2781
76351215,481,353,9,362
11820136,460,193,8,201
86740555,1549,930,38,968
10790175,291,178,11,189
86553041,290,177,0,177
65440627,1746,1776,16,1792
65390069,145,102,0,102
11571117,442,328,8,336
10820708,608,440,1,441
10830046,188,125,3,128
76370586,1865,1023,8,1031
43412442,824,531,7,538
97110154,3144,2601,0,2601
54890804,902,728,27,755
54790599,1624,1435,19,1454
22421483,442,420,9,429
33280028,890,1010,6,1016
98410046,2619,1909,13,1922
86551500,612,300,8,308
32940200,3390,2267,30,2297
43772216,1324,954,26,980
86660275,454,279,2,281
76380655,117,85,1,86
54260142,2162,1611,13,1624
43992906,648,439,7,446
54620658,540,383,3,386
10300116,2787,1595,26,1621
97091994,4109,1752,23,1775
97240024,1720,1263,21,1284
76470149,173,179,0,179
76230514,572,328,8,336
43583586,784,659,0,659
43670819,503,991,13,1004
86742300,1386,1028,17,1045
76351080,292,237,7,244
76380813,209,186,0,186
76090057,2452,1672,18,1690
43625987,609,481,11,492
11790097,896,649,13,662
76211164,1218,633,3,636
22810092,211,129,0,129
97520014,1385,981,15,996
76160280,946,670,18,688
43410282,767,533,3,536
10590342,3031,2070,27,2097
43950720,2550,2049,11,2060
43361579,2255,1447,28,1475
10250547,3232,2186,33,2219
11570510,467,264,5,269
43500978,904,649,7,656
43950359,2501,1890,34,1924
22640138,113,23,0,23
43691777,656,448,6,454
32950896,4753,3364,0,3364
10251582,1190,782,12,794
54670170,365,203,4,207
98310023,314,150,4,154
65290080,36,54,3,57
32952416,1289,997,14,1011
54670013,1086,674,19,693
97110031,2708,2200,4,2204
43503892,266,170,3,173
86910026,3273,2333,7,2340
10910753,361,250,5,255
22740195,222,198,1,199
11590961,250,163,1,164
11070335,437,276,7,283
54670057,747,428,9,437
54700017,607,500,1,501
97141855,3409,2503,32,2535
43584408,136,104,0,104
54700062,205,85,2,87
86550442,159,61,1,62
32940480,1574,1169,14,1183
54230239,535,720,58,778
10810099,297,188,0,188
97530172,549,366,5,371
11631822,110,58,1,59
86662996,448,332,0,332
54890691,916,702,0,702
54650437,1685,1466,18,1484
43370614,2549,1905,38,1943
32930131,3090,865,5,870
97141114,3502,2922,31,2953
54890837,708,559,4,563
54410048,164,205,3,208
76370407,266,113,2,115
43370197,2652,1934,34,1968
43380110,2396,1847,57,1904
10910236,468,298,7,305
11370013,197,125,9,134
11630326,1792,980,9,989
76280610,380,254,5,259
10850015,608,398,4,402
65130050,380,285,2,287
10790489,276,187,2,189
97141866,4080,3251,31,3282
11760072,453,263,3,266
11650193,951,609,10,619
11080123,423,310,1,311
76180237,461,308,6,314
33240383,927,691,2,693
43773004,810,582,10,592
86742737,182,130,3,133
43775466,881,850,13,863
43361793,1694,1121,17,1138
10810640,216,139,2,141
76230446,507,287,4,291
10810505,316,229,1,230
10860128,614,430,9,439
76510065,351,253,2,255
98400034,1538,860,6,866
32952900,580,641,2,643
11801247,142,112,1,113
11831330,234,192,0,192
43773576,947,635,0,635
11630090,474,236,5,241
76200252,1139,648,10,658
32930995,2994,2619,35,2654
22300030,1402,1055,29,1084
76450473,763,702,14,716
86660398,265,170,3,173
86700214,1919,1468,5,1473
76350685,897,418,7,425
65080021,142,124,3,127
86553401,299,180,3,183
97090038,2929,2274,11,2285
76480094,206,100,0,100
43650031,923,627,12,639
33020536,4801,3713,13,3726
87020456,941,765,12,777
54790544,1671,1456,18,1474
33240103,1343,1035,11,1046
43418785,611,615,18,633
22600482,386,177,4,181
76540237,890,582,11,593
32890169,2997,2162,23,2185
43371299,2091,2163,25,2188
43950269,1887,1278,9,1287
11790334,847,406,15,421
65250020,457,374,3,377
43418392,544,488,12,500
54790465,2196,1704,28,1732
76250303,392,113,3,116
76220748,791,418,4,422
32862922,1061,994,14,1008
43691160,704,462,12,474
10540011,1525,944,15,959
33010603,2648,2079,7,2086
76210051,1405,734,13,747
43991332,650,463,8,471
43993435,737,655,6,661
86551825,347,215,7,222
33270072,1437,985,11,996
43620151,394,289,2,291
54890668,752,589,7,596
43690170,714,486,48,534
54540356,1390,987,23,1010
43621062,635,453,13,466
76090305,783,839,12,851
43413735,2695,1679,28,1707
76510526,239,131,2,133
43361119,2055,1462,15,1477
97100737,1957,2052,37,2089
97960045,872,741,10,751
86992497,4292,1687,47,1734
76140929,761,506,5,511
22740094,1660,1205,12,1217
11810944,385,262,1,263
43625561,358,271,7,278
43410574,1122,647,12,659
65660047,376,240,6,246
10100091,2278,1494,32,1526
43350443,1840,1527,9,1536
10490093,58,31,0,31
76101117,949,587,7,594
33020301,5678,4515,73,4588
86740106,1127,452,12,464
33140012,612,486,2,488
33061160,789,914,10,924
76320716,812,592,6,598
43391134,1409,1527,21,1548
97200323,2253,1571,24,1595
54610477,634,512,7,519
97091972,3373,2015,29,2044
10930160,180,98,1,99
10851117,354,235,0,235
22410144,198,133,3,136
76080427,860,724,9,733
10840867,165,114,0,114
32861572,3393,2497,23,2520
32860470,3194,2344,0,2344
86740128,628,333,6,339
22720261,1787,1130,0,1130
11821003,224,128,5,133
76230233,647,434,6,440
22210232,171,123,4,127
86920049,2371,1547,31,1578
32930793,2159,1867,7,1874
22110264,136,114,2,116
32950414,3459,2178,4,2182
98410013,2017,1723,4,1727
33070182,1346,1112,9,1121
65350054,205,103,0,103
21850028,2269,1664,31,1695
33020480,3498,5167,10,5177
11780636,351,259,0,259
10330108,95,82,8,90
54620490,542,383,12,395
33020086,3447,2752,38,2790
43502745,753,330,2,332
76340022,1536,877,7,884
22200107,1314,907,7,914
76340077,1344,745,42,787
43501722,828,598,11,609
33040101,1330,1086,10,1096
33070047,2041,1566,38,1604
32851346,679,760,8,768
22630126,43,8,0,8
11760498,291,195,4,199
76321458,242,195,3,198
11460349,282,217,5,222
43418572,319,195,5,200
32870415,2148,1574,18,1592
54440119,845,561,18,579
76090383,1034,1106,7,1113
11771119,885,577,4,581
10120015,2395,1509,22,1531
76280272,1295,664,10,674
11581028,587,449,6,455
98070059,202,117,1,118
54910593,1023,1327,15,1342
33061193,1351,1605,33,1638
32940851,2260,1624,44,1668
86670074,1461,1083,14,1097
86550688,276,224,1,225
86743154,376,294,7,301
11611190,266,162,0,162
98280164,1648,982,18,1000
43417144,669,467,20,487
32861033,1485,1442,8,1450
43691553,379,221,12,233
11751498,255,172,2,174
33110323,830,715,4,719
43370894,2429,1768,32,1800
11820787,236,125,3,128
32910050,5950,2468,12,2480
10430154,559,332,0,332
10590375,2188,1421,34,1455
43371097,2789,1938,29,1967
54220430,499,491,10,501
76250033,1284,639,10,649
86910206,2176,1426,18,1444
33030391,4585,2679,25,2704
33250496,2699,2014,32,2046
11080729,280,204,6,210
76070088,2261,1400,30,1430
10590522,2292,1903,136,2039
32861741,1342,1197,17,1214
11811215,196,150,1,151
11070212,328,219,6,225
11460530,355,245,5,250
43960079,922,724,21,745
32850211,4464,2110,26,2136
11450067,307,235,7,242
86662569,470,343,3,346
32940941,1089,1001,2,1003
22770109,483,631,25,656
54740112,283,159,0,159
32862023,1373,1166,18,1184
10350021,399,262,2,264
22720430,588,538,9,547
54390067,225,201,8,209
22720104,1867,1291,27,1318
54610039,1984,1085,0,1085
43581900,421,278,3,281
33260240,1599,1011,13,1024
43693218,709,597,10,607
21870301,1656,1135,19,1154
54760114,1381,1198,0,1198
43418640,319,303,4,307
43730153,290,254,4,258
11821036,365,216,5,221
11210038,802,544,6,550
11390699,710,538,2,540
43583878,574,420,11,431
22210142,140,108,6,114
97270218,266,291,0,291
43992287,946,581,14,595
54910414,1207,853,11,864
11760623,270,160,2,162
11570936,294,193,4,197
54650268,2230,1650,35,1685
65330096,62,40,1,41
32960819,1586,1696,9,1705
43582237,2404,1957,25,1982
86992723,384,266,4,270
43480380,597,655,11,666
11580386,458,307,5,312
22820093,153,103,1,104
10550045,973,826,18,844
43570166,1544,1190,22,1212
43410394,1470,1118,20,1138
54200045,646,472,2,474
43990296,385,268,4,272
76480577,397,242,2,244
43415490,1265,916,22,938
43580101,422,277,4,281
22210096,1783,647,13,660
54410239,151,117,1,118
54190155,1024,1049,19,1068
86741859,1371,825,21,846
97091589,3643,2672,14,2686
10030037,1696,1227,7,1234
11810191,784,481,3,484
43691193,696,433,13,446
32863383,958,1321,25,1346
43900141,1214,895,20,915
10430019,1227,947,8,955
43502127,1004,632,4,636
32930816,3253,2013,29,2042
32870224,2060,1700,33,1733
22600112,1691,1243,6,1249
22610089,1028,647,1,648
43415906,479,338,10,348
43620274,656,461,17,478
76280137,873,531,15,546
86743008,656,531,5,536
11760892,400,223,5,228
43622489,312,201,4,205
86660141,1025,572,11,583
43624841,1096,823,21,844
43990432,1327,915,20,935
43400832,2050,1652,46,1698
97120582,1896,1423,27,1450
11831194,306,239,3,242
76190621,108,100,1,101
86661524,905,600,10,610
65280045,1207,910,7,917
43501902,620,418,4,422
33090151,2606,1978,30,2008
22800125,90,62,2,64
86661939,451,226,5,231
11571005,344,244,2,246
10780028,133,50,0,50
76160628,1004,565,15,580
76150548,1177,779,9,788
11070492,581,367,1,368
10590038,2182,1595,22,1617
22820206,190,105,1,106
43991523,483,342,6,348
76260089,1002,586,7,593
43418336,456,414,8,422
43670695,1217,1089,17,1106
33030201,2696,2050,31,2081
76380273,1125,558,6,564
10870916,886,668,11,679
76290396,776,465,7,472
43412611,563,351,2,353
43772081,683,536,10,546
76450158,1751,1064,11,1075
98430161,522,335,5,340
43416378,357,256,5,261
22300018,2012,1206,14,1220
11100272,356,238,5,243
33080262,611,542,7,549
97480019,1588,874,8,882
10390047,178,179,6,185
76420043,2320,1863,19,1882
10591242,880,921,14,935
43690350,769,488,5,493
11751117,246,142,1,143
86661748,2032,1446,33,1479
43670640,556,471,7,478
43415805,1205,986,17,1003
10250693,1882,1133,16,1149
54540907,539,542,6,548
11570734,633,451,2,453
43993479,585,407,5,412
43624773,139,142,0,142
43993277,1400,1115,27,1142
10250053,3439,2526,40,2566
10920226,354,173,2,175
54230037,2159,1548,5,1553
43990971,149,91,1,92
43994380,819,646,6,652
54590047,1577,1075,10,1085
11790176,390,267,4,271
43371659,1960,1373,16,1389
11631002,345,240,5,245
22420673,386,239,5,244
32940884,1336,1054,15,1069
76310164,399,179,12,191
86662514,933,896,15,911
43992669,399,258,7,265
43773879,739,533,16,549
11750857,685,397,2,399
10810808,268,195,2,197
86662064,863,692,18,710
11780849,254,177,7,184
11820912,432,264,9,273
33310156,607,421,4,425
86690188,837,943,7,950
10820865,663,532,7,539
76380734,344,268,3,271
11801191,211,157,0,157
76220951,500,264,0,264
10670453,609,453,6,459
11630887,455,305,0,305
97140461,4619,2972,27,2999
54200023,406,294,6,300
65660104,69,41,0,41
32861998,2316,1809,22,1831
33030481,1148,935,9,944
43992568,611,457,15,472
54230172,549,473,2,475
43570133,2201,1362,14,1376
32860346,2929,2316,15,2331
10400128,80,72,1,73
54790375,1724,1403,20,1423
76110151,2686,1517,31,1548
11310017,1159,706,14,720
11771883,381,244,11,255
97091141,1448,1031,18,1049
10790074,504,322,5,327
10250020,4348,3345,9,3354
86661636,1704,1172,30,1202
10591185,2264,1946,32,1978
54890411,1486,1112,10,1122
43362031,2251,1760,68,1828
43410833,1224,773,5,778
98340082,531,283,7,290
11460541,243,180,2,182
97200312,2900,1686,16,1702
32960415,1798,1271,17,1288
98100165,320,243,4,247
76170696,361,316,6,322
65280078,60,26,1,27
11390138,709,504,9,513
76280553,867,606,3,609
76090271,2776,2271,7,2278
32850143,3237,2304,21,2325
43418730,824,800,9,809
43503971,325,247,0,247
22410065,510,417,8,425
97130987,1560,1197,10,1207
43691227,171,107,3,110
43581236,503,339,8,347
32840276,3242,2607,2,2609
76130625,296,159,3,162
76290947,514,299,5,304
97850043,28,15,0,15
87060034,1395,842,11,853
10930294,385,248,3,251
43772924,443,370,12,382
43417245,339,227,1,228
97091499,2152,1500,14,1514
76200117,892,334,2,336
OVERSEAS,6789,18132,314,18446
