vdnumber,registered,valid,spoilt,total
43502341,1553,1093,12,1105
11780298,796,493,10,503
76080090,1639,1027,14,1041
32951606,2710,1775,30,1805
76250190,804,515,11,526
33250621,891,719,5,724
98280052,3109,1878,5,1883
22200174,932,774,11,785
10841363,221,150,3,153
76250437,1038,523,4,527
22750141,2420,682,0,682
22600369,1088,539,5,544
32890349,1717,1448,24,1472
33060484,2224,1563,21,1584
97090421,3033,2253,10,2263
43992186,487,333,4,337
86743222,555,395,7,402
97130796,1564,1366,12,1378
43350410,948,524,11,535
32862124,2177,1203,8,1211
76291016,465,220,2,222
76170315,861,588,5,593
21970010,842,471,5,476
43500710,386,234,1,235
11780120,532,369,7,376
54620119,636,378,8,386
97520036,899,712,1,713
76321324,109,85,0,85
97120256,2136,1477,0,1477
11772097,398,417,10,427
97280073,2911,2251,9,2260
10890547,308,210,4,214
33010052,4083,3028,29,3057
10590454,1759,1251,5,1256
76220557,1414,836,5,841
32951774,2536,1402,12,1414
11780591,517,372,3,375
54430051,2120,990,26,1016
10910719,77,54,0,54
11810483,621,422,5,427
33060158,5249,3765,48,3813
43360095,2331,1759,4,1763
32900116,5045,3426,22,3448
11070661,214,122,1,123
11200026,1541,1141,13,1154
54130092,698,527,5,532
22420077,1427,855,17,872
43416985,929,723,5,728
11530011,2650,1757,34,1791
54600184,2458,1647,40,1687
43361894,2372,1723,2,1725
86991553,1627,809,10,819
11620639,340,240,4,244
10640012,790,560,7,567
10590162,2200,1616,12,1628
11640169,655,392,6,398
86553030,698,552,10,562
76100699,860,487,8,495
43400764,2704,1819,5,1824
10841037,194,117,2,119
43504534,316,286,1,287
43773633,711,500,7,507
32862719,4057,2610,26,2636
10350010,81,68,0,68
33250047,2339,1716,5,1721
11070436,374,274,8,282
22720306,811,615,10,625
10590634,3174,2137,21,2158
54590126,1628,1109,17,1126
76140200,927,593,8,601
54120057,188,143,1,144
65690062,39,21,0,21
43360994,2110,1703,19,1722
22430045,247,181,1,182
76210680,318,154,3,157
10890143,615,427,4,431
76280362,1202,720,70,790
11752219,230,163,3,166
65140130,708,670,5,675
43450073,254,282,2,284
43770089,416,324,0,324
11650610,186,130,4,134
21861413,478,405,4,409
43500765,1846,1278,19,1297
43410631,660,408,6,414
32861134,1899,1387,24,1411
33260172,2619,1560,11,1571
54870183,2343,1707,15,1722
98400078,2194,1345,6,1351
86770042,1892,1260,23,1283
32952078,3287,1908,6,1914
11580511,624,566,1,567
11631608,504,348,3,351
76350450,751,422,9,431
97110042,2085,1321,13,1334
54880634,484,365,8,373
43640018,2662,1685,16,1701
76080506,401,306,4,310
43500888,1015,707,10,717
43951215,506,518,4,522
54911134,659,793,1,794
10900044,277,204,0,204
10870657,738,539,2,541
32862562,1223,1040,4,1044
54100033,1939,824,1,825
32840681,2748,1807,14,1821
97092119,1828,1122,6,1128
76290903,375,153,0,153
11780276,523,324,13,337
43580088,735,462,9,471
76100420,1606,693,4,697
76450147,2488,1460,19,1479
54620816,300,157,5,162
43430037,580,382,5,387
97530138,423,251,8,259
97200132,1591,687,9,696
43622175,902,579,21,600
33040145,456,391,10,401
10810684,414,274,7,281
76321526,296,190,0,190
11830137,630,430,8,438
97142575,554,538,7,545
22420594,967,486,7,493
86663436,180,141,4,145
32851368,2003,1747,17,1764
76240515,296,351,1,352
22530057,1154,889,12,901
86740151,1105,684,18,702
11631204,223,134,7,141
10810796,228,160,2,162
43692004,947,651,21,672
86992206,310,230,3,233
10080010,2278,1560,15,1575
43400607,997,831,1,832
22650443,335,192,7,199
54830055,2502,1977,15,1992
76280070,1016,520,3,523
32952337,3374,2377,61,2438
22650308,382,263,4,267
43770898,1194,892,19,911
43400843,1886,1680,3,1683
43990757,1123,744,86,830
32980079,5379,3736,17,3753
33250216,2305,1618,15,1633
43992490,961,747,7,754
10940543,390,255,3,258
11090078,85,47,0,47
86550914,432,247,4,251
11630731,462,255,5,260
32890765,949,1041,11,1052
76080696,327,347,5,352
32960538,5962,2608,13,2621
10840070,601,416,4,420
32851212,1898,1202,5,1207
43600047,3411,1970,17,1987
86661108,1965,1414,10,1424
54210349,336,302,2,304
76280429,528,383,5,388
54330072,2605,1681,26,1707
10850408,449,273,15,288
11781211,226,138,4,142
43416165,674,536,6,542
10940071,313,193,1,194
54580215,1038,706,5,711
43951170,306,241,2,243
76260359,559,269,5,274
98130045,1138,826,18,844
86660220,976,577,4,581
33010311,2438,1742,13,1755
11580308,699,453,2,455
11640147,526,302,6,308
10920147,602,396,6,402
11460327,179,113,13,126
10940330,376,235,4,239
86742928,364,224,14,238
86610034,413,300,5,305
11571296,582,360,7,367
11811125,310,212,6,218
43410743,929,646,16,662
43411621,1288,839,5,844
11790716,309,225,4,229
43501250,1297,781,11,792
32863114,886,924,5,929
43620263,426,305,1,306
43418820,871,709,0,709
43362312,417,324,3,327
10870950,527,387,6,393
32862696,4910,2436,278,2714
33060978,2754,1982,37,2019
11750509,275,178,1,179
32870921,2680,1961,15,1976
43583182,567,442,4,446
43950168,1477,986,7,993
43500811,1079,618,5,623
22800013,95,40,1,41
33080161,1836,1433,40,1473
54620715,492,377,5,382
11590590,1157,707,18,725
54410059,303,272,0,272
32951033,3057,2172,10,2182
97091624,3895,3074,34,3108
32960628,2810,1779,19,1798
32850929,2762,2083,9,2092
33250777,1016,1032,26,1058
43584116,628,518,2,520
43417380,1128,740,3,743
54590395,513,367,11,378
76130388,597,348,3,351
43370816,3993,3255,41,3296
43993738,874,669,12,681
86551892,695,359,10,369
32960268,3088,2207,6,2213
43625550,1102,828,11,839
43419270,179,158,3,161
86742827,81,70,0,70
11070830,463,284,6,290
86820767,269,110,6,116
76150458,988,663,5,668
76270530,357,215,5,220
21860085,2448,1837,0,1837
43419089,440,351,6,357
43415557,1166,927,11,938
44030089,1733,1148,35,1183
43416413,253,175,4,179
32840265,1185,565,6,571
98110065,533,357,14,371
33260262,1501,982,1,983
76230457,351,227,2,229
32951998,2450,1709,14,1723
32850884,1894,1356,6,1362
43900028,2222,1249,17,1266
43400696,1501,1306,7,1313
97130909,3692,2788,4,2792
76540103,187,58,1,59
54230251,415,433,8,441
43580730,1594,1249,9,1258
11820529,433,251,8,259
32861369,1443,1056,7,1063
43994335,85,49,1,50
11580117,431,245,1,246
11830126,347,249,1,250
33270162,1854,871,29,900
43412745,2509,1547,28,1575
43582608,800,673,13,686
43570054,1348,854,0,854
32861853,2382,1831,16,1847
10670150,934,583,7,590
22820059,175,113,2,115
22090058,113,69,3,72
43411160,585,438,10,448
10810842,475,358,1,359
97090342,2230,1825,7,1832
97090904,1545,1289,14,1303
11771984,148,111,0,111
11760094,440,236,5,241
43400292,1121,1047,3,1050
54680058,1238,533,1,534
76200274,1597,815,13,828
76130254,622,334,5,339
54320037,1312,789,10,799
10910191,202,136,2,138
54890208,1802,1328,13,1341
43691991,154,102,4,106
32862966,3548,2779,29,2808
33060259,2139,1573,16,1589
76520112,44,39,1,40
10790108,358,203,4,207
97141136,4200,3246,91,3337
43951136,1369,1131,22,1153
97960135,1349,1244,19,1263
11810618,368,206,3,209
43413588,1496,872,17,889
76140042,407,232,0,232
43774814,274,216,2,218
86991104,1408,865,1,866
43950797,2112,1698,28,1726
33190039,1312,1066,8,1074
11070605,283,158,1,159
32910432,870,641,3,644
33240259,1830,1030,14,1044
76351013,292,244,3,247
87060012,1803,1428,25,1453
11631653,257,161,1,162
32860605,2009,1494,7,1501
54120181,296,222,0,222
43360040,3001,2486,30,2516
11630810,232,138,3,141
11240053,1057,737,11,748
11831059,273,185,5,190
11780096,623,388,16,404
11630258,676,419,5,424
11620785,533,342,3,345
43372098,376,393,0,393
22420235,538,289,4,293
76341089,294,203,2,205
86743738,350,340,4,344
33010456,1748,1291,5,1296
43690798,680,472,6,478
43502082,2068,1233,0,1233
11821317,292,177,6,183
10250266,3608,2609,18,2627
11611134,89,61,0,61
43416604,716,619,1,620
86990147,898,402,7,409
32871416,421,477,7,484
76080573,294,279,8,287
86740331,791,541,2,543
97090195,2968,2045,18,2063
32980204,3377,2571,102,2673
43371615,1260,812,10,822
11610122,384,224,4,228
76190283,1010,668,9,677
22110163,36,29,0,29
43503140,1043,837,4,841
43583632,340,204,1,205
32860739,2685,1574,19,1593
11750565,870,567,7,574
11220051,2465,1830,31,1861
76150773,315,216,5,221
11600648,1319,849,31,880
33080048,2791,1946,10,1956
32950290,4063,3257,16,3273
43990601,1238,899,15,914
86990507,413,249,5,254
10820146,623,475,1,476
43550018,1803,1105,10,1115
76420021,3204,1689,19,1708
32850312,2087,1424,10,1434
43417694,518,357,6,363
33020019,3959,2896,12,2908
22820071,1338,1434,9,1443
11750150,576,375,25,400
43720017,1435,1017,8,1025
76190519,958,679,9,688
33000040,3825,2691,24,2715
22410177,399,640,5,645
10590319,1799,1616,27,1643
43773295,937,574,13,587
11630113,755,529,5,534
11071213,384,309,3,312
76250808,752,319,9,328
43730131,1133,962,6,968
22170079,761,616,14,630
33020288,2634,1705,5,1710
86554277,293,239,1,240
10910663,326,217,0,217
33250643,1813,1412,17,1429
76251236,314,184,1,185
54440074,504,391,7,398
97141035,2510,1980,0,1980
43502318,495,334,7,341
65370034,1449,1135,43,1178
76480432,635,371,7,378
54790320,2254,1665,33,1698
33020097,2767,2018,30,2048
10300228,3119,2280,9,2289
54540615,524,472,0,472
10950061,919,548,8,556
43670527,1358,1058,14,1072
11631024,360,182,13,195
86740634,885,523,11,534
76430066,520,410,1,411
54410385,116,128,1,129
10920440,127,92,1,93
54740134,692,495,11,506
76370698,360,207,2,209
65190023,1373,893,93,986
98280085,2190,1440,24,1464
32950807,1729,1264,11,1275
11070559,620,343,10,353
86820936,180,118,3,121
97120571,2034,1435,19,1454
32850817,3574,1697,30,1727
97550095,663,339,4,343
86991250,571,376,1,377
43504769,338,289,5,294
22421663,290,221,4,225
33250339,2980,2120,22,2142
32910263,5520,2420,141,2561
86992138,686,370,1,371
76450484,241,232,1,233
98380154,1778,1205,9,1214
54260298,1484,1200,22,1222
10790591,524,371,9,380
43622142,89,57,9,66
11080897,587,420,4,424
11071785,46,26,2,28
76150032,2499,1344,19,1363
76370700,637,370,3,373
10790681,248,186,4,190
86600055,1619,1180,22,1202
97120223,1967,1364,7,1371
43621028,967,645,0,645
22590132,1693,1183,15,1198
11640248,355,244,1,245
11580892,473,260,6,266
43773093,503,387,4,391
86551375,1072,720,15,735
76390106,1085,560,95,655
64980030,1440,1018,16,1034
43416918,845,674,11,685
10250817,2382,1557,32,1589
43990184,811,613,9,622
32950683,1111,861,6,867
11640305,582,378,13,391
76370531,1315,656,26,682
86740263,673,420,5,425
54320093,1094,833,8,841
43770977,1158,1005,12,1017
32861415,2576,1854,26,1880
22640060,260,152,2,154
86910273,2232,1399,29,1428
43360220,3660,2757,36,2793
21860388,1217,763,9,772
43951192,1985,1611,67,1678
76360822,280,201,0,201
11831004,425,347,11,358
33020569,3846,2725,11,2736
43416558,579,422,7,429
33010030,2818,1901,22,1923
86661973,1808,1085,17,1102
76140985,488,348,0,348
43773374,403,309,3,312
76340178,1196,628,4,632
10890121,539,368,4,372
22400301,351,256,3,259
54510139,1380,1200,16,1216
43670167,2287,1559,27,1586
43991567,407,245,3,248
54610499,1414,997,16,1013
76140930,802,518,4,522
86661782,1336,979,12,991
10820977,326,308,3,311
76400243,631,293,3,296
76150234,888,544,12,556
97091938,1410,1032,0,1032
86663403,251,176,6,182
54540042,1692,1139,19,1158
10871197,379,256,1,257
54330038,2970,2365,15,2380
65130061,1027,809,11,820
22600617,639,498,7,505
11650823,429,319,0,319
43414411,745,575,2,577
33090139,2078,1407,61,1468
43730018,1897,1477,23,1500
32851223,1720,1297,16,1313
11630966,661,393,8,401
43417953,344,415,16,431
43380097,1657,1332,2,1334
54790409,1000,781,9,790
87020018,3871,2544,25,2569
97142373,762,760,6,766
32940503,1754,1464,5,1469
43622388,659,464,5,469
97141844,1611,1234,20,1254
11100283,495,375,6,381
10950320,264,233,3,236
33000017,3692,2582,32,2614
11750486,438,235,5,240
22120287,84,66,2,68
22470049,2434,1786,5,1791
43691878,1727,1240,22,1262
21861727,280,430,1,431
11620730,508,327,2,329
32851357,562,501,15,516
32862371,3368,1920,28,1948
43622692,595,375,4,379
86620079,559,427,5,432
11831420,833,647,9,656
43630039,376,323,5,328
86670287,391,503,0,503
76300668,458,335,2,337
32860223,3287,2514,13,2527
43690068,560,367,18,385
86552039,620,399,14,413
32940176,1604,1183,13,1196
11490027,1288,668,14,682
43370782,2268,1755,5,1760
21861738,836,625,3,628
10300161,2742,1845,39,1884
32950964,3533,2213,13,2226
11751713,138,89,0,89
76520167,211,142,2,144
43412958,402,215,4,219
97410012,2882,1299,20,1319
10030048,628,512,8,520
43470019,1753,1487,13,1500
54250017,885,519,5,524
11490016,1760,1316,8,1324
76260023,2635,1280,12,1292
11630494,646,380,11,391
10251009,2992,2363,21,2384
11690030,439,281,5,286
11781255,338,235,7,242
43361917,1709,1445,17,1462
54790241,1355,1024,7,1031
43670448,2160,1622,25,1647
10820809,698,551,8,559
43504208,320,244,4,248
11830845,523,319,2,321
86551139,518,280,1,281
11650418,630,414,8,422
43416053,2113,1873,27,1900
65350133,48,49,0,49
86920072,678,547,26,573
32930186,1978,1559,10,1569
76480814,396,217,24,241
76211254,656,422,6,428
22820262,89,62,0,62
97140045,2957,2461,5,2466
76481129,230,244,2,246
43360916,3684,2629,68,2697
32841761,776,747,18,765
43361928,1841,1530,28,1558
43880014,454,372,7,379
54160084,350,484,5,489
86552129,731,446,17,463
97092276,5368,3299,51,3350
11740025,1297,1071,26,1097
76380037,477,226,4,230
43413702,1026,709,10,719
43620959,907,604,0,604
32951369,1627,1201,9,1210
87050011,1888,1277,15,1292
76140659,782,496,4,500
32861639,2242,1759,9,1768
97710059,1551,957,9,966
32862786,656,371,2,373
76310388,755,433,6,439
11590444,453,250,1,251
97520328,1086,1028,3,1031
11320041,707,556,6,562
76340583,663,385,4,389
22630104,106,66,3,69
43693320,173,138,0,138
11570071,944,640,4,644
97550028,334,226,5,231
76160190,1180,630,19,649
11620752,953,723,7,730
43775118,312,280,3,283
76300590,405,228,4,232
86742096,63,46,0,46
43412464,1058,926,14,940
76211636,303,261,2,263
43581674,723,523,10,533
97220145,2148,1472,10,1482
33250823,607,833,3,836
10591309,991,921,0,921
43580482,2763,2026,39,2065
11100351,190,117,2,119
10871344,620,480,5,485
43580268,672,491,3,494
76211287,888,609,4,613
43581326,531,388,4,392
10570148,530,405,3,408
86991395,939,478,8,486
22790044,1142,901,8,909
43581865,418,311,11,322
97280242,776,639,4,643
54590294,440,321,5,326
43622535,589,341,4,345
43993918,432,316,7,323
10251087,2058,1913,4,1917
22740016,2756,2143,2,2145
11600356,538,261,2,263
33020435,2826,1786,9,1795
21890011,1950,1393,25,1418
32850682,2158,2065,5,2070
54720086,2452,1955,19,1974
10410028,173,93,1,94
11600165,492,318,1,319
10251829,889,1154,20,1174
43504512,245,227,26,253
76210062,653,304,4,308
11071808,205,149,2,151
32951011,2463,1961,0,1961
86552747,121,52,0,52
76330278,499,260,3,263
65970018,1985,1315,2,1317
43690620,974,649,5,654
43771945,114,78,2,80
54580305,479,350,4,354
11631462,391,232,0,232
43371570,2693,1609,9,1618
65220038,2450,1638,18,1656
32870718,2224,1614,21,1635
11821283,428,314,7,321
43690529,955,740,12,752
86553760,504,269,7,276
43991613,726,534,5,539
32862506,1699,1410,7,1417
22650353,300,181,5,186
11610212,519,296,0,296
54620737,189,113,1,114
32863170,1690,1748,2,1750
97280152,2507,1418,15,1433
11070032,217,117,2,119
43371873,1049,970,15,985
10591039,1658,981,16,997
43990285,648,538,18,556
11590400,298,180,1,181
10250165,2902,2519,12,2531
43691328,509,328,3,331
54610185,1725,1103,26,1129
43583508,733,481,6,487
43503746,323,266,2,268
43411463,1190,823,16,839
76150289,1260,794,18,812
98150014,1573,1078,14,1092
76510458,364,209,2,211
86730172,1863,1376,26,1402
97091747,3732,2576,27,2603
22080204,235,187,1,188
11800820,312,222,7,229
97280040,2400,1218,18,1236
43420126,916,908,3,911
86990114,939,556,4,560
10810572,291,146,4,150
43810017,1569,1268,12,1280
86742074,64,38,1,39
43371817,2318,2861,34,2895
43900084,3266,1852,35,1887
43583126,734,594,11,605
43415962,248,171,3,174
54900086,500,348,15,363
76070077,593,649,2,651
86690087,1919,1369,26,1395
86820352,212,113,3,116
43691913,237,182,4,186
22420819,865,606,16,622
33260138,2164,1639,5,1644
11640338,523,345,3,348
76170180,1126,712,14,726
43360736,2249,1950,17,1967
22210063,2244,1612,31,1643
11820765,89,58,2,60
22560083,146,54,0,54
22430247,153,107,4,111
33150125,1220,927,19,946
33060013,2116,1898,4,1902
43690103,1124,825,17,842
76350146,457,264,3,267
11761095,400,226,4,230
11820967,500,298,3,301
22430090,239,179,4,183
86700045,3276,2231,15,2246
32840164,4102,3067,19,3086
76470183,826,885,5,890
32952045,2785,1298,14,1312
76050121,479,623,15,638
86660938,1739,1351,15,1366
32850592,3021,2378,7,2385
43772429,972,758,15,773
54880139,2375,1768,16,1784
11650092,648,405,10,415
11800325,664,429,5,434
76340066,925,553,1,554
76290970,552,215,1,216
76530089,307,82,1,83
76480881,579,410,5,415
33030245,2118,1164,66,1230
86580210,1491,925,40,965
65900011,2990,2099,11,2110
43991714,1358,1310,9,1319
65090077,1479,1060,12,1072
11751881,94,57,3,60
11780142,587,349,1,350
10380035,295,172,4,176
11800381,745,503,15,518
11590387,453,210,1,211
11770736,829,522,6,528
43994436,527,394,13,407
10250479,2181,1917,17,1934
11780579,358,219,3,222
86690098,3319,2279,39,2318
43413476,633,477,9,486
10350087,68,37,0,37
86660196,1073,604,12,616
11071178,218,145,1,146
32960583,1887,1292,10,1302
86870537,664,538,11,549
54320149,734,630,10,640
98080027,408,233,6,239
11761040,370,241,4,245
54280087,714,599,4,603
33000466,1094,910,15,925
32860920,1621,1310,14,1324
54620254,445,235,4,239
10820359,571,336,2,338
43362211,2964,2304,33,2337
76250820,694,484,11,495
97142193,881,733,6,739
86660466,1000,522,8,530
43994739,303,271,10,281
76350089,1255,662,10,672
43416491,530,374,4,378
65440043,1755,1233,19,1252
11800156,459,283,12,295
32950098,2618,1863,4,1867
54910481,1296,971,14,985
97130448,1409,1092,3,1095
97400033,2423,1345,16,1361
10540055,713,659,6,665
43414455,2380,1642,41,1683
43771956,1240,907,15,922
97090645,1462,1151,5,1156
86552501,1458,1470,8,1478
11080842,426,315,7,322
11591120,296,180,2,182
22600077,1281,971,6,977
43773677,1313,1008,17,1025
43390234,1618,1274,21,1295
10840924,67,39,0,39
11781075,401,210,8,218
33090409,1562,1694,22,1716
54650077,1969,1559,6,1565
11790222,1244,796,21,817
33250272,2657,1864,14,1878
97100366,2693,1881,12,1893
43361388,2448,1752,13,1765
43415647,1058,782,9,791
11060109,1118,727,8,735
43411553,518,336,8,344
76540046,365,168,2,170
76260641,311,309,9,318
11071651,137,93,5,98
44010032,1461,944,11,955
43620308,1753,1209,28,1237
43370748,2985,2264,12,2276
22110107,45,41,0,41
54370065,93,34,1,35
11620976,165,101,6,107
86553007,412,219,13,232
32940783,605,849,16,865
32980439,2907,2561,11,2572
10590207,1507,1236,13,1249
86743457,56,45,1,46
32940334,2296,1747,4,1751
86663324,450,361,6,367
54650101,2922,1903,7,1910
11070896,254,179,4,183
97140427,2387,1589,14,1603
11580869,260,177,3,180
11390723,400,264,13,277
32861077,3288,2185,32,2217
21861233,2060,1604,6,1610
43417335,335,268,3,271
43370557,2276,1846,16,1862
86590200,515,937,15,952
76080517,397,459,5,464
97110277,2909,2234,4,2238
10820438,184,134,0,134
10251526,1707,1200,22,1222
98410057,2267,1197,19,1216
33060732,2923,1421,14,1435
54890578,934,655,13,668
43992131,1138,805,4,809
43417256,1351,1012,13,1025
43670123,1989,1508,22,1530
10940138,425,268,5,273
43692891,592,411,7,418
65440649,905,754,3,757
97550185,376,220,7,227
54620838,207,168,2,170
65890019,1929,1399,7,1406
11450034,184,107,1,108
54660214,49,71,1,72
43584138,292,243,2,245
97200222,1475,714,8,722
86551218,501,371,2,373
11640260,387,215,0,215
10840182,381,251,6,257
76220298,1267,629,9,638
76340842,444,295,0,295
10300385,1940,1501,30,1531
86743659,31,32,2,34
11390161,695,429,11,440
76230222,905,448,4,452
54320150,1449,1271,38,1309
11760779,118,115,2,117
43693005,364,291,3,294
43370063,2616,1805,29,1834
22430067,76,58,1,59
10890031,263,137,7,144
32953103,485,559,1,560
10251458,1879,1430,21,1451
97140696,2711,1966,22,1988
43770696,1361,1010,11,1021
97091433,2304,1522,7,1529
11800538,511,293,6,299
65460023,3425,2140,49,2189
76480780,372,271,2,273
11790547,552,342,38,380
11750060,191,91,6,97
97141260,2051,1579,14,1593
76370924,584,332,0,332
43991691,1935,1475,24,1499
10250930,2630,2028,29,2057
22750365,580,452,16,468
43691924,1001,833,12,845
76450114,1069,513,7,520
22650072,247,227,7,234
86991485,2448,1468,0,1468
54790173,1689,1208,14,1222
33310257,289,278,3,281
43502699,278,187,3,190
76280531,1848,1205,7,1212
76510548,71,44,0,44
22320098,1060,527,85,612
76150504,917,547,7,554
43581562,461,339,7,346
43625077,484,351,14,365
43774443,450,332,8,340
76211681,216,184,1,185
22210085,1560,1034,25,1059
43620689,528,363,0,363
97090049,3186,2409,13,2422
33070160,778,737,26,763
86850074,1575,1137,20,1157
32863091,1034,799,10,809
11630179,365,226,4,230
76100284,774,554,4,558
43480087,2111,1656,0,1656
22400637,236,309,6,315
10850655,184,152,0,152
43412677,1284,998,25,1023
11570329,980,581,7,588
76101106,535,506,2,508
11620291,843,505,6,511
32841132,2987,2029,21,2050
10850419,517,364,6,370
76221176,445,443,5,448
43621321,1568,1034,30,1064
43992861,651,418,0,418
43501812,796,513,14,527
54890590,1115,808,13,821
21870390,2104,1675,32,1707
86741422,186,87,0,87
32951853,4695,3883,13,3896
76280687,375,287,0,287
22490131,388,346,8,354
43390548,3543,2583,37,2620
43504411,411,315,3,318
76280463,1295,814,17,831
76161023,377,207,3,210
33090353,1464,1106,6,1112
32871056,3951,2449,44,2493
22590053,1732,1293,5,1298
86670276,540,495,5,500
10250277,1660,1036,5,1041
43624942,277,189,2,191
97120065,1154,1339,5,1344
76330537,300,172,1,173
97130785,1644,1370,16,1386
11390329,854,487,14,501
11620987,85,38,6,44
97360117,256,162,1,163
10460034,1354,1054,6,1060
43870169,609,643,14,657
43360590,1327,1028,1,1029
43772766,226,169,1,170
76160572,846,519,17,536
97140292,1846,1289,3,1292
10790478,144,97,2,99
76450372,457,335,6,341
10910674,304,179,4,183
11070302,332,201,5,206
76480027,2531,1244,13,1257
11560047,1293,784,8,792
43582743,979,763,12,775
76170629,298,238,2,240
65660069,56,22,0,22
32960178,2425,1783,14,1797
43774106,755,492,10,502
22250056,743,645,7,652
10870242,2386,1445,12,1457
22020118,1309,860,21,881
32930568,3976,2934,49,2983
32840636,1158,1030,7,1037
97130112,3160,2476,7,2483
22400053,128,80,1,81
86990956,839,525,12,537
43772913,121,91,0,91
33030616,816,783,9,792
33020244,2729,1965,21,1986
43418505,696,529,27,556
76210949,1509,817,3,820
54880083,2040,1447,20,1467
10870534,384,263,6,269
43625415,301,207,6,213
11631181,208,143,2,145
87020164,1762,1138,0,1138
32930872,2333,1835,20,1855
54800029,3411,2287,22,2309
11070346,738,431,3,434
43693230,775,702,9,711
97200244,1700,1044,10,1054
76230468,175,115,0,115
33010423,2007,1308,17,1325
11070144,533,332,1,333
11070852,371,242,2,244
54890264,1493,1114,24,1138
43390122,3394,2587,0,2587
76540057,971,632,4,636
33030144,2463,1738,17,1755
10510063,251,138,2,140
22020062,892,620,10,630
65990043,87,64,3,67
43991231,1235,915,27,942
54910087,1890,1172,13,1185
86580232,465,414,3,417
86820431,136,68,5,73
54210114,1918,1385,9,1394
22600134,1949,1364,12,1376
11640428,337,219,5,224
43362132,1513,1113,7,1120
54830022,3689,2781,0,2781
98280175,1047,867,15,882
43370692,1499,1352,16,1368
76170236,1018,609,7,616
33020323,2961,2408,2,2410
43413285,494,332,6,338
10870949,360,215,21,236
11752286,340,309,4,313
43900039,1973,1122,13,1135
76310108,700,429,6,435
11800954,622,454,3,457
10870927,464,371,11,382
10590735,4017,2885,12,2897
11831217,724,526,3,529
33020468,1790,1492,6,1498
65530100,314,191,3,194
10090088,2382,1238,13,1251
10940363,163,78,0,78
54300013,2526,1750,30,1780
32930894,1132,818,13,831
65040016,936,682,11,693
22720036,2158,1371,16,1387
11600963,431,283,5,288
10840171,475,313,5,318
43413836,1725,1079,16,1095
32950469,2587,1331,7,1338
54470134,381,297,3,300
43580729,841,585,6,591
54540110,1151,728,6,734
44070061,2099,1306,0,1306
11771265,797,463,62,525
32980125,4642,4011,11,4022
32951932,3539,2980,13,2993
11820282,671,330,2,332
76320570,460,196,1,197
43360309,1695,1095,7,1102
10950128,518,340,4,344
11821351,323,216,12,228
43450051,1306,1128,15,1143
22120074,259,180,2,182
76320806,1919,987,10,997
54880229,1607,1278,5,1283
10870938,243,152,0,152
43950764,1510,1257,62,1319
97141800,3815,2323,36,2359
43371569,1153,826,9,835
54890073,373,178,2,180
54790858,771,850,13,863
86910598,1155,1195,0,1195
33000309,4333,3542,9,3551
43582912,755,634,5,639
76101421,397,324,4,328
76210376,601,358,9,367
98400124,2567,1711,8,1719
22600055,2169,1390,38,1428
76220209,1357,801,21,822
76210196,1925,1043,19,1062
76480230,1276,673,10,683
43622377,340,192,3,195
11780029,919,585,15,600
43413342,811,626,8,634
10870264,449,262,6,268
10591387,331,294,3,297
76240278,2246,1295,12,1307
32960101,1673,1188,11,1199
54410341,74,65,0,65
33030223,2722,1971,40,2011
43411485,397,272,3,275
98290019,2721,2021,23,2044
76101094,647,433,3,436
86870076,2168,1538,29,1567
43390874,2979,2516,37,2553
10251100,2381,2136,2,2138
32940963,957,797,10,807
10251818,5407,3586,87,3673
11591041,587,382,3,385
11580263,1005,629,10,639
86662301,1983,907,16,923
54610286,1129,878,16,894
76300477,1580,924,24,948
11650104,525,223,5,228
10940521,990,811,9,820
54570405,620,553,7,560
76480410,70,43,0,43
76310030,616,360,4,364
65440380,3373,2377,46,2423
22620068,883,630,8,638
43625370,964,699,18,717
97710105,1267,700,7,707
43992973,1398,1056,14,1070
43970047,715,700,16,716
32930681,1490,1191,11,1202
43773532,614,430,7,437
43503881,1460,1009,11,1020
22490120,624,488,8,496
33010209,2938,2252,27,2279
33170048,2914,1737,10,1747
86661232,1707,1113,0,1113
10890435,184,125,3,128
10251380,1387,1080,13,1093
54780015,771,603,3,606
33000365,2178,1735,11,1746
76220894,874,484,0,484
43411025,889,623,9,632
10850802,535,385,3,388
76060054,1451,844,10,854
97142014,1649,1245,15,1260
54890534,1708,1324,34,1358
65370056,493,380,2,382
11630797,416,188,2,190
43625594,1053,861,16,877
43400067,4367,2934,16,2950
43790014,1442,1090,19,1109
22120221,408,333,4,337
10910528,622,357,9,366
97280017,1915,1088,12,1100
11100115,466,325,4,329
97980058,418,372,3,375
10790333,240,129,4,133
86992543,908,602,8,610
86552837,309,230,5,235
97730028,1311,916,8,924
54750023,1468,1136,8,1144
43581023,247,173,1,174
43950146,3235,2011,29,2040
43502453,597,416,5,421
11751432,429,272,2,274
11390149,1339,632,14,646
43691003,501,369,6,375
33250801,1581,1288,18,1306
76210578,1288,523,2,525
54790274,2919,2003,10,2013
33061182,829,950,11,961
76510032,177,78,1,79
86554200,576,515,6,521
86741376,923,566,0,566
43416031,931,724,15,739
21870402,1890,1337,16,1353
43951114,1381,1245,21,1266
10950296,491,380,2,382
43600351,1478,1430,23,1453
11770758,807,515,5,520
33000062,4140,2724,38,2762
76320929,690,465,1,466
43992298,1146,705,11,716
21860074,2339,1981,0,1981
54890950,282,278,2,280
54740190,519,471,4,475
43503511,1484,1041,6,1047
32860166,3918,3127,17,3144
86870515,627,600,7,607
86550419,783,469,4,473
22260057,1093,806,13,819
86660994,995,756,9,765
22421898,116,104,4,108
43417054,1308,1230,11,1241
11570891,471,328,1,329
32940075,2786,1772,25,1797
54510050,2825,1814,24,1838
11570206,374,254,1,255
97520092,1469,901,16,917
22540148,1971,1321,23,1344
97830186,335,207,0,207
11630944,260,160,0,160
76120152,675,398,8,406
86552488,375,255,8,263
21870637,474,411,6,417
11460271,229,170,0,170
33000130,2170,1539,99,1638
11080202,489,268,5,273
43624964,379,295,4,299
43361939,1485,1311,22,1333
65440199,2558,2005,42,2047
33060956,2675,1798,32,1830
11800842,411,289,5,294
10920484,383,263,1,264
54620388,378,241,2,243
32860368,1851,1467,2,1469
76210152,1477,856,3,859
76260247,239,218,1,219
86740443,1154,534,9,543
43581102,309,217,5,222
43414400,852,642,27,669
43570177,1027,792,8,800
86550341,295,113,1,114
43771710,545,425,4,429
11631901,272,183,1,184
54910155,1512,1063,15,1078
54900031,1304,833,31,864
76230187,1353,765,3,768
32860818,2233,1555,1,1556
22630182,65,40,1,41
86552152,1229,633,12,645
10910641,163,98,0,98
11590062,341,230,7,237
65090392,152,324,8,332
43990274,394,257,10,267
43625022,85,50,0,50
54490068,739,598,7,605
86553636,297,224,3,227
11761208,219,166,0,166
43951237,1206,1112,0,1112
21861873,221,226,4,230
10820933,649,499,3,502
10250985,2870,2100,15,2115
11570262,804,467,9,476
76520202,196,219,5,224
54220036,918,623,10,633
43730029,1731,1103,7,1110
76290576,1249,369,3,372
76360743,316,230,1,231
76360608,563,345,2,347
32930434,1997,1221,19,1240
11620044,230,128,15,143
76280621,527,357,10,367
54910841,735,575,4,579
10910157,239,124,3,127
76320637,659,311,6,317
86991249,855,485,3,488
43991747,582,464,4,468
33290041,816,587,13,600
32890608,4178,2896,18,2914
11080033,950,504,14,518
86992699,439,315,8,323
54540671,970,709,10,719
11590433,336,189,19,208
76490017,1243,887,11,898
10840463,329,212,2,214
10841071,181,122,1,123
76270057,1141,699,7,706
43570021,1115,771,4,775
54470055,159,91,0,91
11070010,290,169,3,172
32951101,3476,2867,6,2873
54700028,644,553,4,557
32953079,712,764,7,771
76370384,152,67,0,67
97110525,2428,1771,0,1771
33030559,963,912,7,919
43400719,827,773,0,773
43418000,1283,1024,0,1024
97090982,2022,1365,28,1393
43410620,441,187,1,188
43504017,292,234,0,234
33270353,41,43,0,43
86820576,178,66,0,66
11820495,535,302,5,307
43504826,485,402,10,412
43501205,826,551,7,558
11800482,822,539,11,550
10950229,267,188,4,192
11630102,389,191,3,194
86741196,675,390,2,392
11560137,1603,1102,12,1114
11751241,1402,998,24,1022
43775129,387,337,0,337
43413544,2862,2011,14,2025
11600176,823,449,58,507
76490073,229,119,1,120
65620010,1911,1379,21,1400
43774320,831,633,14,647
11460080,340,185,0,185
43990106,279,184,5,189
54440366,284,205,5,210
98110087,283,171,1,172
43622827,1307,1011,16,1027
43416862,305,235,4,239
22820228,117,69,2,71
76100756,379,205,3,208
76330021,686,322,1,323
97110121,3846,3073,12,3085
97200255,3742,2348,27,2375
44070027,1560,1069,12,1081
22650454,61,42,1,43
10251740,1256,971,11,982
76080607,318,219,3,222
98400012,2544,1640,8,1648
43621613,398,274,0,274
11770725,660,364,8,372
43625538,1087,886,16,902
33070193,1434,1256,67,1323
33090218,2606,1798,1,1799
10300172,2173,1536,18,1554
97960090,2088,1793,4,1797
43361041,2123,1722,13,1735
22420022,772,400,19,419
33040077,2442,1579,4,1583
43610037,1996,1751,53,1804
43990780,770,558,2,560
76330267,1613,882,6,888
76270361,566,323,3,326
22090070,67,38,2,40
10770027,548,449,0,449
22740128,1467,1060,8,1068
11750217,802,524,5,529
86553737,439,336,3,339
86992341,470,309,3,312
10670015,1520,952,0,952
76290600,840,316,0,316
22150190,790,574,5,579
86740588,518,295,5,300
11590848,373,233,7,240
86741725,173,67,2,69
11060064,1222,810,4,814
43414804,918,762,8,770
76450316,408,255,4,259
10910269,477,234,0,234
33030436,1437,1137,9,1146
33030076,1488,1267,6,1273
54410318,1113,1043,12,1055
32841413,3127,1988,58,2046
32861819,1946,1484,23,1507
21860827,1559,1220,13,1233
11601111,348,207,3,210
76481174,337,269,1,270
33061014,1578,1373,22,1395
33290052,588,440,8,448
22800147,63,55,0,55
97131090,1989,1489,14,1503
43993525,949,648,0,648
43412947,740,539,3,542
97140360,1777,1435,9,1444
11800268,474,279,7,286
33170082,1837,1293,6,1299
54540200,2111,1172,47,1219
11290081,317,282,5,287
43994582,383,282,5,287
43418112,615,504,10,514
86870504,666,555,4,559
97090791,2795,2100,17,2117
43583777,1294,1078,27,1105
86740094,853,469,4,473
22410212,32,13,0,13
86551555,957,444,9,453
43412868,1872,1316,16,1332
11771399,1260,757,27,784
76100543,1445,863,0,863
43620454,639,470,2,472
43951248,1452,1552,11,1563
22820307,1374,1078,11,1089
32951471,1956,1307,3,1310
22720418,451,385,6,391
43520037,293,220,1,221
86550835,1026,742,20,762
54890725,171,122,1,123
54790667,1051,904,1,905
76380060,490,254,2,256
97820174,732,669,19,688
86660477,1076,586,0,586
22200039,1779,1046,8,1054
22120276,123,94,0,94
22790022,1132,816,11,827
11580016,1605,942,24,966
11771221,872,567,11,578
97091578,2118,1271,9,1280
54470077,412,266,4,270
32850277,2818,1916,3,1919
43693274,405,345,7,352
11810629,387,240,2,242
76080416,704,691,1,692
54580259,679,510,10,520
43450039,2541,1674,17,1691
97960124,444,378,4,382
10850431,648,463,7,470
11570958,568,359,4,363
22220019,2060,1485,35,1520
43581742,651,470,10,480
98430240,1013,678,16,694
43994111,571,417,9,426
11601076,263,184,4,188
97540241,667,368,3,371
11590040,573,316,13,329
32951752,4246,2335,2,2337
54220058,1082,680,0,680
43774892,587,438,6,444
76211445,613,475,5,480
10840946,158,101,3,104
86662503,2047,1274,19,1293
10590791,2225,1365,14,1379
11630315,452,251,10,261
11160166,185,130,0,130
43360815,5175,4060,15,4075
86820914,264,163,0,163
54450031,453,367,7,374
54120068,463,332,4,336
33330024,792,489,7,496
54890589,1016,711,13,724
43582956,348,284,6,290
21861132,1556,991,21,1012
43620117,1172,868,0,868
43625695,689,497,10,507
10670374,1597,1179,13,1192
43693263,427,396,4,400
76500031,142,42,1,43
43970014,2018,1384,25,1409
21870705,537,484,8,492
86820475,131,79,3,82
86821094,1830,1544,34,1578
22400110,309,237,3,240
54880050,1815,1422,29,1451
43620319,333,228,5,233
97830063,375,287,4,291
76100442,1008,506,5,511
43621545,460,310,10,320
54600319,1570,1442,14,1456
76290510,405,154,1,155
97370028,334,149,3,152
76370632,751,402,1,403
76130669,363,278,1,279
11620280,578,356,6,362
43993143,976,779,22,801
54570269,1033,538,5,543
76090114,3208,2204,16,2220
11610975,705,480,6,486
10850970,213,152,4,156
86550464,545,369,3,372
10460067,329,455,9,464
54620096,1325,763,6,769
33250799,628,688,4,692
32871102,1233,1065,17,1082
11751555,455,323,5,328
11780131,864,592,0,592
11590264,427,243,2,245
11571106,519,325,5,330
22030018,730,785,16,801
76140402,664,453,1,454
10920350,488,347,4,351
11690052,613,392,6,398
22700102,743,569,4,573
54540176,236,51,3,54
43411092,699,483,5,488
11610346,315,183,4,187
43362143,1362,1158,7,1165
86991328,460,339,7,346
65680061,85,60,2,62
86661647,1988,1441,24,1465
33061003,3310,2186,30,2216
54460043,369,299,11,310
33080172,2024,1494,20,1514
43418202,240,215,3,218
11600233,656,408,15,423
76060144,2315,1390,15,1405
43773611,1306,1146,12,1158
65400038,149,182,2,184
76200128,680,385,4,389
43583463,1375,1196,24,1220
76170337,1255,835,9,844
32910140,4631,3576,6,3582
33020255,2236,1403,18,1421
76540192,334,176,1,177
10250378,2250,1610,28,1638
54330195,469,573,6,579
11460529,262,204,8,212
33010355,4532,3468,51,3519
43418101,437,383,6,389
43771260,703,572,14,586
86870403,1088,782,7,789
43991837,396,274,9,283
76211715,307,228,1,229
32863046,289,207,0,207
22210221,470,393,8,401
32951527,2160,1312,8,1320
54410374,179,169,0,169
97910051,1548,993,19,1012
86660321,926,580,9,589
43430082,963,993,8,1001
86550048,1467,801,9,810
43412318,1334,976,20,996
11820417,444,277,2,279
65080010,581,451,2,453
86960076,1104,816,9,825
76140097,1067,725,2,727
76280812,405,354,1,355
43400225,3398,2674,50,2724
86590176,1179,1034,6,1040
33240406,668,562,9,571
11770310,1351,722,13,735
54740055,1717,1218,22,1240
10940712,317,214,4,218
33060350,1797,1452,12,1464
97120201,2928,1919,2,1921
54510094,1161,895,5,900
86870098,2043,1353,23,1376
54530030,2391,1586,23,1609
43774296,115,91,0,91
33250698,2351,1798,21,1819
22120232,128,93,1,94
43625628,146,113,2,115
10250154,4091,3344,9,3353
22330099,388,311,6,317
43625820,274,220,0,220
32861932,2762,1956,15,1971
10850846,135,93,2,95
43582709,888,672,10,682
22400233,415,319,8,327
32951550,2034,1441,18,1459
54240027,491,426,3,429
54140059,2533,2180,29,2209
76110173,2354,1779,8,1787
76450338,355,254,5,259
22420606,1800,1199,38,1237
43416198,732,503,0,503
43773251,2312,1834,24,1858
11071695,222,160,1,161
97540162,1069,466,8,474
22590042,1430,1060,10,1070
11771658,351,266,6,272
10590230,1838,1284,75,1359
43930076,576,608,2,610
22090069,90,58,1,59
11801090,207,142,2,144
43771675,228,178,4,182
97141080,2341,1723,19,1742
86742793,162,116,2,118
76290082,732,342,8,350
98170038,1101,780,17,797
76211221,1331,701,5,706
86870548,775,718,13,731
22630216,161,76,1,77
43621400,1475,1040,31,1071
43372054,1563,1322,6,1328
43504297,345,293,5,298
65980109,42,26,2,28
11751454,454,314,7,321
76211074,1094,724,3,727
43693128,358,288,8,296
43625909,1079,900,17,917
11751959,301,209,7,216
86660152,1161,660,17,677
65530087,223,103,0,103
97142306,2234,1545,13,1558
54620175,575,268,1,269
11631912,123,89,1,90
11640327,494,306,6,312
10100114,981,704,9,713
32862449,421,240,3,243
11761152,850,576,14,590
54880612,566,430,6,436
97142003,3284,2316,25,2341
11631282,245,123,2,125
86870559,723,804,9,813
11080640,320,186,5,191
87020502,2737,1550,16,1566
22421584,353,269,8,277
86620068,918,738,23,761
76150739,380,270,4,274
11620741,669,399,14,413
43991893,1003,727,19,746
43500114,639,415,4,419
43900163,418,533,6,539
97090027,2496,1970,7,1977
33060877,2008,1663,6,1669
86820059,260,158,10,168
76360888,560,480,2,482
10810077,588,340,0,340
76050031,2635,1797,6,1803
76160910,296,261,3,264
43504028,163,132,0,132
43419180,462,395,8,403
11760274,343,232,2,234
76210961,348,176,2,178
76340167,246,159,0,159
54400069,255,147,0,147
97680022,2368,1508,14,1522
11751544,295,202,2,204
22400356,189,90,0,90
11820114,561,296,2,298
54220069,1425,815,30,845
22450036,1519,1080,9,1089
33090498,680,777,8,785
21860232,2654,1731,6,1737
86742085,51,39,0,39
10870028,661,437,2,439
97090768,2378,1772,10,1782
43583722,483,368,4,372
32952832,733,1296,3,1299
10911024,151,97,0,97
22150167,1648,1267,11,1278
43418426,748,780,11,791
11580432,450,314,6,320
54790803,612,672,3,675
32960156,2106,1477,10,1487
54570371,755,463,0,463
86720047,2086,1379,6,1385
43621725,678,537,11,548
43500024,254,216,1,217
43625246,744,517,10,527
65500118,64,42,0,42
97110211,3710,3221,0,3221
97710149,425,570,5,575
21860052,1315,991,4,995
76190216,821,553,5,558
10840407,385,191,4,195
76370935,174,108,0,108
43502835,480,359,4,363
10890211,497,315,4,319
43584330,1727,1596,8,1604
43774252,552,483,7,490
11180034,191,139,1,140
76060234,2357,1617,16,1633
11591311,155,85,9,94
32841211,2217,1150,16,1166
22420910,819,409,7,416
11751263,441,257,6,263
54890152,1040,773,20,793
76351046,236,160,6,166
22420404,807,563,9,572
43390649,3796,3190,26,3216
43610015,1761,1050,15,1065
10790401,276,146,2,148
22690098,785,601,4,605
97830209,617,340,8,348
54310025,548,499,5,504
11810146,202,99,5,104
98100064,872,444,14,458
32850761,3309,2704,13,2717
11040017,983,746,8,754
32960189,1280,988,10,998
11570116,401,251,0,251
11580960,467,289,2,291
54100011,1658,1139,133,1272
11821137,187,123,1,124
86661254,729,451,2,453
43993615,545,359,38,397
11620707,248,156,1,157
11600615,1091,612,8,620
43501261,1781,913,10,923
43412396,570,399,3,402
76400298,1167,635,2,637
43416288,252,202,4,206
43410440,1186,862,20,882
33090410,3341,440,7,447
76140222,876,519,3,522
43417582,952,679,8,687
86660343,1163,715,25,740
11600570,745,470,8,478
43994144,419,352,3,355
43771068,689,601,4,605
86870492,264,269,2,271
43990476,437,271,6,277
76140378,425,217,4,221
32861730,2736,1962,20,1982
10230028,662,460,8,468
86662312,1900,1278,5,1283
43371323,2076,1606,8,1614
43414590,1976,1455,22,1477
32940435,2659,2106,6,2112
11071011,272,186,0,186
76380183,1180,612,11,623
86930073,988,411,9,420
65440177,2570,1849,22,1871
22430191,220,172,1,173
22421562,406,270,6,276
21861547,619,620,6,626
97090522,3065,2197,11,2208
76450192,1700,1229,9,1238
11751623,358,258,2,260
97140225,2611,1676,18,1694
97100490,1539,1215,5,1220
86552602,1118,636,3,639
10400016,910,654,4,658
10950038,552,335,7,342
76270259,2204,1182,7,1189
54590441,720,569,11,580
10250389,2283,1551,38,1589
11630427,614,380,5,385
54650167,2235,1689,23,1712
97141338,5283,3564,77,3641
43580303,1100,916,14,930
32840816,2392,1592,27,1619
10810752,182,114,3,117
76341124,131,128,1,129
22430056,269,209,3,212
65650013,812,746,9,755
86820385,280,186,4,190
21870367,1644,1156,18,1174
43584295,259,214,2,216
54120035,361,293,3,296
22520012,1717,1145,16,1161
32890338,1363,1088,10,1098
43500158,850,646,6,652
97130167,2091,3402,6,3408
64980029,388,269,1,270
33250070,3068,2550,7,2557
22810081,137,87,1,88
43350296,3174,2572,21,2593
32960695,2877,1786,10,1796
97140180,1910,1276,13,1289
43502925,319,202,4,206
65980110,75,40,0,40
76340268,535,316,1,317
76270372,1485,982,15,997
32870730,3479,2407,40,2447
76220423,1586,869,3,872
76110285,284,293,4,297
22421269,796,504,4,508
33060710,1456,1203,3,1206
97140753,2810,2269,2,2271
76080494,233,206,2,208
33060024,2373,1720,32,1752
76380497,332,237,7,244
43991400,559,405,3,408
43430026,2040,1480,8,1488
76420100,570,491,5,496
54790577,1118,1027,7,1034
22190026,832,564,4,568
86900159,404,192,2,194
76340156,363,207,2,209
86990596,1383,809,0,809
43584161,452,376,2,378
43994762,448,446,5,451
76520055,367,224,1,225
10670105,1606,1074,14,1088
11780377,920,566,21,587
22630283,85,41,1,42
54670259,568,458,11,469
32951695,1954,1222,7,1229
33280084,5468,3616,47,3663
11460316,485,321,13,334
11720034,112,75,0,75
76360114,663,324,4,328
43350252,2083,1473,21,1494
76500233,208,146,7,153
43500866,887,559,0,559
54420140,1612,1520,22,1542
10810673,399,262,10,272
11600761,644,363,4,367
10460090,1288,1426,10,1436
86743020,1387,850,23,873
11600019,1092,636,11,647
54910616,2020,1414,14,1428
97141686,2735,1859,21,1880
97130190,5175,3488,56,3544
86553186,2462,1379,38,1417
22620046,1378,982,9,991
54570281,1021,467,11,478
76341012,477,263,4,267
32850840,4306,3313,7,3320
43361816,2019,1471,11,1482
54910986,418,401,1,402
43480223,1617,1001,14,1015
22250067,758,679,23,702
32950032,4031,2747,14,2761
43950371,1542,1281,20,1301
54230059,2359,1648,17,1665
11751926,413,276,4,280
43691687,475,365,5,370
43692532,268,191,6,197
10870400,455,295,3,298
43415209,461,375,6,381
76221143,564,555,5,560
43621309,502,305,5,310
43413971,553,357,4,361
43411788,580,396,7,403
97960056,2675,2110,15,2125
76360675,309,194,2,196
76280036,1153,696,8,704
54880577,447,386,1,387
43414983,409,264,4,268
54410071,260,175,3,178
97090533,1055,871,6,877
86741398,879,528,10,538
97091501,3601,2562,14,2576
76380015,834,432,10,442
54570191,1062,620,7,627
97280196,1640,1188,3,1191
43992164,528,373,1,374
76320301,502,331,0,331
11631585,409,218,2,220
10910573,602,382,10,392
11160144,139,87,1,88
54610589,505,568,10,578
32890585,4658,3116,12,3128
22150066,1652,1229,16,1245
11821216,414,286,0,286
22430089,188,130,1,131
97110222,3419,2549,68,2617
33000400,810,608,7,615
76140075,656,421,3,424
43770506,476,323,1,324
86990057,338,240,1,241
54220294,227,167,3,170
76100026,1473,916,34,950
65580048,1078,1055,3,1058
86650016,916,567,15,582
32940266,1872,1394,23,1417
86740083,1049,690,13,703
11790042,833,558,7,565
10910012,313,179,2,181
43583306,888,628,11,639
97840042,985,574,1,575
86992385,991,582,23,605
76370104,697,393,1,394
43360781,2954,2450,62,2512
97090229,3025,2012,21,2033
32862270,4305,2898,0,2898
33000152,2805,2025,21,2046
32861190,1962,1423,18,1441
10590331,1615,1206,13,1219
97530240,2091,1278,24,1302
43350533,491,286,2,288
11600143,1022,580,11,591
11631541,229,133,3,136
86580175,941,627,11,638
76280171,1381,816,5,821
10850183,473,273,5,278
76100172,1322,625,9,634
43690057,908,610,3,613
11631866,857,552,6,558
32861808,1775,1370,9,1379
86990350,1364,899,8,907
43622467,570,412,2,414
87010051,2920,2020,14,2034
43692600,147,118,4,122
11830856,468,328,4,332
54570247,1198,669,13,682
43951147,517,454,18,472
43500620,466,318,3,321
65520121,111,93,3,96
11620077,704,406,0,406
86662031,1713,1071,10,1081
43692262,841,496,11,507
86740612,772,398,14,412
43413713,1354,911,13,924
11100294,395,260,3,263
43670088,1828,1349,1,1350
32860155,3317,2530,14,2544
43361120,2505,1901,53,1954
43670257,2128,1423,40,1463
76320930,853,441,0,441
22100027,562,355,9,364
65290125,88,58,2,60
22700056,1821,1067,10,1077
11770578,1379,879,27,906
11830801,336,243,4,247
10820483,715,455,7,462
43991118,517,390,6,396
22430382,357,329,6,335
86662165,1587,1146,19,1165
11601032,210,140,0,140
43411665,849,648,13,661
76260449,558,380,26,406
32890866,574,643,7,650
11750026,339,185,6,191
33090296,1764,1415,2,1417
11820901,220,138,2,140
11460518,590,411,9,420
86551331,1108,706,14,720
76090293,1315,906,3,909
11650755,648,445,10,455
11752039,316,228,5,233
10730157,128,100,2,102
65990021,305,171,3,174
76220759,790,432,3,435
10240030,2088,1487,15,1502
32951257,2388,1667,14,1681
22421405,894,739,14,753
65330119,42,34,0,34
43692105,699,489,8,497
33070227,958,734,3,737
76160437,1697,880,17,897
32840580,3394,2806,8,2814
11071280,284,211,2,213
11460473,241,175,6,181
10820551,166,107,1,108
43774061,967,803,15,818
22070067,584,481,12,493
76170348,1257,863,14,877
86743503,437,252,10,262
33270061,1359,763,15,778
54500015,1947,1378,9,1387
87020243,1947,1150,10,1160
11390510,333,201,5,206
76420010,2893,1822,15,1837
11821148,361,220,2,222
86821207,291,282,9,291
65800032,849,590,11,601
10840632,244,152,3,155
43418875,486,498,1,499
22400615,66,46,5,51
11631530,429,270,6,276
43581146,532,351,8,359
87020254,2579,1730,44,1774
21861794,112,116,0,116
32910128,4465,3243,74,3317
11611044,525,344,4,348
43502644,667,482,2,484
76330526,232,176,0,176
97760010,896,425,4,429
76250909,362,284,1,285
76350922,739,514,8,522
54460021,214,161,2,163
54590193,1518,957,18,975
11570688,646,361,6,367
10330030,132,68,2,70
10240018,4061,3190,8,3198
86990338,891,575,14,589
43990061,319,244,4,248
43380299,2313,1858,1,1859
86820510,640,456,10,466
21860423,1269,892,16,908
86551915,464,306,7,313
54140060,1650,1144,14,1158
10890053,695,453,5,458
43417762,346,279,6,285
54570427,432,280,1,281
22650195,318,237,5,242
54610196,1150,674,19,693
11780210,1115,857,17,874
21860467,2195,1473,12,1485
54360042,255,213,5,218
97120054,1813,1870,10,1880
33060057,2401,1833,19,1852
87020591,1377,1499,14,1513
87020524,555,669,0,669
43503735,179,135,2,137
76211366,415,261,5,266
32890451,3270,2196,58,2254
11620763,532,331,4,335
43419225,312,532,2,534
11771793,572,323,6,329
43994638,825,742,12,754
54860025,813,370,7,377
43580134,357,257,6,263
76160549,975,581,18,599
43415120,716,320,4,324
97100917,2169,2189,2,2191
11820237,257,160,0,160
11780355,393,247,7,254
76160729,242,154,5,159
54570236,1387,848,14,862
33310055,1097,673,4,677
97280253,728,510,3,513
10310038,136,119,0,119
43480267,1482,1175,16,1191
54230060,1977,1345,23,1368
43600340,817,743,12,755
43500181,964,579,16,595
76270158,547,292,4,296
76050132,268,226,2,228
11752107,173,115,4,119
10840328,445,307,4,311
76160831,925,525,11,536
97540151,721,303,6,309
97110109,1320,936,15,951
43774151,260,203,2,205
22380061,1054,726,12,738
10851083,504,357,9,366
43870114,1998,1723,8,1731
22480017,1860,1314,30,1344
43951057,712,584,5,589
54890466,817,621,5,626
54680171,519,366,5,371
11820530,723,428,8,436
22300029,473,381,1,382
11590398,379,210,5,215
76190182,1251,703,19,722
43400258,1824,1444,12,1456
11780300,665,407,9,416
11780872,514,377,7,384
10250503,6195,3523,36,3559
43417717,350,288,1,289
43775499,381,344,3,347
11570554,470,280,4,284
43771282,624,530,5,535
86990754,757,512,9,521
86992576,633,453,2,455
22420707,875,627,9,636
76350034,1044,585,7,592
86991991,862,535,10,545
22150112,1315,1012,9,1021
33240170,1142,619,11,630
97270050,1551,821,15,836
43650042,1056,933,17,950
65000179,573,601,1,602
43993424,1832,1507,27,1534
22750185,1245,1004,16,1020
76240403,596,439,5,444
87020388,1539,1211,25,1236
11750329,273,136,7,143
65000258,600,526,6,532
65990087,18,20,0,20
43412521,1926,1695,17,1712
43990623,812,596,10,606
33250384,2270,1803,10,1813
43504332,361,286,3,289
22820149,965,749,8,757
10840935,333,209,8,217
32940918,1599,1717,21,1738
43414905,416,256,7,263
86660668,1227,850,2,852
87020625,866,947,9,956
43740233,2091,1711,14,1725
54280021,2392,1794,49,1843
76210264,831,435,8,443
54620209,1954,1017,21,1038
22410414,219,114,5,119
97091152,1477,1077,18,1095
98280096,1807,1064,9,1073
32870011,5436,4837,16,4853
86960122,712,635,15,650
65440559,912,829,5,834
10400083,1489,1003,12,1015
66000068,41,37,0,37
43400472,2716,1927,22,1949
76470206,602,464,4,468
11630382,517,266,8,274
43370412,2684,2146,32,2178
76080685,202,410,2,412
97360072,547,345,3,348
32930456,2756,1929,23,1952
97091815,2555,1811,24,1835
32960437,2664,1864,88,1952
11611156,164,115,0,115
54220250,409,328,10,338
10250019,5853,3766,16,3782
22640318,115,41,1,42
54620647,485,368,8,376
76510481,747,474,18,492
76160897,460,354,8,362
43414501,1718,1340,16,1356
54830011,3554,2623,24,2647
98050024,1341,1113,4,1117
43690226,1450,1113,24,1137
66010070,26,31,0,31
43350094,3255,2432,37,2469
76250459,919,533,9,542
86551656,1511,909,30,939
43360792,1040,752,8,760
32840995,2321,1723,34,1757
54360031,589,338,8,346
43993884,214,169,1,170
43600395,1096,1012,10,1022
22430269,70,40,0,40
11630539,740,382,3,385
21861750,852,690,8,698
22780032,1793,1218,16,1234
11460552,414,300,2,302
54440276,531,383,11,394
65690051,61,40,0,40
11750206,535,275,7,282
76100633,542,261,3,264
11390521,599,396,0,396
65370067,187,211,3,214
43504545,447,357,1,358
32890822,978,966,10,976
32930737,3087,2560,5,2565
76150605,708,531,7,538
22720339,1005,673,12,685
11771120,445,292,7,299
54880544,615,557,6,563
33090094,2243,1618,16,1634
97090252,3408,2364,12,2376
98410114,1836,1328,11,1339
97300021,1248,869,9,878
43991501,488,367,3,370
43500079,1432,976,10,986
97140034,3387,2957,10,2967
43410776,441,285,0,285
76200544,255,158,4,162
32950346,1687,1174,2,1176
76211557,351,287,3,290
76210400,1408,713,4,717
86870436,1150,948,7,955
43960046,1901,1339,18,1357
98130034,1963,1369,5,1374
43417199,264,170,1,171
11390475,1077,509,14,523
11751937,269,199,3,202
76440113,479,419,8,427
54540435,1464,1070,19,1089
32940817,793,1063,6,1069
76220467,973,571,3,574
11560216,3479,2381,13,2394
76450462,497,391,3,394
10840700,163,112,1,113
54910885,360,494,4,498
11010014,1401,1151,21,1172
65490015,530,322,5,327
98410035,1380,1189,2,1191
86580366,1001,916,5,921
54220407,636,675,13,688
43692228,412,295,8,303
32890192,2251,1893,36,1929
22150213,1432,1084,14,1098
10940026,474,206,6,212
86551454,2070,1248,37,1285
32900172,2682,1685,17,1702
54910751,874,606,8,614
32890204,2923,1857,20,1877
97091848,2134,1550,15,1565
97141787,2136,1704,8,1712
43350386,1752,1297,10,1307
11750835,653,320,1,321
43411519,832,644,8,652
86992868,349,256,3,259
76120208,680,412,5,417
43450062,390,655,10,665
32960987,280,320,4,324
43583575,1445,1091,26,1117
43772205,808,595,8,603
76320288,737,376,7,383
11071123,212,126,2,128
22330088,227,191,1,192
76280698,456,313,1,314
65340121,72,71,5,76
54680261,3689,3145,60,3205
22110376,174,122,2,124
22410278,113,50,0,50
32890158,2738,1616,20,1636
76330414,1080,645,5,650
86992734,299,205,6,211
54210068,914,626,19,645
43410798,367,198,3,201
33010636,3549,2774,24,2798
11750048,400,263,2,265
32951314,1536,1053,0,1053
33000398,704,553,6,559
44050069,1209,1134,9,1143
54910571,1215,785,9,794
43412385,854,522,5,527
11070470,370,260,1,261
43990386,2606,1785,38,1823
76450327,302,227,4,231
32910397,1212,1703,8,1711
65640089,37,27,0,27
76101522,1712,1902,0,1902
43582136,590,249,9,258
21861637,951,879,23,902
97092186,1150,822,6,828
86550486,756,480,9,489
32861662,2082,1459,30,1489
10840485,408,253,6,259
43418011,644,505,6,511
86991665,317,311,6,317
43411373,332,202,8,210
10670442,1194,973,27,1000
43581551,1136,845,9,854
11800695,266,156,0,156
22750387,211,204,1,205
22410436,132,102,4,106
32951145,7325,3336,11,3347
10790287,474,263,9,272
65330120,38,20,0,20
43771417,1336,1034,23,1057
11600952,283,190,3,193
43390133,1488,1296,9,1305
76250325,1007,541,12,553
43501698,754,529,1,530
54440300,535,360,1,361
54230026,2143,1545,19,1564
86690010,2077,1358,13,1371
65600096,799,734,15,749
22340078,1761,1130,25,1155
43993840,518,343,7,350
43413993,1526,1092,17,1109
86663188,728,672,17,689
54370087,64,27,0,27
43992995,994,748,18,766
22420695,1445,1046,0,1046
10591084,1384,1118,13,1131
43350229,1455,932,7,939
43390021,2259,1624,20,1644
86820217,498,295,12,307
76340628,886,490,3,493
86991777,793,412,10,422
43620162,222,166,0,166
33010591,2827,1980,5,1985
11650395,602,410,12,422
11760601,238,115,1,116
22421607,423,299,4,303
43670628,1002,827,10,837
11580476,592,380,4,384
97470074,758,620,7,627
43400270,2657,2176,11,2187
86741860,939,530,9,539
11600187,816,462,0,462
97950088,1051,1040,3,1043
32862168,2040,1641,21,1662
54600162,2729,1618,9,1627
76140277,1074,591,1,592
86550150,932,552,9,561
43500743,339,225,0,225
11820473,710,364,4,368
10910506,560,367,4,371
97142250,808,768,3,771
43500855,902,595,9,604
54600308,696,692,6,698
11790435,576,344,4,348
76370171,1459,750,7,757
43570122,1845,1041,16,1057
43770753,647,403,8,411
32930546,1517,1310,14,1324
86741118,690,417,4,421
11390587,391,266,3,269
43411597,355,240,3,243
43621343,560,351,13,364
86661838,1170,718,6,724
11600480,710,433,6,439
43502060,432,317,2,319
21860287,2634,1899,7,1906
11800886,524,339,24,363
43620601,750,542,12,554
10070019,1827,1149,11,1160
97350015,2255,1409,28,1437
10330074,389,239,1,240
43415872,646,450,15,465
76080551,354,378,5,383
11800189,225,94,2,96
10250637,1909,1519,35,1554
11830036,168,122,0,122
43350454,3099,2028,0,2028
76250392,1331,742,9,751
86730206,1738,1347,21,1368
11650261,693,368,2,370
43371491,1367,1190,9,1199
76160257,298,184,4,188
76320266,603,338,7,345
86553603,137,89,2,91
86700124,2599,1565,18,1583
76360765,255,176,1,177
43500349,716,561,0,561
43691070,469,313,2,315
43417155,1013,755,13,768
54890095,1065,873,12,885
76321010,656,350,2,352
76370575,1766,593,4,597
86661344,1484,990,6,996
43416233,428,293,3,296
43626067,365,319,5,324
11750240,226,174,4,178
86551252,2024,1357,35,1392
10300183,2762,1914,43,1957
43670594,2293,1767,44,1811
76340145,645,316,2,318
22421731,451,333,0,333
22420651,1225,826,12,838
11761062,144,97,0,97
11820574,472,293,5,298
11760038,459,238,5,243
65980121,38,26,1,27
43362266,877,744,11,755
11620909,381,250,7,257
11560520,630,641,9,650
87020085,1929,1572,8,1580
43350117,2009,1443,47,1490
10851016,323,228,3,231
43400775,3108,2318,0,2318
43370973,2117,1966,36,2002
21860096,1717,1450,4,1454
97090140,2289,1718,16,1734
43670280,2852,1885,31,1916
86662604,699,475,1,476
32950166,2627,1866,6,1872
54790050,1376,1034,18,1052
86910352,1493,1229,23,1252
43773138,340,197,2,199
21970021,36,32,0,32
10850521,353,180,5,185
65340110,16,11,0,11
86550239,1190,700,15,715
10920125,358,256,5,261
43390470,1979,1531,68,1599
76370845,1014,632,2,634
43584149,317,219,7,226
32862337,2228,1679,16,1695
33260374,374,273,3,276
76380790,374,376,3,379
54650549,1494,1001,21,1022
76170012,1461,955,21,976
22810014,240,126,3,129
76100790,306,197,4,201
54880454,872,711,14,725
22820138,211,127,4,131
65470057,1188,755,14,769
87020580,680,697,4,701
43414208,1683,909,9,918
22421540,188,100,2,102
11420019,244,127,2,129
43415669,806,550,9,559
76211388,631,439,3,442
22210175,514,602,12,614
97090892,2636,1838,20,1858
54910773,689,382,6,388
10850475,392,259,0,259
11760342,452,263,9,272
32871045,2943,2084,0,2084
54880364,724,577,7,584
32910207,4165,2394,4,2398
11640350,149,96,1,97
43400247,3962,2653,0,2653
22421113,1847,1220,23,1243
33060428,1614,1145,12,1157
86820958,185,116,1,117
43412059,1476,959,7,966
11820305,388,187,6,193
22150325,1218,1050,0,1050
11600020,1131,631,7,638
11831532,210,188,1,189
97860101,884,504,8,512
11220062,333,257,1,258
11750082,602,375,7,382
32870729,2254,1769,23,1792
43772395,195,151,2,153
86742029,429,256,4,260
33270285,765,691,4,695
97140078,4047,3451,2,3453
43950494,1340,1298,16,1314
43584172,390,271,4,275
87000050,915,675,16,691
11390307,1403,834,18,852
86662334,986,711,14,725
76160976,322,217,2,219
65440201,1037,705,8,713
86663335,307,285,4,289
43360264,2582,1716,41,1757
65070020,1274,819,8,827
11650508,141,85,0,85
98310012,243,131,1,132
87020052,1442,1156,12,1168
33060675,4333,3163,22,3185
54660089,201,102,1,103
76160336,562,334,6,340
54770058,171,171,0,171
11080022,299,182,0,182
65850037,317,215,2,217
43370456,1657,1201,14,1215
11600514,688,408,7,415
10920495,357,267,0,267
86770019,2168,1402,28,1430
76270103,749,392,3,395
43417548,610,461,5,466
43371402,4394,3216,72,3288
43430048,382,286,3,289
43500563,888,625,5,630
33080138,2824,1697,15,1712
65440391,1245,1005,2,1007
43417627,447,375,4,379
86790044,1682,1094,32,1126
54220025,1234,708,10,718
86661030,1428,1091,21,1112
76370520,791,474,12,486
43412790,2103,1636,23,1659
10300138,2641,1996,29,2025
76120196,1071,623,7,630
76170573,182,121,2,123
43580550,466,431,2,433
65570014,2168,1807,24,1831
10250963,3220,2223,25,2248
98340059,410,196,4,200
76300398,1167,497,10,507
22560049,1116,776,6,782
32930041,3210,2076,35,2111
65330142,18,24,0,24
54700129,375,277,3,280
43690765,536,349,0,349
54620760,206,122,1,123
43419078,624,616,9,625
11080325,480,243,11,254
86663098,392,267,2,269
32862775,1365,1004,8,1012
54650336,2719,1647,29,1676
97141316,2312,1737,21,1758
43362301,833,847,6,853
54630075,308,181,0,181
10950263,944,646,11,657
86550970,424,315,3,318
43414927,454,311,7,318
43910018,861,758,17,775
10590498,1863,1330,11,1341
11070111,752,458,6,464
76170630,302,185,2,187
86663379,991,896,23,919
43371110,2113,1467,12,1479
76350898,597,380,4,384
86552668,301,232,1,233
11071820,211,159,3,162
76080113,2257,1001,23,1024
10220016,2178,1447,14,1461
10240074,1072,851,5,856
43691474,1069,649,17,666
43950056,2253,1451,16,1467
86741589,1197,889,0,889
43772249,1088,865,11,876
11750116,795,450,15,465
11070054,463,318,1,319
65940015,606,498,2,500
11820406,705,401,1,402
11830384,1121,842,8,850
76210523,883,509,7,516
33061148,1556,1558,20,1578
76370160,921,519,3,522
43950034,1148,934,11,945
86620035,1320,913,6,919
32841626,951,891,9,900
33250395,2090,1631,22,1653
76330391,1430,865,22,887
43626034,1103,965,12,977
11790705,547,389,6,395
11820563,391,231,1,232
33030087,4220,3399,22,3421
21861143,1449,1336,25,1361
21870480,500,382,17,399
76150267,553,281,2,283
32860874,2552,1852,18,1870
11650306,200,111,0,111
76221198,323,251,5,256
97142261,1433,1113,0,1113
10841082,188,133,5,138
86741387,746,453,16,469
33061081,1098,624,16,640
76481095,126,96,1,97
97850054,339,123,2,125
43380211,1091,778,19,797
97360061,417,205,1,206
11800785,562,396,5,401
43580886,821,603,13,616
43418325,101,313,4,317
43770483,652,426,0,426
98380266,1863,1293,2,1295
32890226,4673,3284,22,3306
97140168,2875,2312,6,2318
43400551,666,496,3,499
86740702,845,601,5,606
32930580,1370,1003,6,1009
98110010,325,204,0,204
54830112,428,312,3,315
97810016,1186,1055,4,1059
76270204,1048,435,0,435
32890754,2259,1616,24,1640
54120024,487,357,5,362
43770708,1024,722,20,742
10871298,481,338,4,342
76380835,489,478,6,484
43582877,1426,1219,6,1225
43994807,429,392,7,399
65440234,2667,1821,31,1852
43992692,979,776,6,782
65020025,1081,858,13,871
76270181,1592,849,21,870
33170060,1162,863,11,874
43992119,1047,753,16,769
10940802,218,151,0,151
32870437,2396,1628,17,1645
54890321,1076,845,4,849
43990869,421,277,7,284
11080572,208,143,2,145
54890185,658,413,8,421
76480285,1245,702,5,707
11720045,1019,733,18,751
54670158,836,469,29,498
97130572,2298,1777,9,1786
43390515,6305,5086,25,5111
10250659,3961,2597,4,2601
43773217,535,374,2,376
43775174,367,310,5,315
98210044,96,66,1,67
33010557,1306,909,12,921
76210927,937,481,4,485
65000270,1210,961,17,978
11752129,177,122,3,125
43670279,2598,1914,29,1943
76080146,1961,1127,18,1145
32952472,862,929,2,931
43413151,1216,836,15,851
97141563,4076,2233,20,2253
43362356,1341,1221,16,1237
76160561,713,393,5,398
22410425,391,263,9,272
43770348,221,112,1,113
11760386,323,229,1,230
97141585,459,262,10,272
76350562,709,346,0,346
86770165,323,302,1,303
33000073,2816,2056,13,2069
43415221,1112,759,6,765
97140146,3548,2753,18,2771
54590036,1819,1170,16,1186
76340864,400,266,2,268
97100333,1641,1405,1,1406
97090678,3806,2907,15,2922
10940420,313,142,14,156
76530102,226,83,0,83
43371716,2219,1680,19,1699
43600294,1448,1340,22,1362
43772777,315,202,5,207
54230150,1095,993,6,999
32862067,2801,1969,13,1982
76321201,533,314,14,328
22420392,809,308,6,314
43870079,2123,1702,7,1709
32890136,2442,1692,18,1710
43501441,774,488,14,502
43625954,1251,1077,20,1097
32840917,1686,1201,19,1220
86741411,605,393,4,397
22421843,267,136,0,136
43371165,2303,1844,13,1857
11820158,756,463,7,470
97490010,1861,1223,16,1239
11610920,85,42,1,43
86552927,681,498,5,503
76380701,369,318,6,324
76440034,1972,1325,5,1330
43420081,2488,2040,21,2061
10470013,437,403,3,406
65140118,1319,1048,12,1060
86660871,1122,792,10,802
65570025,1607,1056,7,1063
43480133,2194,1551,7,1558
11620303,104,55,1,56
97140157,2488,2130,0,2130
98130113,80,56,0,56
11071291,63,43,0,43
43773341,210,161,1,162
33110222,733,578,3,581
11080426,318,206,3,209
43503184,631,453,0,453
10910999,241,188,3,191
76480623,746,389,5,394
65210059,75,50,0,50
97100186,3664,2481,46,2527
32960651,1633,1283,13,1296
86660455,884,530,8,538
32950144,2341,1714,10,1724
43993547,644,439,9,448
43500697,1642,1183,6,1189
22770110,466,296,57,353
86680031,3164,2051,4,2055
86990439,963,617,10,627
76370621,1340,453,26,479
10870365,521,329,4,333
43690248,382,288,10,298
11751230,464,277,6,283
43771709,581,431,3,434
43693139,1042,1274,13,1287
10650013,1092,696,15,711
43540017,1148,887,10,897
43370423,1826,1450,28,1478
33060248,1777,1402,11,1413
43992872,787,593,13,606
11620123,526,275,0,275
22640341,1382,1167,17,1184
11390330,255,143,3,146
43500754,800,571,3,574
43622265,849,514,7,521
10871355,205,132,0,132
65520110,260,146,4,150
10910865,335,233,2,235
32952449,535,634,8,642
43350207,1227,714,3,717
11831431,128,94,2,96
76320974,1958,1316,5,1321
10890244,279,182,0,182
43991534,1278,1059,7,1066
98400292,1074,1016,1,1017
33030100,2945,1905,23,1928
97091310,3332,2496,29,2525
10251212,2215,1457,29,1486
32951864,1051,319,7,326
43420104,1702,1472,10,1482
22600213,1289,921,4,925
43625886,349,295,5,300
97200334,617,512,0,512
43380288,2293,1616,22,1638
43413577,607,475,0,475
10851162,164,113,0,113
43951361,1088,984,28,1012
76390229,182,70,4,74
76510380,485,326,2,328
22210254,345,239,3,242
33090195,2501,1695,53,1748
86553669,269,159,8,167
32871067,2651,1887,2,1889
97580010,640,334,6,340
86661423,1431,1007,19,1026
43581168,492,315,11,326
76480757,1274,594,0,594
10670138,1092,781,8,789
22120164,230,112,3,115
32860582,2550,1979,12,1991
54790612,706,608,5,613
10630033,427,352,6,358
32960516,3944,2999,19,3018
76490163,1358,952,9,961
11830687,1061,813,8,821
32850244,2473,1176,10,1186
86620024,2940,1693,20,1713
32930164,1818,1412,9,1421
43691610,806,543,11,554
43581359,342,265,3,268
11751083,468,300,12,312
43361838,2138,1377,17,1394
11751397,888,615,15,630
54680025,2227,1204,21,1225
43380020,3964,3104,0,3104
43504286,377,295,6,301
97280130,1858,1221,20,1241
98280209,1794,1519,23,1542
43414017,946,716,0,716
32840502,6029,4241,20,4261
22610113,407,403,6,409
33060103,3881,2917,6,2923
97280129,2119,1727,5,1732
76320345,512,286,4,290
43415782,861,620,6,626
76200881,269,175,2,177
43504635,311,294,1,295
54580091,1461,899,12,911
10910922,158,98,0,98
22600448,1789,1287,6,1293
11790020,522,337,3,340
76520123,218,120,2,122
43990960,3121,2159,60,2219
10800054,146,120,2,122
43993299,468,327,7,334
22110332,63,54,1,55
11030117,2535,2007,7,2014
32840692,2220,1497,20,1517
43412587,723,530,10,540
22600011,3009,2014,7,2021
54430095,977,970,11,981
76350955,425,317,6,323
43480188,3744,2190,16,2206
86960065,2137,1140,32,1172
43502554,751,503,5,508
76321267,744,548,9,557
97140056,2875,2432,7,2439
32850558,5732,3734,8,3742
43370142,2937,2094,2,2096
97120111,2455,1804,1,1805
76140356,842,528,2,530
32950065,3708,2891,8,2899
43581753,347,212,6,218
43350241,1520,1042,13,1055
32900228,5325,2976,44,3020
32862629,1488,941,10,951
43692059,618,411,8,419
10090011,2284,1570,22,1592
97100816,1073,1180,9,1189
11591377,653,518,3,521
43690316,216,188,1,189
11640372,358,284,3,287
11781198,457,339,3,342
97140124,3115,2617,9,2626
76210804,1328,659,6,665
43774623,1246,1022,8,1030
11580285,394,211,1,212
10850082,324,152,3,155
10130016,1541,932,13,945
11570060,618,342,10,352
86552905,1149,856,15,871
10591332,763,625,9,634
43412217,909,560,1,561
10420041,2455,1570,35,1605
43480111,1902,1402,11,1413
76101173,808,473,5,478
97092029,2392,1783,30,1813
43418853,317,252,6,258
54650628,2672,1574,20,1594
10670396,869,741,9,750
43411339,318,221,4,225
86690021,1754,1209,13,1222
66010014,160,84,2,86
11820518,506,268,8,276
33010041,2880,2143,27,2170
43400887,725,862,0,862
21861772,805,749,12,761
22560061,1404,1016,0,1016
43583452,2034,1576,48,1624
97090184,3545,2553,24,2577
10860195,299,210,2,212
11771939,814,620,7,627
11771681,265,179,3,182
11110015,107,53,1,54
32870987,1878,1197,11,1208
87040010,654,417,3,420
54260399,2376,1444,14,1458
32850413,4406,1446,17,1463
43773037,603,436,3,439
44030034,2573,1762,29,1791
86550576,705,335,3,338
65370078,687,679,5,684
54570225,1235,713,6,719
97131168,553,396,10,406
32930827,3762,2656,35,2691
65020014,1712,1314,9,1323
97090094,2460,1860,0,1860
97090993,2285,1433,35,1468
97142519,603,679,1,680
32840760,1792,1393,16,1409
43583351,392,338,6,344
54840034,351,148,6,154
76290419,904,173,2,175
86552220,1165,601,6,607
21860063,2719,2050,4,2054
11821340,232,164,0,164
54790061,1315,1132,11,1143
76290857,595,252,0,252
43370502,2807,2677,58,2735
43582327,831,357,7,364
43350397,3456,2369,41,2410
43360084,3462,2832,27,2859
86554198,501,358,10,368
11790301,595,385,8,393
21860399,1162,868,11,879
22421304,321,242,4,246
10880030,152,94,0,94
22570028,2664,1528,61,1589
11570969,342,214,4,218
32840344,2727,1452,8,1460
76170089,2506,1352,7,1359
54260344,495,1083,10,1093
10940419,241,121,3,124
43360770,2566,2067,0,2067
10820630,320,198,3,201
86743233,735,419,32,451
54600263,1034,1011,9,1020
11390262,734,403,6,409
86660657,918,635,10,645
11620055,513,314,3,317
11390059,623,373,6,379
32861976,1501,1262,12,1274
11631574,265,165,4,169
43350139,1658,1089,9,1098
32860784,3814,2601,18,2619
86742906,200,106,4,110
54130025,1174,701,10,711
66020026,138,80,0,80
86870414,887,690,46,736
10820102,298,209,1,210
76490411,471,331,6,337
76280597,221,148,6,154
54840113,756,453,6,459
11810281,608,377,3,380
54210293,558,485,3,488
11410029,128,97,0,97
76130243,497,215,5,220
44040013,2283,1699,7,1706
76200410,494,376,1,377
87020298,2387,1398,5,1403
33080273,959,982,7,989
22080103,368,788,14,802
97131045,2467,1959,17,1976
86661164,1437,986,12,998
87020029,2297,1450,26,1476
76340370,1717,1009,10,1019
43950809,2616,2115,21,2136
86663469,362,273,7,280
32870404,843,630,11,641
43581887,531,371,14,385
54260412,1568,1201,26,1227
43730108,1231,939,14,953
76450282,1076,689,6,695
11590624,326,197,1,198
86910194,2254,2411,0,2411
11071437,328,227,2,229
86900272,2199,1646,23,1669
44060026,2280,1803,8,1811
43670358,3245,2503,103,2606
43417177,852,656,8,664
76430022,2226,1451,5,1456
43414107,777,452,3,455
76450046,1959,880,10,890
43503702,334,234,1,235
11611123,545,371,9,380
22390039,1803,1094,19,1113
32900239,3141,2428,9,2437
11590332,768,469,0,469
43772069,986,721,20,741
64930035,252,180,4,184
76510425,332,204,2,206
11750756,851,552,10,562
43960103,594,573,9,582
65910023,2286,1577,17,1594
10810718,193,135,1,136
86730194,871,598,2,600
76341001,652,487,7,494
76540248,133,90,2,92
76130221,441,241,2,243
97091130,2172,1524,21,1545
32871304,1926,1507,20,1527
33260116,1827,1408,22,1430
22720429,556,89,0,89
76380105,814,424,4,428
76400524,196,138,14,152
86742579,192,131,5,136
97091602,2618,2175,7,2182
33030526,1399,1139,11,1150
87020434,1045,871,2,873
86992330,415,296,7,303
11590220,339,165,2,167
43504444,334,276,0,276
43670460,1849,1398,5,1403
11610087,1105,727,14,741
97090623,2784,1871,10,1881
43624830,456,339,7,346
98380288,3117,2404,37,2441
76290778,1140,462,15,477
86662884,1735,1440,18,1458
43993536,568,415,2,417
10920271,262,175,4,179
54910863,1086,902,11,913
10820584,1186,974,5,979
11150110,270,143,4,147
10871445,213,147,2,149
76370452,516,440,6,446
11630720,324,186,1,187
98130089,2854,1678,29,1707
10810381,493,325,4,329
43990364,640,520,9,529
22421876,319,302,4,306
43584420,371,309,0,309
11831464,102,84,1,85
32910386,1268,1155,11,1166
76090158,2806,1585,40,1625
43411070,1110,692,11,703
32870505,2441,1698,15,1713
11071088,163,120,1,121
43800049,107,88,0,88
11781042,918,645,13,658
11650700,186,120,2,122
43414297,249,148,2,150
32860762,3004,2212,18,2230
43412194,792,575,10,585
11750453,542,302,5,307
43580774,623,535,5,540
86550497,750,423,9,432
97270083,1792,1403,5,1408
76321278,184,114,0,114
43950090,2773,1722,23,1745
43950360,2696,2174,13,2187
86743312,910,683,6,689
10590421,2458,2069,17,2086
11390284,439,288,1,289
86550598,530,277,1,278
97100658,2387,1624,6,1630
76260573,353,227,4,231
86552387,1110,796,6,802
10840542,531,361,3,364
43416064,502,382,9,391
76200027,1351,624,20,644
43415850,483,315,5,320
11771074,105,76,4,80
43990870,521,380,12,392
86660905,803,652,3,655
11810719,249,174,5,179
76230132,525,300,2,302
22800204,191,101,2,103
43500327,617,397,8,405
87020614,509,673,6,679
87020478,1406,760,15,775
22800035,225,123,3,126
76290936,752,273,1,274
76400063,992,526,2,528
32950368,4185,3392,7,3399
97930031,854,656,8,664
43417661,140,97,1,98
43583643,484,353,7,360
76260630,238,174,5,179
11581062,297,207,1,208
54280098,414,363,3,366
97120043,2761,2171,7,2178
32862999,1648,1558,36,1594
43502802,328,226,6,232
32862809,1592,1010,16,1026
43417458,224,162,5,167
54510061,1525,964,21,985
32871247,2122,2077,26,2103
43583070,2205,1817,32,1849
32841301,1905,1236,14,1250
43625921,225,167,2,169
10851140,274,223,2,225
86720058,1665,1065,21,1086
44060093,670,598,0,598
65330085,80,62,0,62
22610067,1485,1110,14,1124
22710035,1686,1185,22,1207
43360893,1594,1204,23,1227
43773228,313,204,3,207
32952809,431,472,10,482
43774117,868,625,3,628
43625099,397,298,5,303
76101241,562,550,4,554
43993581,561,398,8,406
76371015,391,302,4,306
22120186,141,99,1,100
43621523,982,671,17,688
43621770,922,607,10,617
11820462,764,445,3,448
66000046,58,44,0,44
32940277,2820,1490,0,1490
10810213,810,499,1,500
11580410,412,273,2,275
54880409,741,538,8,546
97110514,1484,952,6,958
54440186,836,548,4,552
22150235,1510,1175,18,1193
32940165,2327,1573,16,1589
10980020,783,511,3,514
54440298,397,250,0,250
43621398,635,359,3,362
33060271,2681,2077,19,2096
65390047,840,575,11,586
22570040,1040,712,11,723
54890657,2066,1517,16,1533
43774421,267,255,0,255
76100611,556,349,5,354
43360646,5068,3336,67,3403
10590016,3024,1925,23,1948
76200847,146,117,2,119
43992658,767,508,9,517
86551195,841,539,7,546
65000090,2616,1596,16,1612
43600238,2420,1859,58,1917
21880043,1000,758,5,763
11751982,800,549,16,565
43622580,252,190,4,194
22120210,244,163,3,166
98430273,1364,1069,22,1091
33180038,1962,1318,10,1328
97090331,1043,860,9,869
32860469,2392,1895,15,1910
43621512,910,551,23,574
43410192,380,149,4,153
86660848,2375,1471,27,1498
97130897,1885,1421,7,1428
43621837,388,255,6,261
43417964,274,246,7,253
43993075,1356,1061,9,1070
11620336,856,560,10,570
10840159,530,302,3,305
54360109,388,279,5,284
11390453,790,507,4,511
43500956,840,618,8,626
43500248,993,667,0,667
22530068,207,183,4,187
43991950,836,634,1,635
86720182,140,249,2,251
32861213,2363,1542,12,1554
43692071,1108,768,16,784
86900238,2085,1393,23,1416
11590578,887,511,4,515
86790088,222,169,6,175
76240144,1135,472,3,475
76080630,239,168,2,170
33010524,2372,1728,29,1757
86550060,481,364,4,368
76250448,1415,738,13,751
97131102,2744,1943,6,1949
86661197,1267,859,10,869
22210029,2743,1918,18,1936
43501957,639,445,4,449
43991455,347,206,3,209
97140898,3495,2975,6,2981
86820970,416,216,15,231
43773947,566,425,3,428
32862359,2972,2153,19,2172
76100194,1740,799,2,801
76440067,1404,1039,11,1050
10410039,152,93,2,95
76180035,1578,1051,16,1067
10220027,629,383,9,392
10841396,374,250,4,254
32851122,1722,1454,52,1506
76060166,1129,733,9,742
54150016,2584,1776,21,1797
43390672,5333,4082,81,4163
10251379,1557,1304,22,1326
43621332,220,141,6,147
54540424,1098,876,0,876
33060822,2015,1628,2,1630
10591220,1690,1535,18,1553
76290330,735,306,4,310
54820010,1206,812,3,815
32862887,1499,972,18,990
43350476,3093,2391,32,2423
43692947,661,512,11,523
22600358,1315,923,18,941
76380116,924,439,5,444
76210499,1334,843,11,854
76290105,1356,541,9,550
10851094,261,146,4,150
21861480,463,441,7,448
76210589,1530,651,8,659
76310300,1384,723,11,734
65440548,1328,1091,9,1100
43380277,2902,1913,34,1947
11752163,266,212,3,215
10870871,786,560,7,567
76100206,1840,711,7,718
10870668,737,475,8,483
86820521,958,387,6,393
10870646,1740,1219,5,1224
76140626,583,378,3,381
76130782,512,366,2,368
76140592,1104,651,10,661
43951181,1044,928,6,934
43990094,173,101,5,106
43418482,393,561,17,578
43580909,298,230,3,233
76120332,160,117,0,117
54400137,595,885,12,897
43625123,425,351,1,352
33250238,1895,1302,18,1320
21870187,2573,1733,10,1743
43770988,1022,805,16,821
86662738,4220,2471,42,2513
54890826,1422,1123,7,1130
54790162,2009,1304,13,1317
33080239,1169,869,9,878
54910245,842,593,1,594
43416301,491,373,11,384
10890424,286,203,2,205
43411610,847,576,5,581
54430040,285,151,4,155
32930254,2224,1622,20,1642
11580128,1000,651,2,653
32890530,4014,3334,12,3346
10790344,287,153,4,157
43730175,895,755,10,765
76060188,1096,699,2,701
97091882,2623,1796,20,1816
54260063,2402,1601,12,1613
54910829,684,588,14,602
86741758,954,588,12,600
54620782,435,371,6,377
11571050,455,253,9,262
54160040,2272,1936,11,1947
10251739,596,682,12,694
11571049,391,254,3,257
11160087,493,357,4,361
86661760,1723,902,17,919
10870039,516,311,6,317
97091387,2025,1507,10,1517
43530038,980,915,8,923
86820374,211,135,1,136
65000203,1535,1152,13,1165
11760791,375,251,1,252
54740022,1564,1267,3,1270
76460014,2437,1196,6,1202
43600283,1096,871,10,881
54670293,253,213,1,214
76340673,583,297,4,301
10820449,535,384,0,384
43774498,362,290,2,292
33170116,925,635,7,642
10440010,414,268,2,270
43413218,1673,1166,9,1175
86741253,1123,700,7,707
11570194,361,162,2,164
33010568,960,980,9,989
76321469,115,87,1,88
54380077,244,185,7,192
32950199,1064,899,11,910
32952292,1346,1267,2,1269
76240223,1557,853,15,868
76211300,1355,853,11,864
43990140,184,98,0,98
10460045,1030,827,6,833
33280107,624,793,1,794
76250011,324,193,1,194
21861525,564,490,6,496
32952573,597,897,3,900
76380262,107,67,1,68
76100644,456,285,4,289
10430075,358,207,1,208
98380244,1012,736,4,740
43502611,200,149,0,149
76060649,472,347,12,359
54410127,1996,1397,34,1431
76390230,263,162,1,163
43992883,480,330,1,331
43620207,743,615,5,620
97280220,1975,1609,30,1639
43417649,251,179,1,180
76150425,1256,851,16,867
22150303,644,619,1,620
43625831,206,170,0,170
86551342,1028,979,33,1012
32961045,519,462,6,468
86552804,243,136,3,139
86663122,465,345,0,345
65420018,2085,1084,7,1091
43583845,446,327,14,341
54570067,1282,605,8,613
43400652,1119,921,2,923
97100018,2388,1901,3,1904
33310022,2122,1262,19,1281
43870080,972,789,6,795
97220099,683,464,7,471
76350012,1090,576,3,579
43600418,699,626,15,641
10820089,581,350,5,355
11620178,248,152,0,152
22410223,185,114,7,121
76290385,684,323,2,325
11030241,567,422,0,422
65440379,3986,2399,7,2406
43503780,265,201,1,202
43691632,425,263,5,268
43370467,1924,1143,8,1151
43504118,135,105,0,105
76380475,1046,560,17,577
43771350,1064,846,20,866
76460081,860,831,2,833
76150751,370,301,4,305
11591467,238,136,1,137
11071044,373,289,1,290
10940789,237,173,3,176
32850839,2400,1446,8,1454
43670268,2505,1923,13,1936
86991788,825,535,12,547
43993895,1274,843,20,863
43413050,651,468,11,479
86992947,962,1027,33,1060
86743198,252,155,2,157
33000219,2132,1779,5,1784
22750219,1036,769,8,777
43500080,905,509,5,514
10250312,2541,1758,32,1790
76200195,865,356,6,362
32960213,2497,1823,13,1836
11810023,529,307,9,316
33020525,2776,2040,4,2044
43770922,1380,1113,20,1133
43692138,976,683,8,691
33260307,1202,809,5,814
33010221,2739,1888,23,1911
76340112,919,392,2,394
11080921,149,114,0,114
43418819,473,453,10,463
97100401,2459,1711,15,1726
97200266,2156,1049,5,1054
33110064,315,225,2,227
11780805,343,219,6,225
32840535,5995,4288,2,4290
33280040,678,484,1,485
97860077,447,261,1,262
43774397,464,280,3,283
43419067,461,396,4,400
11380047,235,136,6,142
65440087,1779,1372,22,1394
32840131,3223,1459,11,1470
11790525,528,404,6,410
22720362,1844,1376,18,1394
43991084,667,323,13,336
43503982,510,373,12,385
11780085,490,313,6,319
76260618,334,281,2,283
32870606,1200,1094,11,1105
22400200,150,120,1,121
54540233,1431,763,92,855
86553658,1360,977,25,1002
97130505,2273,1818,8,1826
54440355,897,742,10,752
10841127,307,211,2,213
43770258,723,528,3,531
86990103,845,536,3,539
22421539,227,125,4,129
76371037,301,181,2,183
32953057,339,660,0,660
21870514,360,291,2,293
32841491,1379,1384,34,1418
11100216,200,136,2,138
10871210,201,131,0,131
32871023,5727,3961,11,3972
86900070,1847,1209,25,1234
76380600,397,306,7,313
86991889,410,248,4,252
43772867,519,369,1,370
43582585,287,194,2,196
54210024,1452,1000,21,1021
10120037,3646,1948,29,1977
54911099,366,490,5,495
76160842,441,386,6,392
11590882,309,212,1,213
43410923,632,434,4,438
54440096,1281,951,18,969
10790153,499,305,4,309
11761174,252,171,1,172
11390071,909,579,12,591
97090050,2543,1788,4,1792
10840047,512,359,7,366
43771866,632,495,5,500
33100018,185,119,2,121
54880162,2049,1344,14,1358
33010669,4541,3462,4,3466
11620448,125,63,0,63
76380149,1506,973,3,976
43992153,328,256,10,266
10920181,558,364,3,367
11631451,377,219,0,219
43415502,220,188,8,196
44030012,3987,2970,16,2986
32840355,4417,3358,0,3358
10841318,107,83,0,83
43414747,2495,1551,20,1571
43500417,163,112,0,112
43584004,901,921,9,930
76140648,1238,820,5,825
32940772,3551,2736,51,2787
11570138,502,313,3,316
76150784,295,220,5,225
43583485,819,617,7,624
32940143,2149,1584,27,1611
11030296,936,814,6,820
11760432,502,260,1,261
33190107,386,387,8,395
97130864,2208,1793,14,1807
43691351,520,388,2,390
43991006,569,413,5,418
86743570,470,408,8,416
65990065,77,40,0,40
10940093,404,230,4,234
43500574,1194,887,9,896
32890068,4961,1929,365,2294
32862663,2257,1343,15,1358
11752185,287,208,4,212
43580651,800,554,2,556
76320693,652,357,6,363
43500664,500,372,3,375
86553883,433,17,0,17
11580971,595,471,6,477
54540716,1363,1038,20,1058
43620892,784,506,4,510
86662749,1239,1018,18,1036
11820541,773,455,18,473
11820440,669,380,12,392
54580237,952,597,4,601
86660095,1003,507,7,514
10450033,77,51,0,51
32840401,3724,3153,3,3156
43418831,843,937,14,951
76220805,649,414,7,421
97140618,2098,1506,10,1516
76050110,1024,727,8,735
65030015,60,41,0,41
43380266,2033,1481,14,1495
97141765,1954,1188,11,1199
86820071,351,217,3,220
22740106,1681,1114,23,1137
11770174,885,501,10,511
43361681,4506,3464,77,3541
76120040,1260,909,7,916
54660056,247,127,0,127
54830066,2551,1829,15,1844
76210860,1129,554,3,557
11760982,724,503,8,511
32851234,1815,1328,19,1347
76481084,505,402,14,416
10940329,594,400,4,404
11590646,298,0,0,0
86670209,1824,1427,21,1448
54630053,2315,1617,0,1617
43670437,2257,1683,36,1719
11590275,801,530,3,533
43580099,886,603,11,614
76240289,770,423,5,428
33110031,226,128,1,129
11820046,443,231,8,239
32940862,1057,830,20,850
43418538,252,207,2,209
76380464,901,531,16,547
11810641,785,537,12,549
22390017,1071,868,10,878
10850644,272,172,3,175
22670041,1804,1239,5,1244
54210237,1032,838,9,847
98100176,304,185,0,185
43773521,740,633,3,636
11770714,699,438,4,442
97091073,2400,1695,22,1717
65350122,25,27,1,28
43772306,1797,1350,23,1373
11830777,788,578,3,581
76220120,1443,751,4,755
76050097,816,566,6,572
76101498,452,261,3,264
76150672,977,660,14,674
43992243,891,600,9,609
11770815,1178,690,17,707
76350663,973,500,2,502
32910296,1207,952,5,957
87020412,1485,802,16,818
86662222,2381,1500,15,1515
43690282,462,332,5,337
10870635,716,487,6,493
76210488,1425,871,9,880
76351181,337,272,2,274
32850491,1106,1095,4,1099
22650139,138,78,1,79
43625437,312,9,0,9
64980052,642,503,1,504
11620066,191,108,2,110
11611101,191,114,2,116
10300194,2750,1741,7,1748
32861044,2499,1911,8,1919
86991261,381,222,3,225
76290037,1098,542,5,547
43582068,646,443,11,454
11080112,745,435,0,435
97110312,3222,2668,2,2670
54890242,1364,1010,4,1014
10620021,804,550,9,559
76190115,708,422,5,427
86741174,440,265,3,268
43620904,795,536,9,545
43503566,191,139,0,139
43690260,808,631,0,631
76420111,492,410,3,413
76060087,1849,1112,20,1132
76520044,218,100,0,100
76230086,470,279,4,283
76310333,672,474,10,484
11650799,565,379,7,386
98100187,590,334,8,342
11610368,438,291,7,298
11771692,263,177,7,184
54210282,582,681,8,689
43624885,659,405,4,409
76101342,567,417,2,419
43412509,472,270,0,270
11811226,402,293,3,296
32840030,3922,2859,23,2882
21860355,721,560,11,571
86663100,861,635,9,644
86551791,589,266,88,354
54690015,106,77,0,77
76240256,2024,1009,6,1015
43390694,2456,1665,30,1695
97530026,840,552,7,559
32841198,8027,4620,49,4669
97280039,3973,3154,9,3163
54410037,187,104,2,106
43691395,757,525,5,530
76160471,1110,666,13,679
11640440,718,372,10,382
33100030,607,396,4,400
10251098,2688,2131,7,2138
43581191,1072,640,17,657
11830890,222,170,0,170
43417076,260,211,0,211
32952056,6314,3749,54,3803
10870073,349,244,1,245
33200121,2966,2175,11,2186
76221121,375,263,4,267
11071796,203,156,3,159
76100903,1107,944,6,950
11571094,331,201,2,203
32940031,1982,1407,21,1428
43361557,3096,2384,42,2426
54150027,1607,1133,10,1143
33070058,1696,1267,19,1286
32980169,3711,3482,17,3499
43993356,266,196,5,201
11771894,460,347,5,352
22100106,111,74,2,76
65090280,526,193,9,202
86552231,464,291,6,297
11080448,671,387,6,393
43502194,215,171,1,172
76360787,392,313,3,316
76290532,1101,431,4,435
76510166,880,512,9,521
11771917,892,659,6,665
11571072,308,180,4,184
43991141,391,286,0,286
32850659,4967,3779,13,3792
32960381,2529,1731,13,1744
76340561,274,162,0,162
43692677,190,146,2,148
76221200,597,397,3,400
43950135,1396,962,3,965
11570240,515,335,5,340
10670172,1648,1162,27,1189
32930221,1174,818,8,826
97131001,2500,1996,5,2001
54870239,130,102,4,106
32950795,3304,2131,18,2149
22750400,654,615,4,619
43624795,547,258,3,261
11230018,1636,1050,0,1050
43411058,601,334,6,340
43581269,1234,891,12,903
86910554,376,382,14,396
86554110,231,191,6,197
76370216,806,436,6,442
10400151,2714,1721,31,1752
33270308,925,743,11,754
76440090,879,744,0,744
10590667,4010,2474,17,2491
32940402,2172,1660,7,1667
11801113,384,280,17,297
43992074,2282,1928,24,1952
54260232,2733,1876,33,1909
10840418,390,253,1,254
97600013,3144,2006,13,2019
11752152,270,182,2,184
11200105,606,415,7,422
21860221,2672,1747,3,1750
43992445,434,265,8,273
76320626,696,419,6,425
11071101,173,108,1,109
43504781,75,69,1,70
43583597,1985,1701,35,1736
86743727,154,134,0,134
76290464,1044,321,3,324
10740013,322,165,4,169
97410045,1331,588,1,589
11610650,95,71,1,72
21860524,1591,1169,14,1183
86553153,217,129,4,133
10870118,784,513,7,520
76150144,436,281,0,281
76080247,1066,774,14,788
11811169,369,288,13,301
11631170,148,93,0,93
32950920,2717,1676,20,1696
98380165,1991,1250,12,1262
32870280,3650,2990,10,3000
76080089,1841,1039,11,1050
43581348,444,303,3,306
54890376,1155,902,20,922
76290161,718,324,5,329
43501069,279,162,1,163
33090173,2613,1674,1,1675
11250032,1604,1094,33,1127
43670178,2535,1762,0,1762
11820608,322,195,4,199
33010490,1814,1281,4,1285
21860030,2328,1826,1,1827
43420148,497,648,6,654
10730045,2052,1517,30,1547
76350483,965,585,5,590
76300130,920,585,6,591
11590253,472,267,2,269
11571285,296,208,1,209
11160054,155,96,2,98
76100217,942,537,5,542
32940952,1293,1097,3,1100
11810078,423,251,2,253
43625190,564,425,0,425
22800181,206,116,1,117
76251067,237,201,2,203
86870245,984,641,10,651
43691744,1018,734,16,750
22720014,1664,963,5,968
43412453,971,786,14,800
10810358,642,427,0,427
32870662,2086,1646,21,1667
43414826,496,343,4,347
43416547,431,333,4,337
11750936,539,349,5,354
43410721,662,429,1,430
97540027,939,525,12,537
43775062,353,308,2,310
43350364,1529,1251,7,1258
86820486,566,379,7,386
86820677,496,250,13,263
11751184,251,158,7,165
76190317,790,487,2,489
43991512,740,490,13,503
65280089,187,103,0,103
32900150,4237,2958,36,2994
11100025,510,333,7,340
10490116,251,144,4,148
98180051,987,653,9,662
87020030,2881,1666,24,1690
33020682,2137,1851,8,1859
54130047,1870,1235,23,1258
43501845,391,241,0,241
32952135,2403,1576,412,1988
11630696,1681,1097,21,1118
54440029,340,277,5,282
33010894,1145,1177,9,1186
32940390,2161,1509,5,1514
33020626,3406,2620,25,2645
33250418,2168,1550,18,1568
64990042,551,508,4,512
43400236,2711,2047,27,2074
32860526,2412,1863,7,1870
43774915,199,155,2,157
97800048,2144,1392,36,1428
76170731,374,285,5,290
22010027,1452,1068,28,1096
86670300,523,442,8,450
11750161,992,669,5,674
76170753,290,194,10,204
65290046,119,66,1,67
10980097,1282,849,18,867
65010068,322,113,6,119
22060011,1111,627,7,634
76210668,1240,580,6,586
43622052,996,655,14,669
43503049,590,422,7,429
43410114,522,365,4,369
11751757,388,292,0,292
33150136,506,535,6,541
43503544,751,582,7,589
43621455,755,450,13,463
33170015,1286,958,11,969
43391011,1062,1226,19,1245
43691609,517,302,8,310
76270260,1283,759,8,767
11800415,625,351,9,360
97800217,1021,881,17,898
10851151,267,217,7,224
76210444,1890,1045,9,1054
76200230,527,313,3,316
11580678,672,377,4,381
97141888,441,294,6,300
43771079,1045,896,11,907
43620421,1431,1036,2,1038
10591231,918,764,13,777
43480043,2685,2077,7,2084
43415580,385,258,5,263
43503274,289,227,3,230
43413432,1155,915,10,925
54620489,640,474,9,483
43411991,914,667,7,674
43625819,255,189,3,192
10820517,359,209,0,209
33020592,3521,2605,6,2611
32910375,2191,1716,8,1724
97520294,810,685,9,694
86661377,1442,982,12,994
76380521,424,226,5,231
11071134,178,117,1,118
97310011,2230,1800,3,1803
32840300,3587,2511,18,2529
86820688,384,244,5,249
10950285,236,158,0,158
86992510,448,184,1,185
86990484,412,211,10,221
43992557,278,183,0,183
76220568,686,461,3,464
33270342,1302,842,18,860
22650465,114,89,0,89
22260024,2181,1537,22,1559
11490038,549,542,5,547
43772755,334,131,3,134
98070060,736,477,1,478
43773240,118,72,0,72
86742108,105,55,0,55
43360556,3910,2365,31,2396
10670419,650,642,9,651
97142294,3039,2219,0,2219
32840838,1628,1276,13,1289
76380756,585,444,8,452
43500169,655,419,2,421
76251247,197,138,3,141
43417492,1082,851,8,859
11780254,430,267,10,277
86553984,508,388,12,400
43415759,785,566,4,570
86670175,3011,1928,25,1953
11080134,710,469,4,473
32850402,4639,2119,20,2139
76200397,525,290,2,292
54540929,441,473,0,473
10100024,2202,1609,22,1631
54660023,258,149,2,151
32960662,1140,958,11,969
21860816,869,674,7,681
76200870,377,268,4,272
76220984,832,646,13,659
76190373,714,419,5,424
54610141,1890,1333,10,1343
65110014,1152,824,16,840
76480106,358,183,1,184
76251089,531,349,7,356
76450259,777,453,8,461
97140506,1955,1312,10,1322
11570419,478,278,11,289
76100240,947,514,6,520
32860908,2880,1752,27,1779
32862810,2444,1597,24,1621
76290789,1134,551,6,557
43502701,336,229,3,232
54130115,398,324,3,327
97141091,1908,1368,11,1379
86580355,227,164,0,164
22421247,137,81,2,83
33130022,2374,1850,38,1888
65400016,1850,1153,16,1169
76340369,691,404,2,406
32951909,3175,2182,2,2184
32950728,2001,1469,23,1492
76280115,823,510,9,519
86551713,719,443,10,453
43504747,278,222,1,223
97930019,2100,1765,3,1768
76321548,322,250,3,253
11650801,485,336,5,341
11071426,79,61,1,62
11630977,312,188,0,188
43670741,1111,950,16,966
33240361,1882,1414,18,1432
76351305,361,287,5,292
43620511,617,363,0,363
65000146,2374,1408,19,1427
97130819,2431,1838,17,1855
54880230,1633,1111,13,1124
43773363,2291,1780,14,1794
10820269,1866,1128,33,1161
32960280,3157,1975,27,2002
22080170,121,75,1,76
86820015,1288,775,13,788
22370015,2027,1363,24,1387
54440030,1081,729,5,734
54320127,1266,965,10,975
43625448,234,153,0,153
76260539,676,443,3,446
97840187,219,152,1,153
76360518,1139,604,6,610
10790535,291,208,4,212
43416266,765,568,5,573
43418932,419,362,3,365
76390151,703,460,17,477
11600097,883,610,4,614
44010010,404,298,0,298
86553726,500,336,6,342
21860456,1753,1303,10,1313
11150086,575,374,4,378
86743761,238,216,4,220
21860489,1005,821,5,826
43992254,421,274,6,280
76120174,589,365,11,376
76300185,1896,1204,15,1219
11600288,724,347,7,354
10790579,371,255,5,260
11030094,1216,866,4,870
10050017,2202,1542,19,1561
54580293,461,397,15,412
43590135,746,680,26,706
76150830,535,471,4,475
76430033,101,75,1,76
43774364,370,299,1,300
33090443,3216,2474,17,2491
11590837,846,533,13,546
65680094,138,78,0,78
43774274,614,515,9,524
65350010,163,94,2,96
43350320,1030,724,25,749
11620404,523,355,12,367
97091163,1850,2131,60,2191
43412824,1276,1017,52,1069
97370073,1202,737,6,743
32841176,5592,3728,49,3777
43583890,1027,914,15,929
76140817,282,178,1,179
32951965,3769,1604,9,1613
54790656,1354,1245,7,1252
54590171,2208,1465,31,1496
43992636,1856,1607,9,1616
10790298,772,455,2,457
54560011,2206,1401,15,1416
43414680,1043,730,8,738
76130614,1130,657,6,663
76340785,147,105,1,106
54620164,900,371,10,381
76240065,865,520,12,532
22650342,184,87,0,87
97120379,1927,1451,38,1489
10840553,476,295,5,300
43690271,1014,755,25,780
43390155,3299,2695,2,2697
97131034,1493,951,12,963
97520070,2262,1943,9,1952
76320569,1002,675,9,684
97330035,1285,1085,1,1086
32952595,670,755,2,757
10080098,3448,2585,77,2662
21861783,526,405,5,410
97091118,2035,1401,9,1410
22610078,1599,999,33,1032
10750025,283,196,4,200
76200151,857,447,7,454
10950140,893,619,4,623
54570135,2014,1179,23,1202
43583946,592,460,10,470
11600659,687,390,2,392
43414006,1320,757,25,782
43501104,483,339,4,343
33020312,2405,1982,1,1983
76211052,900,575,8,583
11750194,515,300,5,305
11580645,689,431,7,438
86960111,448,246,5,251
86660950,1334,971,10,981
43930010,1812,1309,6,1315
76280058,1353,827,17,844
86992532,853,565,20,585
11570565,769,458,8,466
43360860,2371,1629,33,1662
10820821,309,252,6,258
54540626,429,282,4,286
86740500,1353,784,32,816
97800060,1954,1426,10,1436
97620015,909,574,3,577
43560019,1898,1228,9,1237
43503162,524,429,0,429
97090128,2263,1583,12,1595
10591073,629,806,2,808
76140693,687,463,8,471
22421360,517,342,7,349
97100377,1584,1127,7,1134
43350218,3374,2053,23,2076
76320109,718,359,10,369
32840018,1590,928,2,930
10850745,338,236,3,239
32870640,1846,1350,13,1363
43371301,2489,2348,26,2374
86662547,929,563,7,570
86743558,298,237,11,248
86910442,1196,960,17,977
54260388,1294,1176,4,1180
54620018,1364,774,13,787
54210192,754,604,6,610
86553502,712,506,7,513
11760702,1150,666,6,672
54650505,1382,1176,6,1182
10870208,950,565,7,572
54510140,531,483,4,487
43691362,285,195,2,197
22400581,191,162,3,165
32952461,712,890,4,894
10790085,308,300,6,306
10770016,203,126,1,127
97120100,3842,2901,9,2910
22650319,135,91,2,93
32870325,5597,4412,3,4415
76220928,328,168,8,176
33010827,2885,2073,19,2092
43740064,2021,1148,29,1177
86720070,1912,1062,12,1074
10900112,178,125,2,127
76220232,1372,859,8,867
43570212,928,843,15,858
11752130,348,268,9,277
43418897,851,770,15,785
86950042,1063,831,13,844
76280823,808,603,17,620
86550903,290,115,0,115
97130314,1866,1490,2,1492
98070116,88,81,1,82
43370524,3280,2592,33,2625
32862494,2681,1423,25,1448
43625718,653,481,10,491
76090192,2478,1627,13,1640
32940648,4190,2795,36,2831
76360181,772,440,17,457
76390173,387,234,4,238
43419102,674,668,7,675
33130033,146,172,0,172
33060327,2094,1661,11,1672
44080028,849,644,2,646
11751027,522,320,21,341
43690125,542,388,3,391
33240147,1687,1059,21,1080
43415445,539,360,9,369
33170149,387,338,2,340
10920462,234,166,2,168
54220283,1142,872,10,882
76150492,1927,1142,4,1146
43419203,455,407,4,411
33020356,2031,1678,9,1687
22750310,580,436,1,437
76190586,1052,683,8,691
43584194,313,236,0,236
76220175,1287,577,14,591
76140941,1037,782,8,790
76120321,208,152,3,155
43417638,551,447,6,453
43692701,215,175,1,176
98430206,1278,738,11,749
10940240,517,373,3,376
54620591,926,652,44,696
11580915,594,354,4,358
43362110,1724,1404,14,1418
32951156,3178,1529,15,1544
43993569,1260,959,12,971
43770685,856,635,8,643
54540301,1280,750,9,759
32890316,3234,1680,13,1693
43410642,315,204,3,207
33060541,1226,860,7,867
76280485,1919,1094,10,1104
76210073,477,264,0,264
76250998,374,265,5,270
76510537,213,141,2,143
11620437,371,279,4,283
86910318,620,477,7,484
76190407,984,579,7,586
22020073,865,595,13,608
97110233,2956,2408,0,2408
33260048,1322,1030,14,1044
10251065,2743,1863,27,1890
11030375,619,553,8,561
43411979,1054,714,5,719
22630238,98,58,3,61
22540070,1024,767,5,772
43620869,363,228,4,232
43418527,387,346,5,351
76320952,950,566,12,578
33090511,582,726,4,730
97092120,2432,1781,3,1784
97220066,2063,1428,24,1452
76250224,621,358,8,366
43502712,595,442,0,442
97130224,2778,1999,25,2024
43416907,652,449,7,456
43990162,560,363,11,374
11770297,373,215,2,217
33110121,639,480,7,487
32950863,2354,2163,3,2166
76360316,1038,620,2,622
32980349,627,1165,13,1178
43500350,781,500,10,510
11801023,150,99,6,105
43691205,622,424,11,435
11760353,598,304,7,311
22340012,989,679,10,689
97140865,2858,2452,6,2458
76080539,361,315,1,316
76400030,1060,698,2,700
22120153,240,122,0,122
11570981,525,359,12,371
11060121,98,65,2,67
33010513,2796,1669,18,1687
10870691,1437,1057,15,1072
43991107,970,680,14,694
43580875,578,385,8,393
11160010,463,280,5,285
21870626,1020,914,12,926
32951549,1228,884,0,884
43503421,623,441,3,444
43501216,694,444,5,449
98230013,1986,1606,17,1623
76510504,179,109,2,111
54890769,599,471,6,477
98370030,2468,1550,39,1589
11830621,867,567,13,580
43584183,221,153,6,159
76280654,184,93,0,93
43414781,445,311,1,312
43418448,459,376,3,379
10930115,567,403,6,409
43417010,2006,1743,23,1766
43410136,735,505,7,512
65990010,83,13,0,13
32940457,2883,2197,8,2205
86720126,1637,1140,15,1155
43870013,2272,1300,4,1304
76450406,503,378,4,382
32863147,2962,2290,33,2323
11780030,736,391,7,398
43500787,795,489,2,491
43920031,2366,1623,28,1651
10860016,529,332,4,336
54210327,310,266,2,268
43413230,894,614,5,619
32860852,3545,2675,47,2722
97092041,4030,2952,45,2997
10250907,2469,1893,30,1923
43994267,235,141,7,148
44070049,1128,860,23,883
43992175,657,501,16,517
43692048,437,308,6,314
11820192,1200,735,9,744
11771557,564,368,9,377
76210635,854,484,4,488
10910551,471,313,4,317
86743479,478,302,8,310
43691452,540,392,13,405
11780311,606,374,12,386
10340086,163,111,1,112
43417605,557,421,5,426
86730116,2121,1500,41,1541
22170024,1081,784,11,795
86910420,1228,883,5,888
76450260,732,482,7,489
54610534,93,71,1,72
97120447,1325,823,1,824
43414769,1314,905,15,920
32850536,8366,5323,26,5349
54620221,1215,670,8,678
32862179,2982,2289,14,2303
76330515,192,162,1,163
54130160,476,453,7,460
43622007,308,260,1,261
54620120,947,482,3,485
97520047,1465,1197,2,1199
97800015,3182,2599,3,2602
11790323,493,270,4,274
54540839,767,750,8,758
86742355,232,162,6,168
32870291,3560,2790,0,2790
33060901,2756,2207,0,2207
11580555,639,389,7,396
76470138,115,74,1,75
76290554,1015,403,3,406
43502329,869,559,8,567
54220047,1296,916,7,923
43693252,526,371,10,381
11770983,789,478,4,482
10790300,447,248,1,249
43691957,594,407,10,417
76520178,109,111,3,114
11640417,288,205,4,209
97120560,1688,1667,2,1669
11790480,159,88,1,89
43361580,2034,1372,17,1389
97092399,1495,1216,14,1230
33030357,1985,1621,10,1631
11620954,261,163,3,166
10591130,2297,1826,7,1833
43414444,1128,765,21,786
10850565,308,175,7,182
43410338,1657,1177,23,1200
54610051,1748,1090,19,1109
76080135,1318,878,12,890
86820644,347,327,1,328
86663009,687,504,5,509
87070013,2527,1762,23,1785
43410877,677,390,0,390
43360972,2298,1848,22,1870
11020026,776,506,17,523
21861244,544,491,3,494
10820247,744,494,15,509
43772317,1276,983,12,995
11460260,376,262,1,263
11570396,565,337,3,340
22640330,1484,1073,23,1096
54890893,476,448,7,455
43414512,984,602,10,612
76150188,1058,544,17,561
43581078,674,467,11,478
65850015,240,191,2,193
76161001,677,456,21,477
33260408,1097,1089,8,1097
76330144,1492,649,1,650
10310016,2559,1540,20,1560
43772171,381,258,13,271
21860917,1809,1000,18,1018
33250058,4237,3262,6,3268
11571229,324,200,9,209
32980147,3669,3145,16,3161
54590081,1212,738,15,753
43502240,435,233,8,241
86663166,491,394,5,399
10251537,2764,1929,38,1967
76420076,1774,1332,8,1340
32952382,972,1151,5,1156
76520099,1800,1020,17,1037
98400090,1877,1269,2,1271
97100478,2730,1801,15,1816
33240192,1306,896,5,901
86660602,1244,655,8,663
76480443,415,244,3,247
22090306,61,25,0,25
43416075,814,688,5,693
32861493,3211,2421,11,2432
43361524,1888,1288,37,1325
22600583,1227,812,8,820
76370610,558,290,4,294
54450211,2067,1564,31,1595
43501519,382,281,0,281
32890079,4260,2337,13,2350
11770848,1264,736,6,742
32960886,545,577,10,587
21860940,615,490,4,494
43581281,488,309,8,317
43583676,273,202,6,208
43360051,2961,2508,2,2510
54120237,267,270,4,274
43411418,778,565,10,575
32930366,1559,1076,12,1088
33330057,587,666,7,673
32900251,1189,982,8,990
11760780,217,124,8,132
86860019,2762,2103,27,2130
11751511,242,142,2,144
22150033,1676,1270,11,1281
86554187,217,184,4,188
76340257,705,402,1,403
11580049,837,457,9,466
10910630,251,140,12,152
86551320,2786,1292,9,1301
65230017,1077,734,19,753
10390069,1627,1165,10,1175
76290835,506,123,2,125
76090147,3739,2570,13,2583
76160886,254,255,10,265
86991531,752,565,4,569
43774050,405,262,2,264
11790457,323,98,1,99
32951460,1634,1174,18,1192
76211591,207,262,3,265
76141076,505,390,4,394
11620202,532,328,8,336
97100625,3528,2085,2,2087
43415311,59,68,0,68
76500277,306,193,9,202
43773149,75,78,0,78
10870231,647,436,7,443
76340695,629,364,1,365
76060245,1876,1275,10,1285
10810460,362,242,0,242
86990215,2275,1322,23,1345
43584251,255,197,3,200
65000269,1095,964,8,972
43415984,724,524,9,533
54620287,1119,617,7,624
11070885,321,226,0,226
76160493,653,360,12,372
10760071,71,54,2,56
33060349,2507,1888,35,1923
76140851,604,391,6,397
44050070,1134,1307,12,1319
76100925,2013,1149,18,1167
43390447,2247,1873,0,1873
76160516,825,499,8,507
11650429,478,300,1,301
32980181,4041,2752,3,2755
43391033,2205,1690,14,1704
76050019,757,551,1,552
22340113,1154,964,16,980
32850604,1876,1391,5,1396
54670147,606,393,7,400
22200141,863,599,5,604
10930137,1442,920,10,930
11290070,689,541,11,552
43690642,336,264,7,271
32960909,1353,1136,10,1146
97540252,449,237,5,242
54620108,1135,603,10,613
43390290,3886,3185,119,3304
97090106,1603,1142,10,1152
33270218,832,554,2,556
22770086,1837,1293,27,1320
11571162,362,242,1,243
43583654,349,289,3,292
11570699,524,332,3,335
54260221,2730,1745,27,1772
10870433,1137,802,11,813
11760960,252,166,0,166
33180061,698,658,6,664
43372087,1092,1099,53,1152
22410346,192,120,0,120
43770405,1606,1009,16,1025
76100262,1184,660,2,662
43991017,698,424,7,431
54260096,2059,1543,13,1556
32860492,1428,1157,540,1697
86690076,2356,1608,15,1623
32870695,1945,1224,24,1248
76080214,294,95,3,98
76150481,1116,639,10,649
43620027,547,397,16,413
54140048,2740,2115,32,2147
76080269,805,479,4,483
33061249,481,674,6,680
86770121,1820,1452,2,1454
86553625,94,52,2,54
43550074,1011,736,7,743
43416356,383,310,1,311
43951068,1100,1026,9,1035
76371059,372,377,4,381
65060030,1128,769,28,797
98010020,1704,1223,0,1223
86660578,647,380,10,390
43372032,2553,1893,46,1939
43412723,1800,1251,30,1281
76320659,530,285,0,285
11810348,1313,848,12,860
76150177,968,646,5,651
43774869,422,367,4,371
11750138,427,253,6,259
10850879,340,235,6,241
43504602,569,565,2,567
10810651,626,439,10,449
32930524,3248,2190,23,2213
97800194,775,740,4,744
43771372,880,615,5,620
43418965,343,263,2,265
76370957,177,67,1,68
97090353,2798,1859,19,1878
86550723,316,147,1,148
76340752,280,149,1,150
43584262,159,105,4,109
11680028,608,497,12,509
76140895,569,378,3,381
43361940,1367,1167,24,1191
43362097,2712,2242,72,2314
32841345,1645,1238,5,1243
86741130,737,467,7,474
76090125,6740,4943,17,4960
21861424,527,494,4,498
43990454,274,171,5,176
54650145,2525,1749,65,1814
43416424,114,89,3,92
97960023,3550,2810,9,2819
54760125,1410,1325,7,1332
22420954,1394,850,14,864
76341090,239,140,0,140
76350315,722,317,1,318
10820157,1164,898,12,910
76100587,495,300,1,301
11820024,581,268,2,270
43625516,351,268,0,268
33280051,3408,2266,23,2289
86991890,873,565,11,576
86740768,715,489,14,503
43670752,391,487,6,493
43411474,1127,693,11,704
32871078,3158,1907,21,1928
97093446,889,961,8,969
43380345,5884,4946,52,4998
11752006,384,262,4,266
32860380,529,398,2,400
11620796,179,91,0,91
22600651,1283,1001,9,1010
43370355,3495,2571,28,2599
97100883,1207,1220,10,1230
43417807,294,253,3,256
86720137,2983,1918,20,1938
43500383,407,296,2,298
76210837,648,343,3,346
33060440,1458,1084,16,1100
10600018,2254,1380,20,1400
98100086,500,309,9,318
22421797,186,128,0,128
11571016,144,91,0,91
97370062,453,192,3,195
43994559,315,291,3,294
32890811,839,1221,12,1233
76510256,598,298,2,300
43582125,502,329,4,333
76251045,401,285,4,289
32861392,2165,1672,10,1682
10300240,2522,1852,15,1867
43670055,2268,1740,14,1754
43350038,4349,3060,11,3071
32900240,4304,3287,29,3316
33250126,1573,1096,5,1101
43620106,1012,671,5,676
43950641,1806,1473,13,1486
32951336,1976,1098,11,1109
32841659,1625,1563,8,1571
43670325,2105,1649,30,1679
11460507,289,189,6,195
76211502,437,308,1,309
76540079,643,381,6,387
54860261,96,72,1,73
22720283,1125,847,12,859
33070081,2146,1399,16,1415
76320547,796,563,0,563
43430060,654,737,2,739
33090230,1476,1168,12,1180
54620401,911,509,20,529
43410495,428,351,3,354
76280520,641,451,2,453
11600525,333,177,2,179
65160019,1448,991,5,996
54340028,2132,1457,12,1469
43626012,281,266,0,266
10810279,315,192,2,194
11752051,258,168,3,171
65500130,39,40,0,40
11760128,621,409,14,423
76250943,244,157,1,158
11630630,341,200,1,201
43420058,1695,1790,11,1801
97091512,3682,2429,65,2494
22670063,1173,905,0,905
10230039,839,557,5,562
76280294,590,396,0,396
22420583,1341,814,19,833
43361018,1936,1609,20,1629
11581051,674,429,5,434
86660624,706,391,4,395
32851324,929,938,3,941
76340594,1556,893,3,896
97130358,2289,1851,7,1858
86580311,1033,725,16,741
10910876,104,71,0,71
43771888,1974,1357,24,1381
86742759,372,227,10,237
32951505,3397,2260,49,2309
86663021,570,318,9,327
21870389,1915,1381,11,1392
22240099,320,410,0,410
76380329,918,397,5,402
22750095,1645,1178,0,1178
86743592,340,341,12,353
33050012,2151,1152,11,1163
43370254,1553,908,11,919
76300488,1390,688,10,698
76350360,1423,813,15,828
10910045,273,149,4,153
54140015,2749,1919,35,1954
54650213,1813,1263,17,1280
97142553,854,719,11,730
76360451,835,577,6,583
76130344,483,249,5,254
76270215,1148,756,11,767
11570802,315,220,4,224
11390420,376,261,9,270
11750576,407,241,3,244
43415546,1132,868,13,881
33170138,596,519,7,526
10940868,218,169,2,171
10910292,320,199,2,201
97540140,313,163,4,167
65030026,193,73,1,74
76200869,229,193,6,199
11830586,393,276,0,276
22400626,167,145,1,146
10850666,252,174,0,174
32890080,1955,867,7,874
32890552,3961,3267,7,3274
43410596,2025,1552,28,1580
86743109,603,397,9,406
22720137,1316,832,0,832
43413870,306,265,1,266
32950638,3969,2828,11,2839
43411609,345,240,1,241
43621006,675,420,1,421
11780737,422,268,13,281
76460036,1726,1245,17,1262
43630028,1074,864,20,884
10850228,418,234,2,236
76290756,1098,302,7,309
86551432,2205,1247,18,1265
86992071,805,537,14,551
98380042,2106,1675,6,1681
76490275,825,498,3,501
32951202,2147,1314,8,1322
11640013,360,199,3,202
33270050,893,267,4,271
86660679,715,450,10,460
76500211,1872,1187,11,1198
11630472,237,137,0,137
76280733,397,317,2,319
86662075,1283,901,16,917
43504589,193,161,4,165
76220052,663,398,5,403
11830407,986,679,13,692
43418314,689,673,10,683
11620718,564,319,0,319
43740086,2552,2106,20,2126
22550015,151,107,0,107
65430031,2156,1547,22,1569
22080237,42,43,0,43
43390414,2176,1799,50,1849
11590196,428,253,2,255
97140191,1487,987,0,987
11820653,351,212,2,214
32940682,1641,1303,19,1322
11070290,599,361,1,362
43520026,1733,1375,19,1394
11570172,755,452,6,458
43410552,757,565,15,580
43414376,872,586,10,596
32951583,1931,1338,8,1346
43504792,128,102,0,102
10251010,2792,1736,95,1831
43690484,642,431,5,436
86742838,893,752,8,760
43583395,1149,887,21,908
86870032,3146,2381,12,2393
32850457,6151,2809,16,2825
11650317,878,534,13,547
54540154,2957,1915,43,1958
76130265,1548,856,14,870
33061216,341,556,9,565
76400287,801,418,8,426
22400266,258,190,0,190
76340527,896,465,3,468
97520126,2070,1187,11,1198
54530052,2753,2151,28,2179
76360541,1439,676,0,676
10810325,192,135,0,135
10870848,338,243,2,245
54610365,554,469,0,469
98280119,2618,2001,12,2013
97100591,921,793,3,796
10940396,551,375,5,380
54660146,109,89,5,94
22120209,226,168,2,170
11640080,834,477,56,533
10790704,279,175,24,199
65420030,402,700,5,705
86740825,502,325,3,328
10840643,294,196,3,199
86661119,2033,1301,12,1313
10560035,1752,1038,15,1053
22820116,195,123,0,123
43770999,862,700,15,715
43625662,67,53,0,53
22630250,95,54,7,61
32961034,640,597,8,605
21860490,1763,1241,9,1250
43992265,472,290,4,294
43412239,731,505,6,511
86680042,1650,1274,7,1281
97110413,1760,1341,12,1353
65030048,98,56,0,56
86930118,1823,1007,18,1025
11760656,357,242,10,252
43993468,1149,882,7,889
32980024,4136,3589,6,3595
11590567,370,196,4,200
54600061,3168,2270,27,2297
33000039,3402,2439,25,2464
10871243,282,174,1,175
43371233,4986,3905,19,3924
43993413,423,305,5,310
43500439,982,669,11,680
11650081,549,297,2,299
11590455,631,361,8,369
10430222,414,388,8,396
43625741,165,133,1,134
10590094,2352,1684,16,1700
32951819,2668,1941,5,1946
11130040,383,230,2,232
86661951,1570,959,20,979
21870334,1524,1006,27,1033
76140468,1252,787,14,801
76160167,1139,704,21,725
43951226,678,738,0,738
43504882,491,430,4,434
54540345,1318,973,6,979
86990046,523,299,1,300
54670327,64,99,3,102
43500899,1022,763,6,769
10990010,576,588,12,600
11590512,186,13,0,13
43581685,1517,1197,19,1216
76380778,549,517,4,521
11630663,428,254,3,257
11070379,328,217,4,221
11570475,547,348,2,350
22410470,126,105,0,105
76320660,939,466,0,466
98130102,1456,1002,11,1013
22421281,931,634,8,642
32841446,1503,1216,0,1216
76280395,583,275,1,276
43770281,525,337,10,347
65530289,44,41,0,41
54570045,912,397,10,407
86660770,689,481,4,485
11770602,550,241,3,244
11420053,45,27,2,29
43990050,211,155,6,161
22200051,1170,528,3,531
86820611,136,55,1,56
10910483,289,183,1,184
11080673,682,459,13,472
76510177,510,219,4,223
11820259,699,413,7,420
86661355,1101,703,9,712
10910797,278,177,3,180
43691799,812,564,13,577
22590233,1052,788,16,804
11761185,321,208,3,211
10591163,1085,895,22,917
22421012,1399,808,20,828
97200200,1288,866,11,877
11800088,517,306,7,313
10590432,1811,1758,11,1769
54560033,179,200,1,201
76190148,608,356,1,357
43740154,1969,1701,20,1721
43500530,673,459,0,459
43991220,453,304,11,315
22750275,909,680,11,691
43361827,1867,1284,3,1287
32940356,2386,1759,18,1777
11610458,405,266,2,268
22630025,109,46,2,48
98350027,282,128,4,132
43690800,731,545,9,554
97100153,2796,2193,14,2207
11611178,324,200,2,202
43584486,251,213,2,215
32960202,1701,1202,10,1212
22100117,95,38,0,38
43502105,434,293,6,299
86551768,633,388,23,411
11770152,753,444,0,444
98400304,1972,1861,1,1862
43411542,880,287,3,290
76500154,3888,1556,44,1600
11771861,653,417,15,432
32850042,2975,1836,1,1837
43691531,279,166,4,170
54620513,1007,743,13,756
76230402,435,258,6,264
65680038,47,37,0,37
43620735,393,269,0,269
43620588,791,614,10,624
86580333,363,257,5,262
10540022,1679,1068,8,1076
33260127,4209,2852,13,2865
43414589,496,311,5,316
54620298,1180,767,12,779
10250244,3011,2389,3,2392
76130580,716,297,10,307
54790016,2972,1845,13,1858
76500288,147,96,3,99
43418617,319,327,3,330
97360027,505,329,9,338
33030010,2456,1816,22,1838
43416873,347,271,3,274
10910450,251,145,7,152
86670063,1770,1294,16,1310
76150818,608,462,4,466
22410256,121,43,2,45
11390341,326,196,1,197
11570295,490,307,11,318
76211546,171,159,2,161
86991182,2066,1303,20,1323
10790377,422,235,2,237
22430180,103,71,2,73
10600030,2095,1204,27,1231
86740072,677,335,5,340
97100085,2715,2501,8,2509
86552130,784,499,11,510
11631473,675,436,3,439
33290108,1148,1118,13,1131
11761107,279,170,2,172
76251168,342,297,4,301
43360219,1810,1466,10,1476
86553670,649,381,12,393
54830099,528,647,5,652
11070234,252,177,1,178
76460058,921,818,2,820
54610073,1716,1075,19,1094
86554301,392,320,10,330
43582147,407,270,3,273
11650250,618,382,8,390
43371378,3867,2884,46,2930
11620943,318,204,0,204
33060394,2624,1896,8,1904
43951103,1427,1255,20,1275
87020197,4065,2709,2,2711
10250536,3473,2598,20,2618
76130322,1961,1094,13,1107
43371008,2662,2191,36,2227
76330548,337,287,2,289
76180204,405,255,3,258
33080240,2414,1665,18,1683
43740255,549,597,68,665
11330019,1961,1330,31,1361
10890389,306,178,4,182
76130209,424,221,0,221
32850806,3013,1979,16,1995
43626124,193,171,2,173
43775028,257,232,21,253
10810156,584,402,1,403
11770062,1190,621,30,651
76101511,148,143,2,145
43670707,1429,1209,14,1223
86580085,1296,737,7,744
76481062,596,506,2,508
43691261,496,343,6,349
54220272,325,240,4,244
76190081,651,426,0,426
54260434,1754,1542,7,1549
86743468,910,614,21,635
43582260,809,622,9,631
10870376,276,137,11,148
43419258,362,371,0,371
43416457,533,330,6,336
11460406,236,159,2,161
22650331,230,129,0,129
76100431,1646,553,6,559
86920027,2062,1165,42,1207
11610278,966,605,7,612
65670015,1955,1257,5,1262
22410043,689,501,8,509
43413803,745,510,8,518
43770797,716,512,23,535
10910427,220,130,2,132
43771158,1045,851,13,864
76170179,1886,1127,14,1141
43416693,691,559,11,570
97220178,839,671,10,681
33010715,3770,2937,7,2944
11810269,360,193,2,195
76100330,1569,546,6,552
43412206,1278,920,5,925
86551511,516,256,9,265
43390065,2888,2258,12,2270
43415939,229,163,2,165
43361007,2051,1740,9,1749
32960358,1869,1326,9,1335
65680016,72,33,2,35
11790727,201,117,10,127
11620875,329,200,5,205
10890345,299,203,4,207
86991238,820,526,7,533
43691643,738,414,6,420
86990271,965,532,0,532
97860033,165,61,0,61
43418156,664,512,10,522
11600110,800,412,19,431
11070739,322,182,2,184
86740623,876,563,19,582
76481118,147,107,1,108
10950162,520,357,7,364
43501137,891,581,5,586
10250615,2738,1878,18,1896
76060032,2098,1273,3,1276
76510021,247,171,1,172
11770556,793,453,11,464
97920018,1337,708,6,714
43360961,1093,908,21,929
43361029,2669,2171,27,2198
86662873,1447,1008,8,1016
76350247,643,396,0,396
22120333,231,221,4,225
43626045,251,199,1,200
54450086,544,390,5,395
76340381,498,290,0,290
76270518,182,151,6,157
86850108,312,278,1,279
43692307,1187,776,14,790
76190654,439,309,4,313
76220131,968,553,7,560
11591007,315,182,2,184
43625998,251,241,5,246
98320024,411,245,1,246
11772053,449,304,11,315
43413229,601,368,10,378
10841048,197,144,2,146
21870525,420,354,6,360
97140832,2178,1295,23,1318
43371918,1425,1268,12,1280
76480184,294,174,0,174
86551409,1308,823,16,839
54880285,2139,1665,9,1674
10590049,1443,982,14,996
86670153,1830,1149,14,1163
43991859,203,169,1,170
10871287,203,128,2,130
43994032,373,322,4,326
11080954,320,224,6,230
97142205,2117,1758,23,1781
54440254,155,106,7,113
97090151,3922,1477,28,1505
43950461,2326,1644,8,1652
86740858,1254,643,24,667
11630461,525,294,3,297
43418123,718,622,14,636
32862630,3007,2461,21,2482
43920042,1098,899,14,913
43501968,1052,685,8,693
10250187,3524,2852,7,2859
33010018,4381,3018,45,3063
43770067,415,280,10,290
43771136,788,593,14,607
43390335,3089,2182,28,2210
10810819,191,117,1,118
43430015,2126,1377,8,1385
32863226,897,765,148,913
10890266,337,224,6,230
22320212,595,570,5,575
10251706,639,982,12,994
97660019,1582,994,9,1003
76330166,704,366,9,375
22420987,622,419,5,424
32960842,1087,1225,2,1227
86553861,365,332,5,337
86580074,1174,735,3,738
32870538,2344,1853,16,1869
86992161,593,344,19,363
76170540,1285,891,24,915
22720351,1523,1071,0,1071
54670080,195,46,0,46
10720011,1177,822,16,838
43624784,325,213,7,220
76100914,903,596,8,604
43400685,3202,2270,37,2307
86553490,1009,592,13,605
86661287,826,396,12,408
11570857,414,233,2,235
11650609,328,195,2,197
54540031,1156,922,20,942
76240166,1663,804,6,810
10250424,2844,2219,23,2242
11820989,127,77,0,77
43413634,978,598,6,604
86742434,1868,1303,60,1363
43412936,639,427,8,435
97430014,1445,1050,10,1060
43620757,523,349,1,350
11611099,196,100,0,100
54910458,1236,795,11,806
32960077,2526,1700,23,1723
43410686,236,140,2,142
22240011,1854,841,4,845
44000019,2735,1775,24,1799
43621602,560,358,1,359
10920417,315,210,2,212
11610481,328,210,4,214
10820450,434,282,1,283
76300680,202,126,0,126
32930849,1722,1409,0,1409
10570160,649,424,7,431
10460102,4887,3225,32,3257
11800033,562,361,0,361
43412420,744,503,7,510
76450181,2007,1294,6,1300
33240079,2232,1285,15,1300
43773048,407,306,2,308
11790424,278,110,1,111
65440223,1616,1133,31,1164
10460124,60,47,0,47
76210095,538,235,5,240
76360439,759,447,3,450
22600516,547,341,11,352
11590859,300,166,3,169
10910461,337,186,2,188
97140775,2123,1767,3,1770
21861479,787,704,14,718
43419281,199,162,8,170
22800068,235,155,3,158
33020446,4056,3071,11,3082
76210275,589,362,13,375
33010939,5363,3381,64,3445
33060495,2043,1568,12,1580
10870219,1427,878,23,901
11751612,295,202,3,205
76370519,1935,1080,6,1086
10250839,2266,1549,21,1570
11610155,236,106,2,108
11780625,300,185,1,186
76330010,908,444,13,457
97090779,1655,1254,9,1263
76360967,118,103,0,103
76150166,931,652,14,666
76080056,1623,892,16,908
97110165,3290,2597,10,2607
11771715,138,81,0,81
76270305,1077,713,4,717
11570767,398,152,3,155
65370023,2527,1765,29,1794
97100445,3561,2500,183,2683
54720109,1154,1055,4,1059
33250722,1905,1541,20,1561
86554154,338,241,7,248
97091905,2258,1543,14,1557
10850598,551,321,8,329
76211467,390,210,1,211
11650025,1282,725,27,752
32840490,6284,4207,0,4207
43500596,1471,977,9,986
76101140,154,129,0,129
97940021,827,474,6,480
76101139,181,145,0,145
43361692,1596,1122,3,1125
11070076,448,277,3,280
76230255,373,210,2,212
43770584,398,263,13,276
97131135,3526,2254,20,2274
43993693,713,501,14,515
10820595,487,385,4,389
22770020,1481,956,0,956
43950821,2320,1749,23,1772
86741073,301,169,8,177
97110097,1254,971,5,976
76250549,739,406,5,411
86552815,721,369,10,379
22421708,193,136,3,139
43418808,1014,1004,83,1087
11130039,108,49,0,49
86742816,333,202,5,207
10820731,620,421,1,422
43371974,1103,1190,8,1198
10250648,3920,3056,52,3108
43413386,1011,801,8,809
33040033,2824,1906,29,1935
76130401,286,159,2,161
43994717,375,337,5,342
54870161,183,113,2,115
86870346,2518,1823,35,1858
22210210,139,83,0,83
11770433,792,448,3,451
10490060,190,118,0,118
43504321,665,591,6,597
86743637,232,196,1,197
22421528,351,309,0,309
76211210,496,288,1,289
32950616,5017,3696,11,3707
11070188,397,192,2,194
11780670,461,300,12,312
43621927,2031,1503,18,1521
65290057,48,29,3,32
97110536,432,371,3,374
65440065,2771,1936,31,1967
86661883,327,398,3,401
11751252,807,559,5,564
11580038,1387,933,9,942
43500833,878,513,2,515
11800101,533,261,3,264
86690177,1621,1444,18,1462
97091455,1139,871,6,877
43994313,852,642,7,649
43693140,299,315,18,333
98430071,1337,862,2,864
32870381,2978,2045,26,2071
65090279,619,347,5,352
22820341,25,24,0,24
43503768,422,301,4,305
76240346,625,66,0,66
97830142,242,155,1,156
43412004,1059,673,7,680
10930250,181,120,4,124
76221064,556,432,4,436
43410057,665,467,3,470
97091174,3765,2580,34,2614
43693241,189,172,2,174
76230378,604,374,7,381
86553096,1198,739,12,751
33260194,1822,1349,17,1366
76370597,1395,654,3,657
43740132,2006,1691,6,1697
86920061,1960,1387,64,1451
97710071,707,479,8,487
43504758,479,413,3,416
76380396,631,301,1,302
98400180,1662,1216,7,1223
97370107,354,403,0,403
65440122,2274,1428,13,1441
11600783,649,508,4,512
22640262,121,82,1,83
32950784,2282,1543,11,1554
97130482,1099,954,10,964
54200089,309,276,6,282
76130041,1370,1015,6,1021
76320536,1330,817,6,823
22400558,487,377,13,390
43670729,1018,1076,3,1079
32980215,7993,5911,14,5925
11630124,588,314,7,321
76530113,215,126,0,126
32840377,3036,2313,0,2313
54430084,325,309,2,311
76090361,442,441,3,444
43411036,354,246,0,246
54790432,3657,2911,5,2916
11760544,296,153,0,153
43771934,947,696,1,697
54440175,676,543,3,546
32860830,3323,2258,13,2271
11821418,386,293,4,297
33250676,311,295,1,296
66010036,87,55,1,56
22421337,476,382,12,394
98070071,579,324,2,326
54590159,1606,1089,16,1105
86663302,308,229,5,234
32850738,6424,4462,3,4465
54590351,970,698,4,702
76200487,179,123,0,123
11070942,537,343,3,346
11560463,265,211,5,216
10950173,486,296,3,299
10920079,123,77,0,77
43413410,1060,749,14,763
11571364,144,111,4,115
76110140,2692,1925,6,1931
32850479,4777,2154,20,2174
43691700,1189,787,10,797
11770501,651,372,13,385
32862090,1891,1479,14,1493
11580319,893,592,9,601
86662008,638,449,13,462
54860193,250,176,2,178
33000343,1648,1070,6,1076
65440278,1862,1421,21,1442
76321447,363,298,3,301
97130088,3115,2367,20,2387
43590089,1563,1206,0,1206
43691463,678,541,11,552
32863327,483,455,7,462
54400104,1492,1064,15,1079
76380059,933,595,7,602
32860751,4270,2252,21,2273
54790588,1150,938,12,950
43415434,336,228,7,235
11820349,226,114,1,115
86820464,1360,1145,4,1149
11070582,586,355,6,361
22190037,636,516,11,527
66010025,80,44,0,44
76510302,270,165,2,167
22630137,203,107,5,112
76480151,530,277,5,282
11820125,779,422,7,429
11771344,292,159,3,162
10100103,1483,952,20,972
86553614,114,81,0,81
11830395,893,664,5,669
76490028,847,566,6,572
32870831,1373,1019,14,1033
65440188,1794,1098,14,1112
86930051,2966,2003,14,2017
43390357,3478,2806,41,2847
11460585,193,134,1,135
10850543,488,312,6,318
11390239,444,249,5,254
33090038,2771,1522,11,1533
10920057,497,319,6,325
43771271,802,701,8,709
97200075,3271,2446,11,2457
10300037,2646,1942,23,1965
11831307,286,225,5,230
97092232,1420,891,38,929
76400478,188,124,12,136
43361759,1845,1271,9,1280
22490108,829,519,11,530
43990803,1298,944,8,952
11390093,575,312,6,318
10890086,896,575,11,586
32951796,5672,3288,43,3331
43771507,345,260,5,265
76330223,530,123,3,126
97091714,2619,1759,10,1769
11810551,763,391,2,393
11390464,677,410,4,414
43501317,392,278,4,282
76340055,700,445,1,446
65820034,216,136,3,139
43773273,1494,1218,5,1223
11620684,104,71,1,72
21860333,1987,1451,15,1466
97142362,884,609,9,618
54650358,1660,1293,12,1305
11771872,512,350,6,356
21930027,1668,1133,13,1146
11390486,699,377,7,384
43413791,617,432,3,435
54210259,931,758,6,764
32931008,373,454,5,459
33260228,3836,2368,0,2368
10840092,538,411,3,414
86910240,1076,925,0,925
43772564,384,240,0,240
10250110,5801,3967,8,3975
33061137,811,837,13,850
22730037,572,521,4,525
97220044,2676,1606,16,1622
43420137,1035,1135,10,1145
43993042,742,515,70,585
33000332,5404,3998,49,4047
76080270,448,228,8,236
32890710,997,927,7,934
54110012,1283,928,3,931
97820152,435,265,7,272
76170483,1771,1064,4,1068
54570258,1404,787,7,794
86992958,207,141,4,145
86700203,1935,1301,15,1316
97120605,1059,900,0,900
10300149,2019,1590,23,1613
65760059,403,309,1,310
97090173,2374,1677,30,1707
22540171,2356,1439,35,1474
43391123,890,1161,7,1168
43361377,1089,1125,16,1141
43580572,1349,1163,0,1163
86742030,499,302,3,305
86990169,931,640,14,654
43771147,360,295,6,301
98370018,2735,1563,21,1584
11810067,565,563,2,565
54470213,576,597,8,605
54610343,845,693,10,703
43990768,992,711,6,717
11800437,711,481,1,482
11490049,548,521,13,534
43990218,893,736,11,747
86662109,1331,830,13,843
76160055,1391,704,76,780
32870448,983,747,6,753
43772418,823,641,7,648
86910150,1308,700,7,707
33060316,2131,1409,13,1422
76210994,327,157,1,158
11580825,577,329,7,336
43361085,3861,3060,50,3110
97280231,1035,851,10,861
11570903,535,352,17,369
43501687,166,107,1,108
11580779,194,127,11,138
10420074,100,51,2,53
43625392,193,141,1,142
43410945,592,389,2,391
76360260,602,352,0,352
43991882,390,303,6,309
22590109,1453,1063,14,1077
65990054,56,19,2,21
22240066,839,665,8,673
33030560,1944,1772,10,1782
10920068,809,502,3,505
86990866,385,224,0,224
43582732,485,275,7,282
43692756,346,266,3,269
76480252,334,199,6,205
76350102,321,160,2,162
65760015,963,646,1,647
86663267,552,427,7,434
11810494,323,143,6,149
76370799,898,537,3,540
33240215,2044,1290,22,1312
76130737,206,115,0,115
43416042,638,617,3,620
11460204,308,170,0,170
43414028,614,402,10,412
76320424,1254,892,17,909
10920552,40,36,1,37
54650583,1369,1218,10,1228
43501799,962,642,4,646
11080493,246,170,3,173
86661658,2430,1271,28,1299
76351248,301,191,1,192
10810022,435,277,2,279
43415771,2866,2142,7,2149
86553445,287,211,4,215
11830092,1065,695,16,711
76170685,931,808,7,815
11590422,323,149,9,158
43960035,1068,843,5,848
22210030,1105,772,15,787
76230301,474,266,4,270
22470072,2673,1734,20,1754
43503948,1002,822,8,830
43580404,1990,1787,75,1862
76120220,146,108,1,109
76090103,3522,2046,27,2073
10591343,993,1022,16,1038
65440302,2337,1672,13,1685
86990394,293,199,2,201
11800246,264,121,15,136
43992704,316,210,1,211
86990013,1070,761,2,763
43361153,2704,2312,25,2337
32960730,2955,2091,23,2114
10850295,614,405,6,411
43361658,2477,2842,18,2860
54490079,557,525,10,535
54330016,3316,2270,12,2282
54450154,336,239,6,245
97540195,81,33,0,33
43417650,450,409,8,417
76250358,1253,663,18,681
43413038,658,486,5,491
76380587,728,483,8,491
32870246,2828,1983,17,2000
54540053,1177,802,19,821
86742322,865,615,14,629
11800303,351,221,12,233
76310298,758,494,11,505
22380049,2194,1388,20,1408
10870062,1045,714,11,725
65590038,506,689,4,693
43416659,530,399,9,408
11752264,343,282,12,294
54650022,2661,1751,5,1756
76190339,1478,906,23,929
76160684,1360,949,14,963
11820260,410,197,4,201
76420087,541,537,5,542
10820753,530,379,2,381
97530194,846,535,10,545
32940020,2810,2066,21,2087
86991902,953,698,15,713
43371345,2826,1953,12,1965
54790252,2119,1576,13,1589
10100035,1314,907,15,922
10940385,412,250,7,257
22120063,292,203,4,207
32890013,6136,4291,13,4304
33250700,1455,1414,16,1430
22600572,657,470,7,477
43621376,550,365,6,371
54900109,271,185,6,191
10850576,436,286,5,291
86740690,860,529,17,546
76490253,579,209,3,212
43580011,832,524,5,529
43583621,1689,1292,18,1310
11751768,479,318,17,335
11810720,512,346,2,348
10790524,267,184,3,187
76150447,1310,792,16,808
86554042,129,90,1,91
11831295,382,249,7,256
11590893,158,98,2,100
76090136,4177,2747,16,2763
32851100,740,754,6,760
43415131,756,491,2,493
86991137,1167,756,8,764
76280845,455,346,18,364
43993806,180,147,0,147
43502396,957,600,5,605
86553782,319,208,8,216
54910964,361,371,3,374
10820506,450,301,4,305
54911101,237,256,2,258
54660045,127,59,0,59
76140840,666,436,5,441
11830205,544,379,4,383
54400014,423,275,4,279
76450428,836,661,5,666
11630348,285,176,0,176
86740746,763,449,11,460
11810887,320,230,4,234
10890110,475,314,1,315
11380014,277,245,4,249
65440672,673,583,3,586
86740061,557,421,10,431
43991545,1935,1539,7,1546
76470105,1516,954,22,976
87020175,2647,1608,0,1608
86990529,1598,1004,19,1023
76140266,1215,692,4,696
11080820,413,265,7,272
54580282,555,456,5,461
11750622,622,366,17,383
86743110,390,295,5,300
10250716,2584,1791,20,1811
11610177,746,437,8,445
43690024,373,304,7,311
33060192,2855,2081,22,2103
86990787,235,131,3,134
11800493,318,197,4,201
10300217,2428,2079,9,2088
86553366,1260,842,30,872
76340662,328,153,1,154
11831543,583,558,6,564
43416479,588,409,11,420
76080652,321,263,5,268
76080292,498,369,4,373
43621107,344,7,0,7
43580279,1294,1134,20,1154
11590028,599,360,3,363
43640085,546,464,7,471
22610045,1254,818,19,837
65140040,1531,626,1,627
76180024,221,112,3,115
22600044,1511,1044,4,1048
86870380,1544,1095,42,1137
11010058,872,522,18,540
76050042,1176,658,4,662
22420145,832,578,7,585
11650812,528,418,7,425
11071257,243,162,1,163
11690096,824,666,12,678
54840179,257,259,4,263
33060293,2661,1970,16,1986
32950931,2871,1890,9,1899
97130291,2099,1718,15,1733
76150740,720,637,10,647
33290018,547,364,11,375
10150018,2485,1541,16,1557
97300054,1182,851,12,863
65350111,64,64,0,64
54540918,594,530,3,533
76480016,152,44,0,44
65090370,137,51,10,61
76480173,505,274,2,276
22490085,625,555,9,564
76130210,742,367,7,374
76160954,361,326,1,327
11760241,527,316,7,323
76340460,1127,695,1,696
98380031,2452,2145,13,2158
87020232,2831,1664,23,1687
97091770,1446,1214,18,1232
32980282,1555,1035,20,1055
10250750,1964,1464,23,1487
98410136,2367,1689,21,1710
22410289,1056,751,13,764
11080314,434,276,0,276
11751094,421,222,5,227
33330035,684,516,10,526
86910116,1383,794,15,809
43772856,412,298,3,301
76321391,211,121,2,123
86730037,2030,1371,16,1387
22020174,2110,1263,21,1284
11390701,230,148,6,154
65090022,180,114,2,116
33310213,223,191,1,192
65140073,1992,1335,26,1361
43413331,1261,893,18,911
76110128,1997,1032,14,1046
43440016,1519,1118,16,1134
54180019,2142,1574,22,1596
32930625,2136,1589,15,1604
43800038,115,81,0,81
11580443,630,360,4,364
32840759,1409,951,11,962
33150046,388,288,4,292
11160155,271,218,5,223
43416716,824,533,14,547
43581809,284,146,7,153
32870257,3581,2940,10,2950
54620546,554,378,0,378
11571027,427,226,2,228
43990689,695,416,11,427
86741657,477,360,9,369
54900187,389,290,6,296
43504398,1220,950,17,967
54410206,553,360,4,364
76351169,438,271,1,272
43502790,322,189,2,191
43993996,1022,839,7,846
11690063,408,244,3,247
11821328,418,275,3,278
22290038,839,731,29,760
43770191,1185,795,28,823
11750970,1215,749,7,756
11620583,701,428,3,431
10950050,510,319,9,328
76500132,1484,1012,14,1026
32860054,3146,1966,17,1983
43991073,982,643,23,666
11590343,380,217,2,219
43371851,859,652,7,659
76170258,2799,1810,24,1834
11760667,426,232,5,237
43994751,316,268,8,276
43772968,616,415,3,418
11580689,353,223,7,230
43504455,388,314,3,317
11761028,216,144,4,148
21860401,1851,1244,13,1257
43503993,887,649,5,654
86553164,106,53,2,55
76101252,892,645,5,650
33240484,693,547,1,548
43692880,26,18,0,18
76321582,328,263,2,265
43415513,535,394,4,398
43950999,2306,1515,17,1532
54790735,500,540,12,552
54160095,1145,990,0,990
22810227,102,57,0,57
76470026,1989,1164,6,1170
10890312,962,631,6,637
97091556,3269,2409,0,2409
76390050,782,363,9,372
54890927,396,393,3,396
33190017,2586,1478,6,1484
76320187,484,230,6,236
32841378,2573,2075,10,2085
97131067,1804,1791,1,1792
97100142,1979,1539,10,1549
22630115,124,62,1,63
54420083,251,192,1,193
32890248,2190,1702,14,1716
97280141,1765,1094,12,1106
97130673,1936,1596,15,1611
86820239,787,440,3,443
76320312,742,381,9,390
43570032,2187,1316,2,1318
11750420,434,265,9,274
11630719,297,175,0,175
32851379,1501,1899,15,1914
43690237,557,401,16,417
76420054,1761,1352,8,1360
43773981,580,402,4,406
43418741,550,488,2,490
43950629,2410,2065,17,2082
76481163,347,262,2,264
43570201,1026,1065,2,1067
22421742,369,287,7,294
43418381,521,517,9,526
22650184,163,76,4,80
86662570,1265,953,22,975
11800864,247,152,1,153
33250474,2185,1574,24,1598
86551050,320,233,8,241
22421810,172,124,6,130
22740072,1450,1065,8,1073
43950933,627,520,7,527
10300093,2480,1871,19,1890
10110025,1080,862,13,875
76220591,786,482,6,488
76370979,130,73,1,74
76370126,877,489,6,495
86741017,1643,1071,6,1077
10910595,332,213,0,213
32841705,138,305,0,305
54260300,2913,1917,35,1952
43993390,605,366,9,375
32930962,1301,1252,5,1257
97660042,833,607,5,612
32940211,1308,1088,18,1106
65350032,96,7,0,7
76170225,651,399,4,403
76490039,297,203,0,203
32860560,2326,1782,9,1791
11030320,1226,901,1,902
54910425,1155,917,10,927
11640529,363,213,5,218
43951349,638,467,11,478
43692273,1609,1038,24,1062
43690013,596,374,3,377
22260013,1111,735,12,747
10910584,370,242,3,245
10590410,2078,1406,0,1406
54400126,495,445,12,457
11580735,407,272,1,273
54230240,561,623,4,627
10251470,1871,1199,17,1216
43600104,2910,2054,21,2075
76290925,346,125,2,127
11800628,274,166,3,169
43361805,1901,1304,28,1332
43360310,2625,1884,8,1892
10591208,1142,954,8,962
32951190,1653,1096,1,1097
11750093,687,346,2,348
64990020,1686,1189,20,1209
54820076,590,738,12,750
10430020,83,70,1,71
32862528,884,467,7,474
76120028,258,151,0,151
32952348,860,770,1,771
76130186,332,170,5,175
43625134,283,202,2,204
11780928,530,361,10,371
33020200,3864,2860,28,2888
76360091,609,360,1,361
76170304,388,237,6,243
33090364,2208,1518,42,1560
54130036,1613,1038,8,1046
10910988,317,211,7,218
86900058,2201,1301,41,1342
86551072,1110,626,17,643
43670549,2686,1997,40,2037
43417188,258,190,2,192
22600178,1478,879,11,890
11631327,516,300,14,314
32952618,2129,2094,3,2097
22340023,1351,844,7,851
22740139,1609,1095,11,1106
76360428,673,450,1,451
11620101,350,222,2,224
97141901,793,446,16,462
76290262,600,251,0,251
43414354,607,349,11,360
43360039,1733,1110,9,1119
54540581,642,580,3,583
11780478,843,525,15,540
97142148,2336,1776,16,1792
11751746,579,399,9,408
43390403,4110,3102,84,3186
54890792,1724,955,28,983
43800027,144,89,2,91
43580628,390,258,4,262
65000045,2375,1584,19,1603
10790018,391,190,5,195
32841143,2449,1827,10,1837
11490050,196,196,2,198
54750034,1395,1148,9,1157
32951943,3252,2600,10,2610
76130298,374,224,2,226
11030229,477,294,4,298
43410226,624,386,8,394
10890536,274,182,4,186
22410100,208,147,2,149
22400491,137,37,0,37
43412666,921,617,10,627
76220478,721,437,2,439
33060091,1977,1469,13,1482
10871412,451,317,3,320
10251324,1658,996,13,1009
43419023,430,376,10,386
54680115,379,216,4,220
97141147,2921,2194,31,2225
43774533,248,184,4,188
22150280,1088,941,17,958
97200378,2151,1778,4,1782
86590110,1263,881,2,883
43625303,407,271,4,275
76380330,421,217,4,221
10591365,760,825,8,833
43412767,1216,765,72,837
33010737,2115,1200,1,1201
11630393,550,248,2,250
22421461,531,478,14,492
54670271,28,32,1,33
44050036,2869,1816,15,1831
21860254,1000,744,4,748
43390728,1734,1306,18,1324
11790581,410,273,2,275
76340987,732,481,2,483
97530161,929,539,15,554
11580667,548,360,2,362
43418550,340,293,1,294
33060529,2957,1971,0,1971
10251627,1119,990,17,1007
32930467,2192,1370,15,1385
98310045,564,264,4,268
54860081,286,265,4,269
32860706,1247,1006,7,1013
21860445,1292,961,2,963
43840087,445,580,5,585
54911044,335,443,8,451
43502419,738,520,1,521
33020693,1338,1174,20,1194
43951259,1131,1398,14,1412
11080730,193,119,1,120
32960505,2161,1570,18,1588
11070021,942,595,0,595
97090061,2950,2015,0,2015
43414095,655,484,6,490
22630272,105,84,4,88
65130016,1209,749,16,765
76170652,391,280,4,284
97092254,4231,2652,19,2671
10790423,467,303,2,305
97820062,666,408,4,412
65870028,1569,867,2,869
11790514,362,255,2,257
54440388,314,247,1,248
43740110,2972,2027,80,2107
86551814,184,125,2,127
32850693,1427,1165,5,1170
10860049,885,585,16,601
43774588,888,690,13,703
54220070,751,522,6,528
43773767,376,264,1,265
65440133,2399,1534,20,1554
76211298,622,398,2,400
11801135,241,158,1,159
32952089,3391,2385,27,2412
86550206,392,215,6,221
43621501,512,317,6,323
43503285,497,366,12,378
76450215,490,338,2,340
10820113,1839,1317,19,1336
32871034,2032,1671,4,1675
43362198,1499,1361,14,1375
97092063,4073,3162,1,3163
97140326,2612,1740,12,1752
11330020,635,475,44,519
10120026,1988,1482,11,1493
10670206,710,554,10,564
43774140,382,280,3,283
76190160,1035,697,8,705
33250362,2473,1574,9,1583
97130516,2431,1733,2,1735
43501889,228,130,2,132
22400222,216,151,1,152
11600378,318,195,1,196
32953013,1405,1469,2,1471
97091376,3075,2413,10,2423
97790079,220,168,0,168
54590283,1065,730,10,740
32951886,3388,2264,14,2278
97100164,2646,1811,0,1811
11100058,594,337,6,343
32870774,1532,1177,20,1197
43770045,538,420,12,432
43370849,3386,2907,42,2949
33150057,793,556,8,564
76190328,1061,602,15,617
97140494,2199,1799,15,1814
33061047,2758,1348,13,1361
21861862,311,451,2,453
43583991,1730,1528,0,1528
86920094,1457,1260,34,1294
54660191,236,261,7,268
11750352,272,140,1,141
76490220,1137,762,11,773
32870639,2635,1591,17,1608
76160875,637,533,20,553
76350988,972,689,8,697
11400017,914,647,10,657
10790311,742,355,2,357
76101353,314,222,2,224
10810606,229,142,2,144
43370759,2406,1754,2,1756
76080674,307,200,1,201
76290475,1050,399,8,407
43360286,1217,801,7,808
11740047,1214,1037,10,1047
43582800,1401,855,29,884
97520272,1768,1060,9,1069
11070380,396,232,3,235
43772441,1416,1115,28,1143
97130549,2262,1763,1,1764
22421865,200,158,2,160
86992060,1398,796,12,808
76290699,826,239,2,241
86991564,944,541,0,541
76310399,339,211,6,217
76170663,307,238,7,245
86991463,139,84,3,87
86743323,666,453,10,463
43582473,2202,1862,0,1862
33170059,1274,759,15,774
76141009,184,114,3,117
11810135,480,243,1,244
10080032,2852,2375,12,2387
86662963,1043,875,12,887
10950094,1028,673,3,676
65210026,137,63,0,63
11591399,281,176,2,178
54540390,2071,1361,26,1387
65290136,109,59,1,60
54600139,2122,1453,26,1479
44030113,980,891,4,895
43500057,300,209,3,212
43504703,355,331,2,333
32871483,1477,1164,23,1187
76101027,431,263,10,273
97270173,780,656,6,662
22421900,512,439,0,439
86821005,657,563,3,566
43624818,231,177,6,183
43583193,421,327,1,328
32960864,819,1198,2,1200
43412497,2456,1882,28,1910
86870391,1281,1035,5,1040
32930052,4311,3041,22,3063
11760027,897,525,9,534
10860083,774,454,11,465
86820442,569,355,16,371
32870471,2531,1761,19,1780
86992329,220,160,2,162
11571241,257,225,4,229
44060059,2039,1289,13,1302
10790209,449,280,7,287
21861097,615,541,6,547
11750699,261,162,2,164
97130099,3196,2651,15,2666
86820824,61,37,0,37
32960088,2198,1327,19,1346
76160268,687,380,13,393
11650575,154,91,6,97
11601201,295,190,0,190
33010883,5066,3252,2,3254
22400143,288,217,1,218
43390683,2887,2227,27,2254
86820947,280,171,9,180
32841615,705,732,5,737
43690855,1577,1248,17,1265
43414084,551,326,2,328
98000018,2507,1853,25,1878
98380176,1441,1110,6,1116
76450248,651,419,4,423
33260093,2679,1884,24,1908
43584510,794,636,20,656
98190030,88,58,2,60
32840951,2159,1554,14,1568
43775163,122,114,1,115
43501148,1177,784,4,788
54390023,211,160,1,161
43930054,928,725,9,734
43418303,552,440,4,444
11590141,1173,591,3,594
76230648,322,233,4,237
22650117,167,85,1,86
76380532,1263,834,12,846
76101229,956,638,5,643
43625729,439,353,4,357
32851111,948,1045,14,1059
97130404,3922,2113,19,2132
32863181,2098,1624,3,1627
32980361,2932,2614,9,2623
76130119,854,525,0,525
76170416,938,547,0,547
10251267,1827,1458,18,1476
76101465,399,332,2,334
54670125,712,325,7,332
32870820,1433,1101,13,1114
87010095,1222,847,20,867
22060022,649,322,8,330
76300758,430,355,2,357
43418213,336,273,4,277
76490219,833,451,4,455
43500091,655,484,11,495
76490185,979,628,4,632
11070447,508,349,4,353
97141574,2323,1376,11,1387
98340026,375,154,0,154
76251269,497,372,3,375
76360563,685,383,11,394
11580780,280,222,0,222
22410087,104,74,3,77
86660972,870,683,3,686
65500073,109,39,0,39
54130148,422,430,8,438
65480014,1029,715,13,728
76380341,590,337,19,356
33080015,2460,1761,36,1797
76350641,452,236,5,241
54620614,90,77,1,78
76530067,276,166,2,168
65520075,326,156,3,159
54890859,825,764,8,772
21870581,425,353,5,358
43580291,2433,1885,24,1909
97100513,4261,3372,9,3381
86900014,2319,1616,10,1626
54620557,863,606,9,615
11590703,544,274,7,281
11580331,184,125,2,127
97092085,2497,1742,20,1762
32861820,1627,1243,9,1252
76270035,965,543,3,546
76160224,2049,1002,22,1024
54650178,2456,1537,24,1561
86661894,715,502,1,503
76080348,750,607,7,614
22470140,1153,807,8,815
21861569,1259,1376,5,1381
22600527,725,473,7,480
54660090,187,111,0,111
22560027,1241,829,22,851
86741679,197,106,0,106
97880013,1923,1366,17,1383
43413094,995,671,19,690
11780434,550,322,5,327
43994010,462,362,5,367
54220418,384,328,2,330
97100232,2494,1473,13,1486
97091321,2252,1724,14,1738
65660081,28,36,0,36
43774847,455,408,5,413
76251001,489,318,6,324
22770075,2075,1315,20,1335
10660014,1351,1100,14,1114
54290011,1745,1287,10,1297
33010029,2440,2092,20,2112
97140551,1790,1150,9,1159
10890187,383,258,4,262
32861628,2757,1608,18,1626
10060030,1511,1154,12,1166
33030313,1440,1188,16,1204
43624986,299,254,0,254
43501395,206,154,2,156
11790233,585,301,10,311
21860614,1429,1085,9,1094
10251144,2916,2377,10,2387
65530199,196,133,8,141
65470103,563,429,7,436
76220399,971,573,4,577
97270038,1755,1082,13,1095
43774948,221,200,1,201
11640046,1061,701,21,722
43361603,1764,1086,12,1098
33250115,1430,1060,12,1072
76330256,1186,772,3,775
43360242,2393,1702,12,1714
43624997,300,230,5,235
76350438,1408,834,16,850
11760319,172,98,1,99
43380143,3373,2902,33,2935
10300295,2724,1688,54,1742
43415535,313,226,5,231
54890275,1375,1040,17,1057
76210781,1054,435,0,435
97141226,1529,1127,6,1133
32952876,1104,1192,2,1194
54270020,2216,1530,6,1536
11760757,607,400,11,411
11771636,465,275,0,275
22240033,1376,922,16,938
11580184,1544,1015,13,1028
43370210,3388,2227,0,2227
76190069,919,554,3,557
11180023,132,92,2,94
11600491,538,345,5,350
43780024,811,938,13,951
10590386,1298,975,10,985
11580162,883,551,8,559
11771580,245,152,3,155
43417357,352,290,9,299
43410237,571,376,2,378
76341034,393,283,1,284
10870905,184,120,1,121
76350416,510,299,4,303
76260652,235,197,1,198
11630067,603,338,7,345
43411799,1783,1357,24,1381
11790198,618,402,5,407
43504556,271,215,7,222
11050018,662,496,2,498
54680306,559,478,3,481
43600249,1904,1449,26,1475
10300150,2489,1848,28,1876
86743547,1423,1300,27,1327
43992502,208,126,5,131
54890747,1078,982,11,993
97530183,475,183,3,186
43774173,914,595,10,605
97141912,2104,1834,2,1836
54890332,1654,1283,12,1295
54790117,2814,1804,24,1828
76220535,1460,956,5,961
32840704,1629,988,5,993
22400154,212,146,1,147
10450022,85,62,1,63
65750025,744,484,5,489
22610090,504,379,11,390
43770528,194,128,0,128
86991317,1691,981,13,994
65260010,2755,1981,41,2022
32870112,2956,2284,8,2292
76480511,969,581,12,593
54730010,2187,1486,24,1510
43582934,2951,2390,20,2410
54620669,668,505,5,510
65000056,2085,1413,21,1434
43770135,194,144,5,149
43391066,977,925,0,925
11580577,567,354,7,361
11810045,566,390,0,390
11781110,232,123,2,125
76180079,2010,1283,13,1296
22430157,46,30,3,33
86551353,1371,893,19,912
32861561,2930,1864,2,1866
11390105,427,245,8,253
22090025,89,56,1,57
11571342,387,220,3,223
11780175,469,312,9,321
76120365,434,433,6,439
11070245,346,241,4,245
98050068,785,631,37,668
76080326,670,517,4,521
11831396,406,355,5,360
86910330,1082,823,27,850
33200222,863,636,9,645
54880678,382,397,4,401
32870752,1863,1384,13,1397
86820060,368,242,7,249
10410017,263,143,1,144
87020546,659,639,9,648
22110422,98,54,3,57
32940233,2364,1740,29,1769
11160065,517,380,6,386
43622670,248,162,3,165
43372009,1352,2000,28,2028
76220737,686,454,12,466
33020165,3033,2343,19,2362
43417559,684,594,7,601
86551049,285,181,6,187
43775196,411,373,11,384
43413117,515,273,2,275
11460293,208,155,0,155
43360668,3290,2259,17,2276
86670221,1843,1345,15,1360
43380233,5062,4271,92,4363
86741310,1269,917,16,933
76200061,981,438,5,443
22400389,140,84,3,87
10251201,1399,987,16,1003
86700067,2941,2027,19,2046
22400097,472,287,16,303
43412262,692,483,4,487
43413443,616,381,9,390
33080149,2080,1563,21,1584
43540039,1192,916,10,926
43583766,620,492,7,499
54260131,1897,1198,1,1199
11830924,781,579,10,589
43621714,321,246,10,256
43502756,841,618,2,620
32840647,2309,1407,20,1427
43990814,1322,928,13,941
43414523,783,522,8,530
10590768,2585,1232,22,1254
86743031,439,325,7,332
54620423,847,538,9,547
10790142,508,314,4,318
43992579,395,285,1,286
76330098,1412,577,5,582
86720193,559,657,7,664
10620032,817,562,4,566
10670251,2327,1507,23,1530
86661940,910,570,7,577
76110274,924,904,2,906
22020286,401,348,8,356
11811079,413,289,11,300
86900104,2098,1411,22,1433
76280104,1245,810,4,814
32850165,4286,2557,26,2583
22020040,1844,1240,16,1256
32980259,2047,1457,27,1484
43584374,259,200,5,205
76250875,964,652,10,662
76290688,851,323,6,329
32940693,2137,882,22,904
33060585,2338,1619,30,1649
43502655,626,484,7,491
32840579,5380,4371,11,4382
43416828,326,275,13,288
10850813,252,164,1,165
86991047,663,397,3,400
22270014,1633,1135,27,1162
10910393,462,307,3,310
33080183,1587,1319,5,1324
54650482,2864,1885,30,1915
43360208,2011,1504,11,1515
43951080,1759,1333,20,1353
43690080,741,539,15,554
11821160,166,97,2,99
43690462,793,615,7,622
43390043,3408,2523,42,2565
76221053,465,356,0,356
32980338,3307,1961,35,1996
32841693,735,785,3,788
86900306,1233,1029,18,1047
76190575,694,471,6,477
21860805,1522,1062,7,1069
11080156,256,150,2,152
43993817,309,248,4,252
54860036,1040,646,151,797
11290058,565,379,4,383
43840065,846,809,15,824
76530034,928,600,5,605
97270207,510,519,1,520
11570284,604,304,2,306
86660185,708,422,10,432
54590182,1757,1258,25,1283
54790106,1979,1444,22,1466
86743211,421,282,26,308
11450045,54,38,0,38
22700023,1481,1165,3,1168
43361232,2083,1506,16,1522
76150414,1763,1047,9,1056
33250632,1085,956,8,964
22480051,1042,925,21,946
43410248,499,300,7,307
76310142,773,462,1,463
43504095,354,241,1,242
22530013,1572,1076,18,1094
10600074,614,488,2,490
54440377,392,307,0,307
86600088,595,521,10,531
86551027,446,304,2,306
22600246,1884,1155,15,1170
43400214,2348,1922,25,1947
43692082,487,351,5,356
65980064,149,59,0,59
32860504,1506,1176,9,1185
32960673,2720,1860,22,1882
22421067,1234,818,16,834
43415760,996,960,2,962
11790244,610,319,2,321
11240042,1025,725,0,725
43580752,2031,1650,20,1670
76530326,37,34,0,34
97130303,1207,974,5,979
86743378,1403,1048,9,1057
87000038,2117,1512,20,1532
10350043,837,680,10,690
76200498,213,116,1,117
54450222,301,256,3,259
11600390,801,482,1,483
11640495,219,136,0,136
32862203,2282,1484,21,1505
76330368,901,554,5,559
43740222,1942,1606,14,1620
86910093,2283,1565,25,1590
43360455,2276,1724,19,1743
86992217,350,250,2,252
54410420,128,116,3,119
32860649,2482,1835,38,1873
76200229,763,397,3,400
76220377,1119,583,3,586
22750422,914,813,3,816
11621023,160,131,0,131
54260052,3183,2205,7,2212
10870220,1429,971,11,982
32870055,2790,2091,10,2101
43692925,389,312,7,319
97470063,1538,1158,3,1161
43380301,834,703,12,715
43773745,1269,1004,8,1012
43390818,2856,2627,40,2667
86670254,754,545,5,550
43415423,390,287,2,289
76260629,342,274,5,279
43480313,1510,1574,4,1578
76340831,336,190,5,195
43581922,496,323,13,336
10940644,209,140,3,143
76380161,415,251,2,253
11630708,412,267,7,274
22421236,812,534,23,557
22180025,1444,1070,17,1087
43581573,434,182,5,187
32871225,5321,4745,23,4768
76130726,455,277,1,278
43416671,389,274,6,280
76211120,1822,1073,10,1083
11830878,235,136,1,137
11751465,332,265,1,266
43773688,2897,2184,49,2233
86554019,266,186,4,190
10871388,179,121,3,124
54580248,770,547,9,556
76290228,687,228,0,228
76230525,417,227,5,232
43412734,1119,683,12,695
43692543,254,216,1,217
54100044,661,643,8,651
86741220,435,277,7,284
32950762,2401,1742,10,1752
32840232,2666,1765,20,1785
10940701,225,144,1,145
10490026,169,85,1,86
86551229,522,334,7,341
11100036,360,216,0,216
43772193,915,689,10,699
11600277,892,547,9,556
86820789,91,26,0,26
76190294,803,480,7,487
10940239,379,242,4,246
43370333,1985,1752,22,1774
43400629,1162,920,17,937
11820226,424,230,3,233
76300714,442,331,7,338
54540637,555,408,4,412
86992363,921,552,11,563
43415940,920,731,9,740
10250918,2798,1437,41,1478
10591107,1234,1060,0,1060
86700102,2348,1564,13,1577
76321100,800,399,10,409
43950607,2643,2169,6,2175
33080284,406,459,0,459
43994245,743,552,3,555
54670282,293,220,3,223
10591152,714,736,4,740
86670120,1307,859,9,868
11771142,269,156,4,160
86930129,2076,1436,22,1458
43370603,1558,981,12,993
43418404,526,589,6,595
43412510,923,589,4,593
11630023,801,389,8,397
54790083,1620,1195,2,1197
22740038,1357,934,7,941
11150154,416,312,0,312
86552062,557,300,15,315
21860412,1698,625,21,646
43970025,1386,1240,19,1259
22020231,1542,1240,31,1271
10490105,332,217,5,222
97950033,3282,2001,38,2039
11600671,856,521,15,536
43390751,2190,1807,25,1832
97090825,2707,1954,10,1964
65640067,479,366,2,368
98190041,68,53,0,53
43371435,2516,1974,25,1999
10250480,1966,1449,8,1457
54630042,2009,1537,18,1555
22230010,1410,679,11,690
11600222,844,537,8,545
43418471,957,1402,18,1420
76270507,408,331,4,335
54890354,481,326,0,326
22410111,89,69,0,69
11560092,673,453,1,454
22320065,3996,2276,33,2309
10590623,1806,1178,15,1193
98040034,101,111,3,114
11550013,1208,920,10,930
86740016,904,634,24,658
10850532,229,71,0,71
32861022,2121,1829,49,1878
10510052,201,142,2,144
86743042,371,282,3,285
43775365,370,322,3,325
43622209,436,255,7,262
43501777,476,305,5,310
43990678,551,386,12,398
43390908,1862,1467,29,1496
10090022,1679,1113,22,1135
10590140,2028,1478,20,1498
11620224,718,433,4,437
33250294,2016,1380,0,1380
86663177,575,637,4,641
76130333,546,263,0,263
97130370,3420,2603,12,2615
43361906,794,653,13,666
10980031,1121,566,13,579
86870458,2867,2060,0,2060
97100726,2481,1809,25,1834
76360237,719,490,8,498
11600413,682,380,7,387
97220167,819,752,12,764
10850149,558,315,4,319
22410380,453,301,7,308
97142485,1408,1185,14,1199
11771063,993,590,12,602
97830221,18,25,0,25
11830025,860,646,11,657
11740014,1684,1307,10,1317
66000024,74,46,0,46
43772531,2669,2180,29,2209
43624908,1503,1216,3,1219
54650156,3350,2443,2,2445
11771052,626,394,2,396
54800030,983,701,8,709
32900273,3171,2465,31,2496
43504815,276,239,3,242
76160482,1452,920,25,945
11600839,547,334,2,336
76210859,1554,655,10,665
10570058,2278,1365,52,1417
44050014,2403,1684,24,1708
86992105,648,437,8,445
86920128,474,420,5,425
32890114,2528,1763,14,1777
54911066,456,499,2,501
11760454,771,450,4,454
11751960,299,221,0,221
32952214,1609,1268,6,1274
43412813,843,632,12,644
43870125,1346,1237,10,1247
11820800,207,161,0,161
54650044,5067,3164,45,3209
97100805,1156,1155,5,1160
97130325,1273,980,4,984
11080437,413,267,5,272
33250441,3408,2299,24,2323
86553704,325,230,3,233
43502903,460,265,5,270
11781019,635,444,9,453
22820150,69,35,0,35
43584442,775,665,14,679
76480498,406,204,2,206
43414365,742,393,11,404
76320211,761,461,4,465
11071550,245,164,2,166
32870482,2685,1581,13,1594
97092300,3156,1921,24,1945
86741039,921,734,9,743
43993985,665,539,3,542
22421191,347,218,3,221
33090319,1192,1039,9,1048
86550846,256,152,2,154
10910517,388,229,7,236
54400081,263,195,1,196
11771388,716,461,9,470
43413027,761,498,6,504
10250143,3072,2635,5,2640
76200386,492,399,4,403
43670303,1867,1391,26,1417
54320059,1273,846,5,851
86742715,297,213,4,217
43990667,1648,1018,17,1035
43773969,377,237,0,237
10670059,3060,2040,28,2068
98410147,1028,768,15,783
54890444,798,603,9,612
22810126,149,109,0,109
43993200,281,164,4,168
97370051,759,496,11,507
11580487,818,498,4,502
97750019,414,412,0,412
22320122,601,414,5,419
43621624,702,451,6,457
54870284,483,501,9,510
21990012,896,610,2,612
43502532,1003,656,9,665
11650878,495,469,3,472
54890163,1614,1109,9,1118
43692239,864,606,4,610
11810630,141,84,1,85
11600503,517,294,11,305
76220210,1192,717,8,725
43500901,401,229,1,230
21860209,1761,1088,1,1089
11200116,564,418,7,425
76240087,651,372,8,380
43690664,1018,543,7,550
10300059,2431,1788,35,1823
97840019,1366,708,12,720
11630551,399,221,7,228
22430135,253,141,2,143
65820012,2451,1620,10,1630
32862382,3950,2658,39,2697
86870289,2207,1403,8,1411
76270563,233,196,4,200
43581461,799,611,15,626
43870147,1155,1248,0,1248
11100205,367,222,29,251
76340954,572,374,1,375
33130011,1916,1321,30,1351
97140359,1994,1166,10,1176
22750242,1825,1480,3,1483
43350061,766,573,6,579
11810236,713,279,8,287
10860151,449,276,3,279
97820051,935,422,2,424
22140032,83,97,1,98
43411766,298,190,2,192
32960448,2376,1601,6,1607
43583531,1637,1291,11,1302
43460119,592,478,6,484
54210338,341,350,2,352
11591502,410,240,3,243
86880044,591,548,10,558
33040066,1530,1053,5,1058
65140039,1022,617,7,624
11620550,280,159,0,159
76480960,845,604,3,607
11751724,296,198,5,203
76090215,248,199,2,201
76210129,983,581,5,586
33150114,43,24,0,24
11610166,182,126,0,126
21861020,1820,1193,18,1211
54420106,2067,1437,8,1445
11810584,364,159,4,163
32860773,1829,1321,9,1330
54510106,1280,959,13,972
11761275,74,54,1,55
76320884,1422,932,14,946
76350078,1361,713,17,730
11640518,776,506,5,511
76210501,1391,857,10,867
76280889,312,245,2,247
43993941,748,535,37,572
76380576,758,661,3,664
43415849,409,266,5,271
43370164,2090,1634,11,1645
54440209,1541,1147,18,1165
76360147,1761,1082,5,1087
76390184,1322,696,8,704
86820363,336,229,8,237
76190610,390,232,0,232
76480690,678,422,5,427
33110288,1314,637,11,648
76350809,1059,727,9,736
21860681,2031,1665,13,1678
97092007,3400,2282,34,2316
76260045,968,557,7,564
54680395,529,515,3,518
11100070,445,233,5,238
10591253,1386,1256,10,1266
76160303,739,440,2,442
22200196,361,298,5,303
43690541,555,381,11,392
10870501,423,295,0,295
76340011,1152,574,5,579
43772520,1055,652,17,669
43412688,1698,1382,19,1401
97530116,775,386,7,393
32940019,1779,1546,25,1571
86690111,1963,1199,29,1228
54740077,3242,2138,24,2162
76190609,234,165,1,166
76400119,1036,631,14,645
87060056,308,248,2,250
32900149,4565,2672,30,2702
54610556,652,581,14,595
76400142,1068,397,9,406
76290565,649,260,7,267
76250112,1194,502,13,515
97770044,341,299,1,300
86992273,246,143,2,145
86740296,1396,975,12,987
54470167,463,324,6,330
76250561,507,278,5,283
33030256,2334,1462,17,1479
11770253,725,404,11,415
11250021,2070,1108,20,1128
43773329,926,714,6,720
43770629,346,242,4,246
97840121,304,138,1,139
43411384,1034,711,12,723
32840445,2776,2123,15,2138
21870592,620,540,4,544
43690619,834,580,7,587
11160021,241,98,1,99
10910854,227,148,2,150
32841255,1070,996,0,996
76270473,396,319,2,321
11460181,282,150,3,153
10930025,290,192,3,195
10900101,287,204,1,205
11570576,839,579,2,581
22421078,2116,1227,30,1257
43500732,798,501,5,506
32840085,4007,2833,22,2855
33250148,2136,1747,1,1748
86551847,403,281,3,284
97530262,696,470,16,486
97200110,2603,1645,34,1679
76150021,890,569,2,571
86820543,250,187,5,192
10940699,131,102,1,103
97091275,3542,2301,20,2321
43581540,305,210,5,215
76450226,1121,565,7,572
54230217,2779,2863,45,2908
43993558,646,444,5,449
86740735,946,647,8,655
10510030,371,326,0,326
86552657,1160,788,12,800
86551993,168,62,1,63
65980143,80,76,2,78
10910696,610,387,18,405
43411238,747,519,7,526
11830496,1108,804,8,812
86661771,1305,717,16,733
33200109,100,65,3,68
76400096,687,336,8,344
54410307,260,244,7,251
43960057,1611,1106,26,1132
43582024,820,615,13,628
21860142,1344,815,0,815
43411115,629,422,3,425
11580623,464,313,8,321
43361782,2032,1369,22,1391
33260363,1450,1385,14,1399
10910382,218,117,1,118
32910218,4697,3205,42,3247
86910464,665,827,10,837
76310311,809,484,13,497
86670210,633,488,7,495
11570486,583,354,4,358
54620355,483,284,4,288
76430044,1445,909,22,931
43410934,359,213,3,216
76220726,1112,622,15,637
11600637,839,533,0,533
11810876,317,200,6,206
43670808,751,665,8,673
10670475,475,351,2,353
10940149,246,157,0,157
32950627,3030,2042,37,2079
32952674,1026,1076,6,1082
43503656,971,675,17,692
43410439,937,585,14,599
54590430,1040,746,17,763
11571331,228,151,4,155
86661434,1247,827,18,845
54880117,1725,1123,24,1147
98280186,804,587,13,600
43620858,884,557,22,579
43400438,2744,2091,3,2094
65520031,1784,1237,25,1262
54190065,1041,726,8,734
54510038,1854,1216,12,1228
43416660,927,771,4,775
10890390,138,98,0,98
43993907,1034,895,11,906
86552972,837,636,11,647
98340060,386,237,3,240
43371121,1524,979,11,990
32960314,3272,2387,25,2412
10820720,505,354,0,354
43993266,988,650,9,659
10540066,496,433,6,439
32840850,2988,1953,27,1980
97550141,542,274,5,279
86662783,207,152,1,153
43992030,1323,1045,22,1067
43413296,416,242,4,246
43370591,1819,1474,18,1492
43370434,2505,1655,24,1679
43691171,613,386,10,396
10650035,506,341,2,343
43415300,1200,843,10,853
32960718,3105,2147,28,2175
76360372,661,308,1,309
76140064,1398,735,10,745
43580561,707,526,12,538
22310031,1486,929,20,949
11810179,722,428,8,436
86590031,2983,1954,6,1960
65630011,546,301,3,304
54860137,499,263,7,270
65720022,203,217,0,217
22450081,815,613,20,633
43625617,439,342,8,350
97141530,2211,1457,23,1480
11580027,1293,764,12,776
86740689,318,193,7,200
65030060,53,37,0,37
21861053,1175,196,0,196
65050040,1031,799,6,805
54680092,637,473,1,474
54260478,318,407,3,410
97140977,3710,3167,8,3175
32861549,2678,2033,13,2046
33260206,3130,2363,21,2384
11750992,318,197,5,202
33080206,2031,1614,17,1631
86820420,736,330,10,340
43371468,2971,2072,4,2076
32940479,3098,2461,0,2461
76290521,1113,392,4,396
43621534,657,406,6,412
43771664,177,110,5,115
10520064,125,106,2,108
43501452,648,464,5,469
11631114,670,371,3,374
76150683,523,330,5,335
10251199,1835,1633,4,1637
97800138,1972,1002,5,1007
10871018,115,65,1,66
76400131,765,422,4,426
76350977,386,265,3,268
43670145,1761,1333,20,1353
54600285,902,820,5,825
86730071,1814,1345,46,1391
43411957,949,444,3,447
54890141,1121,729,15,744
54600140,4138,2908,10,2918
32860144,6048,4295,26,4321
76240469,474,375,3,378
76490242,442,304,10,314
43773666,616,497,1,498
11590488,700,362,5,367
97440048,518,378,8,386
43670370,1607,1238,29,1267
54890703,197,185,2,187
76400467,484,407,6,413
21861075,1931,1400,24,1424
65840014,1004,664,5,669
11460114,509,329,4,333
43411261,298,166,1,167
54190122,1034,981,3,984
22680031,1124,917,13,930
86550396,251,152,8,160
33200198,216,145,1,146
11800314,676,404,5,409
76370564,625,320,6,326
97140944,2563,1999,7,2006
10870107,702,446,9,455
22320201,567,484,10,494
43773701,468,324,1,325
43622614,890,614,11,625
65090257,581,289,4,293
97250014,691,485,11,496
43992670,428,316,5,321
10920316,338,238,4,242
43994470,868,751,6,757
11771322,522,273,2,275
33260161,2594,1630,3,1633
43991983,3780,3017,40,3057
97130459,2298,1854,10,1864
11630056,751,435,3,438
76360068,588,329,2,331
76101038,522,344,0,344
43582596,963,805,16,821
10810639,426,256,8,264
44060082,241,182,5,187
86992431,673,466,4,470
43691766,456,322,3,325
33200086,90,56,0,56
21861626,505,378,6,384
33010759,2131,1660,10,1670
43582080,910,541,17,558
76280632,809,686,8,694
54890286,446,298,6,304
43418493,321,239,3,242
76200904,186,164,2,166
43771383,1707,1367,20,1387
21861086,902,737,20,757
86742782,398,284,5,289
86551061,419,265,3,268
22110365,96,42,2,44
43621680,1188,823,9,832
43990230,719,519,3,522
11071639,227,143,4,147
11150064,934,613,11,624
65090325,484,382,5,387
22640352,17,29,0,29
11750149,500,288,4,292
76370092,767,382,6,388
11821205,294,225,6,231
32860100,861,536,7,543
76370159,700,348,5,353
76340347,417,224,3,227
11771423,279,193,0,193
32930210,1125,796,6,802
10930272,640,487,3,490
22560094,240,153,1,154
32950593,4039,2449,11,2460
32862843,1046,717,20,737
76141087,618,523,0,523
11831240,490,353,5,358
44060048,3496,1962,54,2016
43774713,104,63,0,63
86660422,959,604,10,614
43692813,663,522,7,529
76341113,376,269,2,271
86660523,1501,805,10,815
10570115,815,491,1,492
11570712,414,209,9,218
65860050,223,155,3,158
43413049,297,213,1,214
11780647,398,253,4,257
22800103,118,78,0,78
10251830,1480,1361,13,1374
86670142,2875,1553,18,1571
43740211,1192,1080,15,1095
86743446,150,96,5,101
11790086,657,370,2,372
10850060,318,183,7,190
97120267,2014,1339,11,1350
11580375,456,285,8,293
33250373,1874,1385,2,1387
76380688,385,383,0,383
11610313,225,153,3,156
86740926,694,471,15,486
22200163,710,568,10,578
76290408,593,295,1,296
22150123,1946,1399,12,1411
10950184,952,668,9,677
97090599,2691,2253,16,2269
11600851,394,273,3,276
97530105,688,359,11,370
11590118,491,289,1,290
11580230,386,280,0,280
76390252,259,225,1,226
33060080,4301,3191,38,3229
43413319,764,601,11,612
11590129,511,266,5,271
76260337,313,203,2,205
86910363,886,717,12,729
76320615,741,405,7,412
43411395,546,347,9,356
76140716,1384,868,9,877
22510044,2029,1466,19,1485
11770657,912,461,3,464
10820393,333,231,0,231
97141349,2884,1986,19,2005
22420415,2152,1088,17,1105
54910054,629,420,5,425
43371132,1485,1127,5,1132
10820618,753,580,5,585
22110343,64,33,0,33
21860760,3056,1799,13,1812
21870019,2052,1469,15,1484
11770804,990,573,22,595
32960707,1614,867,6,873
86991306,670,330,1,331
97550152,865,528,14,542
10841150,170,111,1,112
54650088,2247,1583,38,1621
32840557,3874,2762,10,2772
86991946,1114,671,14,685
11600918,700,473,8,481
65370012,2751,1905,40,1945
97140933,3926,3262,8,3270
98380457,1432,1536,29,1565
11821395,200,159,0,159
86820891,94,51,1,52
76250617,1157,592,12,604
97092344,1634,1178,11,1189
76330076,977,533,7,540
10940194,444,151,1,152
43410541,1259,793,8,801
86590053,2711,1772,9,1781
86740959,382,252,0,252
98090039,191,111,1,112
65090088,391,212,0,212
43992142,295,196,0,196
76260607,96,51,0,51
54190098,1340,983,11,994
32870897,5768,3839,24,3863
86830038,3357,359,4,363
43360073,2084,1723,18,1741
97820028,437,294,4,298
86663155,349,274,7,281
11581118,351,227,5,232
43692712,183,154,1,155
21870132,1769,1253,17,1270
43992962,383,291,7,298
76221031,676,486,7,493
33070205,1040,862,8,870
98100053,915,523,29,552
10630011,329,239,2,241
32950391,2756,2178,8,2186
33100029,277,175,3,178
10250828,1666,1190,19,1209
76211658,380,329,5,334
32840108,4066,3305,7,3312
86660400,1044,662,9,671
86992127,788,541,8,549
10810741,287,218,1,219
97120087,5495,3953,7,3960
76250426,1201,612,20,632
21870378,1435,1067,21,1088
43413601,1184,904,19,923
21861851,200,272,4,276
32861831,2332,1605,16,1621
43583272,1178,964,20,984
21861031,1880,1439,14,1453
43600407,817,760,16,776
32850930,695,843,9,852
22480028,911,617,5,622
86551128,994,627,12,639
43416435,457,378,1,379
87020535,284,538,0,538
10890479,216,139,2,141
11751364,612,441,7,448
22400312,109,89,3,92
86552321,1262,790,13,803
43622120,392,236,8,244
76440078,3186,2232,30,2262
86991092,839,459,10,469
43600081,3490,2711,39,2750
43390931,1992,1431,9,1440
43416109,692,464,5,469
43413690,2165,1458,24,1482
43774285,384,315,12,327
43400450,2543,2261,7,2268
76090024,1912,1067,12,1079
43390469,2887,2415,33,2448
10251481,2453,1832,35,1867
54210169,551,365,5,370
10880108,24,19,0,19
97740029,1224,1127,7,1134
10590601,2102,1368,22,1390
32841570,3673,3560,21,3581
76170674,280,198,15,213
86990978,1113,631,8,639
76210286,1353,623,2,625
54540592,914,670,3,673
43772474,395,300,4,304
22421887,240,222,4,226
11100362,246,201,3,204
43503926,977,781,4,785
32930850,819,696,9,705
76380138,1089,615,5,620
76140110,677,369,4,373
43371536,1563,1040,13,1053
43501924,306,196,5,201
11630012,857,526,12,538
43580998,589,363,6,369
76080315,723,547,0,547
11580241,751,481,20,501
11610302,466,319,6,325
76130131,315,86,0,86
11590321,271,162,3,165
11810999,442,289,2,291
76250987,394,324,18,342
97470052,2222,1262,16,1278
86820048,132,62,4,66
86743413,280,186,4,190
43620555,1011,709,12,721
76220658,725,444,6,450
54910379,1575,1093,14,1107
43413533,1271,971,8,979
86992598,198,147,2,149
43371053,1864,1526,13,1539
43370793,2684,1908,25,1933
11080279,701,467,13,480
32850389,1976,1695,9,1704
86910453,1379,1095,38,1133
97440026,1216,617,7,624
32840412,3855,3116,9,3125
43770854,1206,895,11,906
76260371,736,468,12,480
32952719,514,579,9,588
86910183,1516,970,19,989
10820124,393,280,0,280
11770073,887,446,16,462
86990080,1373,753,5,758
10850341,339,143,3,146
43504196,244,200,1,201
43350511,940,950,12,962
11640439,421,243,11,254
43730186,909,823,8,831
76340493,321,144,1,145
33020053,2780,2116,24,2140
76300275,3025,1958,16,1974
22680019,1938,1311,0,1311
43504624,254,201,5,206
76321234,828,531,6,537
76240234,1136,568,3,571
32851065,4180,2378,12,2390
32910151,4608,3177,10,3187
33060574,2727,1827,45,1872
54680430,998,1033,9,1042
11560340,338,598,7,605
11770646,600,368,6,374
86870122,1676,797,8,805
54440018,767,562,7,569
97790068,541,492,1,493
32960910,1349,1106,11,1117
11620662,308,172,6,178
11800606,201,136,5,141
76460104,1236,1020,21,1041
33030111,2857,1915,26,1941
10590083,2254,1640,16,1656
97141596,1678,1218,16,1234
10910720,215,142,1,143
54260276,1329,736,14,750
22150257,453,381,1,382
43770023,284,192,0,192
43416839,294,240,4,244
97710026,2290,1848,1,1849
10870354,622,414,8,422
32861358,2150,1617,10,1627
43370399,2475,1898,0,1898
32860021,2671,1516,1,1517
76500097,389,253,1,254
32851144,1161,1438,26,1464
22410469,130,105,0,105
87020377,2318,1613,216,1829
54740156,926,786,8,794
32910476,1003,1154,10,1164
32841604,864,714,2,716
10820023,622,381,4,385
21861491,665,655,22,677
43581898,414,276,7,283
11640361,400,286,14,300
86991340,351,269,3,272
97910039,2641,2048,6,2054
76260012,1248,577,2,579
86741736,1306,749,4,753
11071055,412,316,1,317
11621012,112,81,0,81
86740173,1732,1080,35,1115
43993749,1252,971,12,983
11751601,440,266,8,274
76270462,56,37,0,37
11100047,637,428,6,434
43992805,678,409,6,415
10870972,119,85,1,86
11771603,261,175,0,175
43360365,1705,1273,21,1294
32940828,2561,1716,22,1738
86670052,1343,956,14,970
32841020,2202,1596,11,1607
76540158,331,206,1,207
43413960,769,543,11,554
76340224,429,247,2,249
10820416,550,362,2,364
43501946,981,715,3,718
86770132,493,392,3,395
11030184,803,743,2,745
11780816,727,490,9,499
32860234,2402,1357,8,1365
97280174,900,608,6,614
11610223,557,281,0,281
76350405,1325,828,10,838
10591354,861,947,14,961
43370490,1934,1504,22,1526
98070082,232,128,2,130
54880421,2049,1543,17,1560
11650070,711,476,6,482
33020020,3385,2432,12,2444
86820037,624,309,5,314
21870716,836,703,18,721
43414837,515,342,8,350
76101476,484,382,1,383
11070627,503,343,5,348
76080438,616,549,9,558
86551836,628,423,7,430
32952517,403,483,1,484
76101409,440,280,3,283
43380176,4586,3916,103,4019
97410067,1381,930,0,930
21861402,355,405,1,406
10250301,3221,2595,25,2620
11770163,577,361,0,361
11591456,129,62,1,63
33000264,4503,1104,6,1110
97800116,1255,983,10,993
22020196,1881,1177,22,1199
86742692,585,444,11,455
76140233,827,513,12,525
86820509,734,515,8,523
86661322,833,526,9,535
32862483,2402,1448,38,1486
33020154,2557,1866,20,1886
11600031,761,468,10,478
43582169,511,360,9,369
86910532,766,847,2,849
11390677,609,415,7,422
43622681,425,288,2,290
86790066,1239,863,38,901
97140854,2673,2090,12,2102
43991297,1047,747,9,756
44000031,763,829,9,838
33010254,2458,1754,13,1767
22250012,1445,889,11,900
11770679,819,498,9,507
43773868,151,163,0,163
76260540,455,103,10,113
86730060,2063,1490,33,1523
32870145,3971,2580,21,2601
43581988,444,348,1,349
97093402,558,520,8,528
65980053,162,113,0,113
32861897,2259,1804,73,1877
97091725,3369,2436,12,2448
43504387,197,154,0,154
22600639,741,534,8,542
43990735,546,381,11,392
76210118,792,593,3,596
11761196,135,79,2,81
54670024,229,103,2,105
65090404,474,364,13,377
97500023,1095,734,11,745
76340897,395,254,3,257
76400300,1167,628,10,638
43900129,1659,1299,24,1323
43502217,931,531,8,539
21860995,4325,2144,53,2197
43992344,533,368,6,374
43350432,892,751,0,751
11070571,595,368,3,371
11590174,607,357,1,358
10590656,2386,1936,8,1944
97141619,1797,1434,13,1447
54860171,1459,907,16,923
11630584,545,331,4,335
32863204,618,517,3,520
32950313,4400,3483,6,3489
32862292,2641,1918,18,1936
76321313,271,153,9,162
86992004,726,492,12,504
54650763,2208,1671,21,1692
43370939,1245,966,8,974
97142441,2574,1578,11,1589
43772687,295,249,8,257
54100022,1596,1577,26,1603
43361861,2640,1855,28,1883
76310197,810,699,9,708
10251335,1975,1378,27,1405
97830029,966,658,5,663
43772575,1578,1174,6,1180
32862607,5202,4087,45,4132
32861202,1441,1036,7,1043
10790456,593,436,9,445
97550039,388,217,2,219
76370722,407,215,3,218
54460032,153,112,3,115
22750332,314,318,3,321
43772148,429,298,4,302
54910728,912,764,5,769
43690338,988,664,0,664
43670404,1029,773,9,782
32851032,4511,3946,36,3982
43773307,239,181,1,182
76210253,942,486,8,494
76140121,832,437,2,439
22200118,2751,1767,34,1801
43950843,1701,1640,0,1640
76490196,740,418,14,432
76070066,947,767,12,779
97093323,1664,1416,14,1430
32951112,2434,1763,10,1773
97092311,2202,1697,4,1701
32960853,1757,1626,20,1646
10940554,452,240,1,241
43951002,1074,853,7,860
43991275,1022,831,0,831
43450040,1827,1334,31,1365
43772025,526,359,6,365
86662682,1842,1232,15,1247
97100287,2231,1738,9,1747
43361322,3264,2543,61,2604
43503252,367,270,4,274
54890174,1122,862,19,881
22150291,1161,923,10,933
43990308,93,65,1,66
86992420,83,59,0,59
54220182,262,164,5,169
11070762,603,397,6,403
65280034,929,650,5,655
65300015,252,169,2,171
76300466,894,468,11,479
11080617,332,221,5,226
97300065,868,689,11,700
86553759,152,77,0,77
11100104,748,473,7,480
10320017,314,151,3,154
22810047,151,99,1,100
11080088,1158,844,11,855
76480353,743,492,19,511
43416930,576,393,2,395
43582349,624,424,7,431
43370243,2527,1953,20,1973
10251166,3105,2273,51,2324
32863349,936,1095,9,1104
76230266,354,207,4,211
54890815,1327,1109,7,1116
11751690,481,287,3,290
86550149,537,303,2,305
10330041,657,495,6,501
32861381,1645,1071,12,1083
86550071,520,286,4,290
76250460,882,555,12,567
43625358,306,222,6,228
65160042,378,288,4,292
11770196,943,590,16,606
86992914,383,412,7,419
11590668,342,198,1,199
22400165,217,154,3,157
54890556,919,694,1,695
22820251,80,81,0,81
11752220,237,160,3,163
54910223,1258,861,8,869
43361052,1290,957,7,964
54610219,2109,1502,19,1521
32863002,292,270,4,274
76140604,1909,1015,7,1022
33061238,645,813,9,822
86550183,382,218,5,223
76200296,1369,649,3,652
11580072,522,326,10,336
43415030,706,578,6,584
11810157,273,154,3,157
10940532,98,24,0,24
43410529,1249,911,9,920
11600884,573,323,13,336
86992295,1154,759,5,764
97091859,2279,1661,18,1679
43774331,620,464,6,470
76250505,1304,763,8,771
86552006,164,121,1,122
11610414,604,358,3,361
76130287,961,474,2,476
76380510,463,256,15,271
86991205,3420,1674,19,1693
86870526,576,580,12,592
10840373,369,206,3,209
54610095,914,633,13,646
54220227,511,372,3,375
86661603,2416,1376,7,1383
33030043,3111,2212,20,2232
32862540,2041,1203,28,1231
76300073,921,546,5,551
11820776,251,151,7,158
97960146,1544,1228,15,1243
43370029,2426,1672,31,1703
76090350,522,773,3,776
65440537,926,740,20,760
54600094,2447,1538,20,1558
10251795,2436,1392,24,1416
43950214,1188,920,3,923
54600230,1318,1118,1,1119
11100328,143,88,4,92
21870536,383,283,5,288
76170023,1699,1123,24,1147
43670684,884,787,15,802
76101061,995,715,9,724
22020321,370,340,5,345
22820172,161,89,1,90
11771377,923,511,17,528
10890020,556,365,3,368
10300273,2353,1451,22,1473
11460417,178,116,5,121
43390492,2707,2101,8,2109
98380020,2108,1763,2,1765
32841671,1438,1443,2,1445
54430062,1130,1321,16,1337
43774735,558,502,3,505
32870651,2792,2070,17,2087
11800134,302,179,8,187
54790825,408,544,2,546
54260085,3956,2454,21,2475
87020131,4145,2783,17,2800
86660703,635,435,4,439
11560025,1094,506,5,511
22640082,73,49,0,49
11631361,515,428,2,430
65350021,1659,1128,17,1145
22490030,1818,1230,26,1256
10890200,509,354,7,361
43501801,413,270,2,272
76211524,273,209,2,211
86550082,820,425,3,428
43950652,2182,1734,21,1755
32861437,2733,1751,17,1768
86740342,483,266,4,270
32951381,2090,1440,13,1453
11390442,608,361,23,384
54890848,308,164,3,167
22420279,1113,734,10,744
32870943,2079,1520,29,1549
43771822,622,413,26,439
54610523,386,377,6,383
32940705,3786,2717,23,2740
10760093,905,758,9,767
22540159,1552,1015,20,1035
10670420,940,902,7,909
76210321,1463,799,16,815
32980248,2734,1895,31,1926
11630191,246,174,3,177
32850907,2003,1378,9,1387
33040011,1031,822,18,840
43773992,527,398,12,410
11830654,385,252,2,254
43415917,730,560,5,565
76340640,188,127,2,129
22150358,353,300,3,303
32851155,790,809,3,812
10250974,2944,2151,28,2179
65470024,2031,1298,34,1332
54320116,641,490,6,496
76140952,749,520,3,523
11821238,422,262,4,266
86700135,2985,2034,16,2050
76300310,2019,1074,23,1097
11631619,555,411,6,417
43350106,1755,1290,36,1326
76240177,981,601,10,611
54860294,448,333,9,342
11620471,351,208,0,208
11821250,329,192,4,196
33260318,1908,1503,26,1529
43771585,551,314,10,324
10210015,1160,777,13,790
33240114,1404,972,8,980
10840564,364,225,5,230
21860300,2940,2236,5,2241
43950528,2361,1622,10,1632
54570179,1471,650,12,662
86910431,888,661,10,671
10430176,392,301,6,307
54620197,1856,879,28,907
21861356,683,721,0,721
22400446,532,353,2,355
10900077,259,156,2,158
44060037,1938,1135,28,1163
43412554,954,614,50,664
11780524,589,318,6,324
54260456,1274,951,11,962
22150101,1733,1230,7,1237
11460608,319,233,4,237
43361197,3136,2811,44,2855
76230288,805,432,3,435
32950582,2219,1446,0,1446
65800054,359,181,1,182
76340336,1037,412,3,415
32861538,1158,906,11,917
32961078,520,466,3,469
43771721,1276,1007,33,1040
76480476,783,485,11,496
11831161,557,441,5,446
86741242,1459,1088,35,1123
43412341,894,562,6,568
43415108,737,551,2,553
33010962,1491,1296,15,1311
54860159,153,107,2,109
76370834,138,82,0,82
54160039,1273,1034,14,1048
43691306,443,286,10,296
54540884,534,499,8,507
22420303,802,596,11,607
76470116,1368,759,11,770
43502071,969,523,8,531
86552376,1725,1122,20,1142
76230312,461,276,2,278
76150874,220,147,1,148
76080258,1030,623,6,629
32950841,4315,3104,18,3122
97100748,1298,1004,1,1005
76351260,351,268,4,272
22640116,98,65,1,66
43361883,1110,751,5,756
97980025,1924,1538,6,1544
76300567,1103,615,19,634
43992456,412,297,4,301
33030368,1835,1345,25,1370
10870309,674,485,14,499
10251728,1061,1301,14,1315
43417469,395,321,3,324
97510013,1148,431,3,434
86660545,720,396,3,399
43625268,669,516,8,524
54610275,1620,1030,81,1111
76160178,1182,753,20,773
76290745,680,248,5,253
11570846,518,328,22,350
76480915,573,397,3,400
33000051,2659,1998,12,2010
65030071,86,56,0,56
76350135,472,285,9,294
97130954,2817,2215,94,2309
86742917,659,554,6,560
54880274,804,608,7,615
10180022,1596,1268,13,1281
10840384,355,237,3,240
54140149,967,824,19,843
43583047,2223,1712,28,1740
43501665,360,221,0,221
43370726,3345,2552,19,2571
43991163,417,359,0,359
86820330,192,94,1,95
11810304,791,401,9,410
65440289,1127,938,6,944
54550032,1109,947,10,957
76210758,1510,866,9,875
11591131,270,152,4,156
76300815,277,202,3,205
76380633,181,143,0,143
76230592,286,201,6,207
86742120,44,26,1,27
21861468,355,292,0,292
76510122,685,366,8,374
43990173,800,501,8,509
76300376,635,329,8,337
43993086,414,301,2,303
65520019,176,90,2,92
65000124,1711,1224,10,1234
10920305,178,143,0,143
86670018,1777,1344,6,1350
64930013,338,143,15,158
43590102,807,676,28,704
22810193,254,152,4,156
33010704,1691,1310,15,1325
33010782,3418,2435,18,2453
11390431,846,475,11,486
76140154,491,325,0,325
11830520,114,71,0,71
86740285,695,443,4,447
32960752,2071,1975,22,1997
11030252,1328,937,11,948
86553434,358,209,6,215
33110334,1231,866,13,879
32870819,2670,1895,17,1912
33020738,1428,1181,9,1190
11830283,530,329,5,334
11200082,825,615,4,619
97540117,1105,548,0,548
54190100,1262,1068,12,1080
32890495,3703,2876,15,2891
43773790,1190,952,7,959
65070031,318,139,7,146
43690327,1639,1268,27,1295
11620516,401,242,1,243
76080102,1907,1139,15,1154
43417368,201,124,2,126
43412903,361,128,0,128
54460087,177,139,7,146
10790131,1847,1224,5,1229
11071268,499,332,3,335
11831060,552,394,4,398
43750043,318,265,4,269
43380031,1500,1095,8,1103
76400164,1145,700,0,700
43621118,1084,752,14,766
11772031,378,294,4,298
22600280,1700,991,16,1007
43693195,257,191,0,191
11080910,308,195,7,202
54790500,703,635,3,638
43693094,372,309,3,312
11071381,164,123,1,124
10840801,238,167,6,173
43412228,807,531,0,531
32960336,2148,1562,1,1563
10850891,191,126,0,126
43504376,141,92,1,93
32890697,3561,2405,11,2416
97120469,2726,2322,0,2322
22810182,115,50,5,55
86960021,2368,1564,25,1589
22020141,2542,1877,36,1913
11830744,771,527,2,529
11570835,398,246,1,247
33110086,306,196,5,201
86910048,1802,1261,12,1273
97141653,3016,2140,15,2155
32890833,477,962,20,982
76320132,610,344,12,356
11600042,795,443,12,455
21861390,398,392,20,412
32980383,3540,3282,6,3288
43418651,544,538,5,543
43994627,328,273,9,282
86910307,1002,744,3,747
76230480,748,395,7,402
11830249,1033,671,10,681
76450024,1661,825,11,836
43416738,855,706,8,714
10820696,434,317,4,321
76340448,1048,636,3,639
86991430,952,899,9,908
11570420,581,319,3,322
97200211,1430,808,24,832
11630360,506,281,6,287
10310050,956,813,4,817
11460428,209,132,2,134
11781008,108,85,3,88
65600041,1924,1289,17,1306
11600424,491,299,1,300
10860162,484,314,4,318
76370317,282,135,5,140
22100061,112,73,0,73
11610986,360,224,0,224
10851106,470,284,3,287
22640206,168,41,0,41
11810089,903,488,5,493
10850385,683,485,1,486
76370878,994,599,2,601
43418583,432,363,2,365
86554143,285,140,2,142
21860557,2481,1533,19,1552
32952922,753,798,3,801
43583834,175,93,1,94
54410161,751,600,8,608
76220186,1447,849,8,857
10920215,669,417,2,419
76140963,329,232,4,236
76240021,218,129,2,131
65550034,2037,1509,17,1526
43418134,751,561,9,570
98160015,2086,1184,0,1184
97090465,1949,1582,5,1587
86870357,1851,1078,18,1096
33110367,274,222,4,226
32861651,1431,913,25,938
76110218,333,456,3,459
65660115,176,138,0,138
43950517,1286,938,7,945
76211489,368,244,3,247
10910214,303,181,4,185
76270248,1420,650,13,663
97141282,2133,1512,8,1520
43622423,719,502,8,510
76080225,355,225,5,230
10251661,893,1315,2,1317
22020129,1823,1259,20,1279
86552332,430,220,1,221
22470061,1528,1076,25,1101
33060563,2313,1553,19,1572
76290824,1730,609,3,612
76370733,276,164,3,167
76290677,1204,478,0,478
54910795,674,500,7,507
10790658,476,322,5,327
86930130,2660,1940,63,2003
32860087,2342,1546,19,1565
76440089,812,601,3,604
11650597,213,119,0,119
54260197,2546,1623,26,1649
10490071,143,114,0,114
97230045,925,704,7,711
21860298,2867,2401,8,2409
43400708,1135,1110,21,1131
32951077,4624,3411,11,3422
11821407,267,212,0,212
65760105,385,291,3,294
54130126,500,408,13,421
86552455,560,450,3,453
97090689,2229,1288,7,1295
32863439,1680,1627,22,1649
76140514,437,270,3,273
86990732,297,179,0,179
54690048,289,223,2,225
11821047,208,53,3,56
65730012,1356,1030,6,1036
86553771,228,122,2,124
43460074,1291,1064,8,1072
32900295,1325,1237,16,1253
43692565,194,117,0,117
86551599,458,311,6,317
43410305,212,109,6,115
54890972,611,558,51,609
43583698,1870,1469,47,1516
54260210,2621,1392,26,1418
76340202,359,199,2,201
22600099,1516,1022,11,1033
33290030,2805,1898,9,1907
76350427,777,351,6,357
98080050,283,142,5,147
43361849,1623,939,21,960
97140685,2599,2158,2,2160
10040016,1956,1304,15,1319
11810449,377,243,0,243
86552017,857,559,17,576
86990675,216,127,0,127
32850547,3672,3010,14,3024
10600085,302,321,3,324
43900118,1692,1133,31,1164
22650162,1497,1118,0,1118
86742748,148,93,2,95
43991185,1470,1017,20,1037
32950548,2272,1813,2,1815
21860647,1546,1067,14,1081
43415748,1096,938,10,948
43993952,313,172,3,175
22640150,141,51,3,54
76350887,343,215,1,216
33070025,1749,1140,9,1149
76320873,1468,940,7,947
11830553,427,278,3,281
98180028,180,84,0,84
86870379,1864,1441,15,1456
76260124,692,387,3,390
21860625,852,572,6,578
76280711,209,130,4,134
76370902,1018,643,4,647
11030207,1012,770,13,783
86990170,806,467,10,477
43626090,311,254,4,258
21870154,1465,1002,18,1020
76110252,602,516,6,522
11781031,682,462,18,480
11821384,217,160,0,160
43994481,442,340,4,344
76210309,826,419,6,425
54410172,932,776,11,787
54670226,188,140,2,142
11071347,519,350,2,352
43400393,2632,1694,3,1697
11581095,473,312,1,313
43583069,2479,2055,4,2059
76480263,516,240,6,246
10790636,104,73,1,74
11760487,513,291,4,295
10930306,888,674,18,692
11820899,400,221,5,226
33290096,267,233,3,236
11260044,775,520,15,535
10840441,270,175,2,177
86700304,505,800,19,819
43990027,661,483,7,490
86743266,456,303,3,306
10730012,1550,1324,0,1324
11580274,984,615,6,621
76250527,1246,773,12,785
43360848,1530,1228,11,1239
65280113,31,18,1,19
97800026,1585,1079,0,1079
86660916,1528,1084,12,1096
10820607,345,165,1,166
11751050,474,325,0,325
97093378,2296,1824,13,1837
76230019,1334,730,12,742
32960820,2677,1905,31,1936
11680017,1507,1159,12,1171
11830834,389,264,21,285
32840119,3115,2337,15,2352
32861303,2702,1970,18,1988
97110367,2335,1931,3,1934
43625549,324,275,8,283
11591243,473,297,4,301
54580080,1768,1072,13,1085
43950988,2456,1793,0,1793
11590938,406,253,0,253
10870860,162,115,0,115
11571397,331,250,4,254
43411148,933,616,14,630
97091736,3974,2960,32,2992
32860694,2143,1655,9,1664
32850705,2680,1796,0,1796
21900013,2174,1509,8,1517
86663087,543,362,1,363
97520171,1611,1045,3,1048
32850255,1590,1094,15,1109
11630876,351,250,4,254
43772070,468,340,1,341
43771877,519,385,3,388
32861516,3543,1722,14,1736
11300016,121,90,1,91
86661816,1991,952,0,952
76100116,920,455,6,461
11640620,536,401,8,409
86662378,175,113,2,115
43772283,697,527,7,534
65340097,30,22,2,24
76220603,1002,699,2,701
76260157,1111,665,9,674
43622546,180,525,3,528
65330063,48,16,0,16
54600016,1545,1128,1,1129
43411890,959,643,12,655
76370991,135,102,2,104
11751599,326,235,0,235
54790342,1771,1205,4,1209
11770231,639,385,9,394
43412712,3403,1973,23,1996
76211399,123,93,0,93
76330346,904,489,3,492
43416963,204,141,2,143
22020219,731,527,6,533
10890222,334,217,0,217
86663111,408,301,7,308
43361063,1336,1091,14,1105
43371547,2728,1895,22,1917
11750969,902,523,9,532
76300792,285,251,6,257
32960460,1275,829,20,849
86990327,1379,918,17,935
32870910,3316,2284,30,2314
98270028,977,906,6,912
86900025,1697,1067,8,1075
32862472,1256,1002,13,1015
65980020,188,103,3,106
11600772,929,608,2,610
54670248,102,74,3,77
33090241,2522,1731,20,1751
43771338,503,394,10,404
65190056,676,545,6,551
97091286,3250,2467,18,2485
11801168,274,207,5,212
10851050,453,314,1,315
11070548,392,250,6,256
43411429,771,498,9,507
65470035,948,686,7,693
43994368,325,229,8,237
43670392,2321,1405,38,1443
11751634,617,430,7,437
32980260,1935,1435,2,1437
33060811,5543,4125,15,4140
10870455,916,648,15,663
65090336,426,294,6,300
76200836,210,178,0,178
32850873,4014,2048,22,2070
86742995,658,412,12,424
76270271,1673,1022,11,1033
43992838,1917,1247,34,1281
43584228,323,235,1,236
11560182,1376,773,9,782
22380027,993,701,7,708
11070324,123,74,0,74
86662648,206,135,1,136
10820236,561,379,4,383
33030177,2119,1576,17,1593
10900145,222,166,0,166
97120368,466,313,6,319
76260360,988,197,1,198
65330041,291,132,0,132
11631383,505,281,1,282
54870262,1997,1676,12,1688
65440032,1552,1319,13,1332
11590039,889,492,8,500
33040088,675,560,5,565
54470156,1197,986,13,999
76260203,1743,903,11,914
10590072,1956,1269,15,1284
11571083,453,288,7,295
43411632,586,434,9,443
11790121,771,517,7,524
86670322,500,198,8,206
22630058,101,30,1,31
86741185,545,306,21,327
43950573,2565,1886,29,1915
65280102,45,31,0,31
54580204,1115,682,20,702
33250452,2817,1811,40,1851
76480421,414,226,3,229
76101128,949,718,10,728
86551690,1367,730,1,731
10820270,293,201,0,201
33020413,2936,2224,13,2237
43418516,724,779,5,784
76270237,1686,858,13,871
10940037,287,157,5,162
11570868,385,268,4,272
54570168,483,294,3,297
10690017,820,800,15,815
10910315,513,339,4,343
43371772,2008,1939,19,1958
10340031,474,395,0,395
11591142,276,200,5,205
11770792,454,269,9,278
86742175,273,217,4,221
10140040,2040,1280,20,1300
76210208,480,299,4,303
76220197,1482,906,2,908
43415568,605,384,0,384
43622524,753,491,23,514
32861404,1756,1353,14,1367
86820093,86,38,0,38
54200078,477,394,7,401
22421595,337,251,7,258
10870174,977,711,2,713
11640114,760,505,2,507
22400176,462,317,3,320
43590146,1032,895,10,905
43580583,1918,1602,60,1662
32841165,3784,2832,29,2861
11650654,171,115,4,119
86551544,395,245,1,246
22421719,218,176,1,177
54370076,127,75,3,78
86550127,877,397,11,408
76400388,659,383,2,385
65130083,538,471,8,479
76350045,453,245,21,266
43582204,306,219,6,225
98380132,1030,641,4,645
43413465,1867,1347,23,1370
11830676,428,339,3,342
64960038,1249,920,9,929
97130662,1770,1383,12,1395
43418998,594,538,15,553
76490523,305,215,1,216
33000118,2435,1794,16,1810
43372065,1274,1214,30,1244
43500619,1087,833,8,841
32910230,2043,1536,6,1542
32930782,5263,3440,45,3485
32860829,1908,1468,10,1478
10330119,78,76,0,76
11100014,551,363,4,367
98380334,1888,1396,4,1400
32940222,2026,1463,27,1490
43600250,2361,1701,19,1720
43581731,794,587,17,604
43772227,1404,1116,21,1137
43391077,1699,1546,16,1562
54680373,62,48,1,49
10870589,665,434,4,438
11160100,1178,873,10,883
21860568,2434,1743,17,1760
43550052,763,531,3,534
54230048,1158,798,4,802
43693049,418,333,8,341
76291072,343,159,1,160
11800684,47,23,0,23
11170022,127,76,1,77
32951482,1508,1085,7,1092
97142463,775,762,3,765
10251234,2025,1471,24,1495
43414387,1639,1153,19,1172
11460462,139,84,8,92
98340127,936,590,3,593
11830766,181,116,2,118
43993110,742,536,0,536
11631697,293,157,4,161
76251090,306,229,2,231
97630016,1332,867,1,868
76140547,535,344,1,345
65530201,466,261,8,269
32840456,4804,3507,14,3521
76120231,325,204,0,204
97910084,347,229,6,235
43418347,295,258,0,258
10670318,485,365,6,371
11810517,646,364,3,367
76210455,634,416,13,429
65290091,31,28,1,29
43621589,856,575,1,576
54650291,2431,1370,16,1386
97130178,6081,3720,54,3774
54540503,285,243,4,247
10400027,1802,1177,12,1189
54540019,1512,985,23,1008
32851289,2689,2147,7,2154
86660242,914,512,9,521
43772890,130,102,1,103
86580153,1259,832,20,852
97130189,2974,2427,6,2433
76200645,308,184,5,189
97690012,5939,4722,24,4746
11820822,426,298,3,301
10870040,313,179,0,179
22750040,1805,1055,5,1060
43411564,823,545,0,545
76450080,1234,520,10,530
21861019,993,697,8,705
10300262,2237,1551,8,1559
43413184,887,545,4,549
10780040,92,68,0,68
11600446,1025,746,6,752
76340707,497,314,4,318
43410170,1064,790,11,801
22630171,129,67,1,68
32900071,3343,2570,0,2570
22820082,69,42,0,42
43840021,2569,1885,39,1924
43690923,581,395,4,399
11631079,164,109,2,111
76370676,961,563,6,569
33270016,1005,545,10,555
32840041,3620,2710,7,2717
43775343,539,515,3,518
97130842,1608,1260,9,1269
10670161,964,742,5,747
43625459,590,466,4,470
10820539,330,231,2,233
33240046,2495,1614,6,1620
32951448,2586,1690,32,1722
43730120,1043,777,9,786
97092333,2652,1715,26,1741
97840154,474,218,5,223
76221255,333,269,4,273
11590163,659,395,12,407
86590165,1118,939,9,948
11030218,809,542,6,548
54570089,1132,625,7,632
86742412,375,247,6,253
65550023,1609,1112,15,1127
43580820,3990,3051,68,3119
86870278,1967,1708,7,1715
10840676,152,95,3,98
11020048,701,527,10,537
65300037,21,12,1,13
43361210,2369,1658,23,1681
43416008,337,216,4,220
11620998,83,70,0,70
76221019,694,542,8,550
10910966,212,151,0,151
43692240,966,549,8,557
11591322,211,0,0,0
10340075,183,120,2,122
97100557,3888,2885,31,2916
11771311,811,453,9,462
97140438,1451,922,6,928
11620853,217,143,2,145
43503724,1039,734,11,745
22421225,1023,619,13,632
54260041,3241,1997,6,2003
76310412,397,249,8,257
65550012,1786,795,7,802
43582989,1069,856,17,873
11810393,532,286,7,293
76370014,1046,530,62,592
43361298,2873,1899,1,1900
32841389,5089,2550,47,2597
32861325,2806,1945,15,1960
43500473,598,439,2,441
11830957,343,237,1,238
76080641,543,542,1,543
33010434,2531,1831,26,1857
43774577,1101,907,19,926
33110277,2855,2316,10,2326
32861673,2039,1444,15,1459
43691845,508,405,3,408
11650553,201,144,0,144
11070650,457,314,5,319
43584453,418,378,2,380
11760690,161,127,1,128
43570100,2012,1266,10,1276
43770034,450,310,1,311
21960019,2009,1327,28,1355
32951561,2081,1346,22,1368
43590124,1296,1426,5,1431
11590781,647,388,5,393
43993255,609,497,11,508
54911145,158,148,0,148
43993503,587,494,9,503
22420774,1845,1237,17,1254
76350551,880,506,17,523
43417098,216,153,0,153
43417447,540,348,4,352
33030414,1175,1264,4,1268
22160023,1821,1426,23,1449
76161056,369,282,3,285
43621051,367,252,6,258
11580296,470,288,1,289
65850059,319,268,1,269
76300062,2599,1638,19,1657
54870240,214,325,1,326
33000208,3171,2573,8,2581
43951204,1377,1309,20,1329
54910953,425,383,8,391
10590487,940,704,3,707
65840025,456,287,0,287
33000129,1966,1455,3,1458
11620088,970,579,7,586
11830575,599,403,5,408
87000072,624,504,9,513
86840017,2155,1338,10,1348
76160921,109,107,2,109
65350087,37,56,4,60
54540389,1154,677,0,677
10420063,756,572,6,578
54650246,3585,2487,0,2487
76450013,1945,1080,14,1094
76330447,783,421,5,426
11820316,599,324,1,325
32952630,748,1233,7,1240
11150097,267,208,0,208
43390504,3957,3222,11,3233
10840698,249,167,2,169
76190429,1626,917,21,938
43418358,353,283,5,288
86742399,481,279,7,286
86550778,2223,1421,26,1447
10910247,744,448,12,460
98050035,2965,1892,6,1898
76510201,649,413,6,419
43480346,279,294,1,295
43670066,2977,1937,18,1955
33240271,1209,679,18,697
10910179,338,213,4,217
10400072,294,180,3,183
43411777,314,175,3,178
33061171,1060,969,6,975
32910173,4422,3004,54,3058
97360038,445,268,4,272
32850020,4136,3064,5,3069
86740522,1152,693,19,712
76480937,606,347,5,352
65000180,1312,974,9,983
43370636,4953,4135,56,4191
10340053,174,144,1,145
54220159,1286,830,11,841
10251616,1353,1209,10,1219
22420448,705,537,11,548
86552512,2994,1326,36,1362
76130805,307,254,4,258
54910694,776,617,12,629
33260071,1814,1156,19,1175
11620268,390,243,1,244
65080032,395,287,3,290
54330162,1598,1255,21,1276
11790109,973,590,11,601
97520058,2097,1566,10,1576
76360844,161,99,3,102
97270027,967,675,0,675
65500129,71,50,0,50
11460103,258,146,0,146
54540806,1535,1361,22,1383
32862854,1256,997,15,1012
97530228,1026,607,7,614
76290284,849,284,5,289
76320996,774,359,0,359
22590165,1393,964,0,964
76320468,454,257,3,260
76101162,723,493,10,503
11780782,287,200,1,201
43411283,436,299,4,303
32960145,2428,1638,16,1654
11800640,180,109,4,113
11610739,410,261,3,264
76340134,530,237,1,238
32870673,2341,1616,19,1635
11580858,438,281,0,281
86554075,309,221,3,224
10730168,1216,987,0,987
10420085,84,56,2,58
97380041,322,161,1,162
98020010,2652,1807,20,1827
43504422,265,234,0,234
86960032,1918,1195,26,1221
76060100,946,562,20,582
43416110,354,276,5,281
43413364,882,674,0,674
97091220,2247,1230,20,1250
11250054,627,629,4,633
76270079,700,374,9,383
32952494,698,734,3,737
65130038,1631,1203,13,1216
43390560,2912,2805,12,2817
76100150,769,452,0,452
32862944,2612,1376,37,1413
43582091,364,204,0,204
86910251,4090,1898,5,1903
97370084,565,362,3,365
98420025,975,647,10,657
86662626,154,85,0,85
32862731,691,576,8,584
22730015,1600,1170,27,1197
43950270,1480,1338,19,1357
43413500,2244,1455,21,1476
76260551,843,414,8,422
21861558,552,627,11,638
22750130,2689,1831,24,1855
32862113,1860,1535,10,1545
76240368,1689,1186,9,1195
22540227,518,396,5,401
43410675,536,409,2,411
11080718,243,172,1,173
43416840,266,213,8,221
11440011,2627,1713,26,1739
11650069,463,314,1,315
43994605,457,401,13,414
86553221,483,341,10,351
33010276,1940,1474,45,1519
97120391,6809,3395,11,3406
11760948,354,234,1,235
43590078,3249,2732,68,2800
76480533,826,384,8,392
43412891,700,622,5,627
11631855,1128,731,11,742
10670329,994,737,18,755
11770938,417,216,0,216
33270319,824,677,12,689
43625932,152,110,2,112
10850240,329,203,3,206
32850952,6115,3477,41,3518
11610379,455,224,9,233
43416334,713,556,1,557
32951291,1976,1370,13,1383
43771327,865,707,8,715
10870624,623,370,2,372
97091804,2486,1878,21,1899
86552196,1429,786,15,801
32930614,3850,2921,8,2929
76330357,695,456,2,458
97141079,2409,1668,27,1695
76350810,270,192,0,192
43780013,2154,1404,7,1411
11570341,857,532,5,537
10870826,509,354,3,357
97590033,619,683,6,689
65280090,40,32,0,32
33060439,2677,1923,2,1925
76370508,915,607,6,613
10810347,492,281,4,285
65430053,1796,1161,32,1193
65480025,1750,1200,32,1232
10840014,667,429,13,442
54910100,1601,1243,11,1254
22600145,1487,914,23,937
43621411,1010,658,25,683
10870488,201,144,0,144
32841390,732,518,7,525
76510470,429,324,3,327
86660387,671,398,19,417
54110034,1574,1178,9,1187
43413746,1357,899,15,914
32861763,2850,2151,25,2176
76100723,700,403,3,406
54280032,2375,1703,26,1729
43430071,908,825,12,837
97840110,414,270,0,270
43625156,601,496,9,505
11810898,285,185,6,191
97550107,729,413,11,424
86553311,328,229,3,232
43692723,440,325,3,328
43503601,357,327,0,327
22460015,2468,1731,40,1771
76270226,1186,662,10,672
11610694,403,295,1,296
76380217,1087,705,12,717
43992052,537,451,1,452
43503151,749,540,26,566
32930096,2882,2281,9,2290
22110095,27,20,0,20
21861187,2088,1694,28,1722
33150068,142,104,2,106
76251012,218,166,2,168
76160763,929,597,6,603
76200308,1446,738,11,749
97370017,840,629,7,636
10251593,2658,1710,28,1738
11770837,248,138,5,143
11751195,719,430,5,435
54620052,1141,635,5,640
10670408,323,259,1,260
76240379,1145,676,6,682
43630017,1493,877,10,887
33010805,2433,1629,2,1631
97093299,410,266,2,268
97850065,19,5,0,5
76490422,219,174,1,175
65530335,162,115,2,117
76370058,1512,690,6,696
76330043,1265,688,11,699
22510055,1410,959,19,978
11770927,1080,667,1,668
76120185,720,406,4,410
22790123,1876,1593,21,1614
32960235,2399,1607,19,1626
86991676,806,472,23,495
76300040,1842,1223,20,1243
43504275,179,154,0,154
43581618,1803,1240,15,1255
11631068,432,240,8,248
32890293,2365,1623,29,1652
10830013,540,343,8,351
43500013,619,400,10,410
86741927,1020,508,15,523
43991725,930,666,13,679
86741556,266,122,2,124
43501878,384,219,3,222
11080875,285,195,5,200
11780759,624,420,15,435
11150121,648,410,5,415
43410293,1067,730,6,736
76100093,1088,683,3,686
97091039,2382,1744,22,1766
33250182,2598,1873,18,1891
11631507,371,240,4,244
10820168,273,92,1,93
22590222,957,743,12,755
97270128,2272,1254,0,1254
86553119,565,310,7,317
10650057,188,139,0,139
10790568,433,254,7,261
33290074,766,593,16,609
43992771,913,558,9,567
33060754,2733,1291,19,1310
54410217,868,310,12,322
11751803,365,252,5,257
86700056,2931,1702,20,1722
86550824,423,196,4,200
11610290,345,229,2,231
43740019,1815,1484,12,1496
11760904,230,152,1,153
54840191,160,130,4,134
43771912,482,393,2,395
32900284,3937,3539,7,3546
43413612,1935,1517,30,1547
43670516,2083,1418,86,1504
11570778,573,382,3,385
54540761,1099,809,19,828
11560519,1623,1343,23,1366
54910942,327,281,9,290
22420796,530,312,2,314
33060215,2985,2277,24,2301
86551926,1061,526,26,552
43501856,644,411,4,415
43413768,824,525,9,534
76370496,547,336,3,339
43418707,408,344,7,351
11790682,233,162,0,162
33060181,1787,1429,18,1447
76090349,1644,1502,18,1520
11570464,555,367,13,380
76090338,761,883,9,892
76280799,311,214,4,218
76400254,1166,613,18,631
11690074,328,186,3,189
76130074,366,204,3,207
98380019,3616,2860,16,2876
86700247,1525,1156,1,1157
43371884,1624,1300,19,1319
76340088,1407,668,2,670
43994379,312,240,8,248
43991635,773,535,12,547
11130017,222,164,0,164
43503173,391,302,1,303
33060800,1869,1500,6,1506
43580123,204,148,0,148
32841525,1616,1208,10,1218
10871232,600,448,8,456
97800037,2855,2298,9,2307
11030050,861,516,5,521
76320480,1043,670,5,675
87020557,927,847,13,860
43400854,998,904,13,917
33240013,3557,2298,8,2306
86553962,160,105,3,108
11590679,702,290,6,296
43418257,718,587,9,596
76080067,1702,512,1,513
32952258,680,517,1,518
32980293,1463,1430,12,1442
54880241,1482,966,13,979
97140090,2442,2078,22,2100
54860069,169,99,3,102
32860885,658,804,10,814
43502587,1005,587,3,590
54590025,1740,1175,18,1193
43580381,2897,2834,43,2877
43692835,203,158,1,159
86743389,284,203,5,208
86660567,974,618,9,627
76230323,608,287,4,291
86992251,374,259,2,261
32840748,2087,1391,20,1411
86910475,426,408,0,408
76530023,113,52,0,52
32931019,781,693,9,702
54440322,1418,1085,9,1094
76341168,590,484,0,484
54530018,1853,1249,24,1273
76380363,811,484,3,487
86662750,176,104,2,106
11570183,444,217,0,217
76141032,192,199,1,200
43418987,255,206,4,210
43418628,452,448,11,459
43692790,661,486,8,494
76140974,417,290,4,294
32952001,2929,1849,4,1853
54910212,814,625,10,635
43775354,568,498,7,505
11780445,392,184,4,188
11810359,844,521,9,530
10590353,2464,1361,22,1383
11830227,458,329,3,332
97930042,2639,1905,23,1928
43775107,661,637,4,641
97120278,2539,1668,4,1672
33080217,1589,1246,37,1283
54330184,982,1008,18,1026
43994302,814,655,11,666
11620381,598,386,6,392
10910416,332,193,6,199
43951125,1170,1041,10,1051
43414321,1222,917,20,937
33260217,1956,1299,17,1316
76500255,98,45,1,46
97091703,2778,1981,0,1981
43620825,367,224,2,226
10250862,2847,1846,24,1870
76450349,275,194,4,198
43771316,1301,1088,15,1103
76101218,652,410,6,416
10820685,304,230,1,231
32960954,1008,802,6,808
32861943,1256,1082,14,1096
43501632,994,681,4,685
22720171,1643,847,7,854
32952607,216,213,3,216
11830968,372,280,5,285
54580046,1649,795,15,810
22240044,2251,1203,20,1223
33020671,1394,1301,14,1315
54500026,489,414,3,417
22490074,1024,685,6,691
11760139,455,270,6,276
43413162,778,430,7,437
43413140,492,364,6,370
33061069,3906,2647,10,2657
32950526,3160,2218,8,2226
32951662,4971,3057,7,3064
76490455,411,293,4,297
97100827,1401,2006,28,2034
33240350,1918,1580,1,1581
43584048,192,120,9,129
11790479,407,282,4,286
86552635,1028,630,1,631
54870093,328,190,1,191
86820846,134,96,5,101
86990642,1161,774,6,780
32850671,4355,3121,15,3136
86740375,795,405,3,408
76250606,953,511,20,531
32870763,1893,1450,23,1473
76130478,652,360,2,362
43412543,289,206,3,209
11752196,225,152,5,157
76280913,266,266,1,267
76351259,320,194,3,197
11360012,777,382,3,385
86552589,115,77,1,78
97091950,2937,931,14,945
11080516,222,151,1,152
86920106,1875,1409,34,1443
11710022,1010,608,25,633
86552781,162,82,2,84
54620568,644,399,0,399
43410530,3418,2447,44,2491
86662468,525,320,8,328
11100227,597,399,5,404
76510144,583,259,6,265
22420088,1187,845,12,857
76310018,940,442,12,454
43772722,104,83,1,84
98400067,2714,1592,37,1629
43994492,414,380,5,385
32863260,749,699,4,703
33260105,1565,1192,3,1195
43502284,855,677,17,694
43992759,755,569,3,572
10780062,87,56,1,57
33270106,1587,1085,7,1092
65390014,1654,1117,20,1137
32952360,1033,1322,4,1326
54790487,904,736,8,744
54570360,660,489,12,501
76380712,178,132,0,132
22380038,1333,908,18,926
54650594,1976,1414,11,1425
43950685,1972,1672,23,1695
86940063,1957,1534,52,1586
86990125,873,548,6,554
76120163,709,431,0,431
86742670,524,347,0,347
43620218,690,564,2,566
11630078,964,509,8,517
86740678,862,519,5,524
21860894,1401,242,8,250
98430059,1817,1657,17,1674
65090145,786,509,14,523
11640125,700,473,6,479
43412138,1405,985,15,1000
43670785,1148,1223,30,1253
54790791,499,521,9,530
43371828,7696,5449,82,5531
97120515,2387,1484,2,1486
10890233,362,238,3,241
76290655,1145,349,8,357
76280474,1753,960,2,962
43994795,717,659,7,666
33060079,2559,1777,15,1792
43690046,248,182,3,185
86742535,197,110,4,114
43413353,1379,997,0,997
32861279,2356,1698,16,1714
33010153,1700,383,18,401
10400038,494,305,5,310
10910135,624,405,10,415
10800065,95,61,0,61
22820127,72,24,1,25
76530012,1070,615,20,635
33250531,965,415,9,424
32950885,4031,3485,22,3507
86660051,307,174,3,177
54600151,2363,1774,8,1782
33240417,387,308,4,312
97280028,2803,1364,25,1389
76060133,958,607,2,609
32910409,1736,2035,33,2068
65440212,2976,1985,22,2007
43690136,765,542,25,567
22770031,1995,1362,24,1386
43772654,713,436,13,449
32890529,4166,3142,19,3161
43503667,714,501,44,545
43581304,491,277,5,282
86551689,1109,644,11,655
11560126,1689,1027,7,1034
86551386,1407,1010,21,1031
76370328,1119,593,3,596
10250132,5083,3801,88,3889
65530043,246,175,0,175
32940839,1639,1245,17,1262
97130617,1982,1511,32,1543
11590208,552,350,3,353
11630157,519,229,13,242
76200331,854,472,3,475
76170281,769,536,4,540
11640552,919,555,0,555
21870323,1578,1024,20,1044
97110435,1966,1595,8,1603
32950773,2547,1720,19,1739
76450237,1295,773,4,777
97230012,1940,1366,10,1376
22421922,244,206,4,210
32890361,4311,3005,36,3041
32851010,1940,1482,9,1491
43770450,936,610,7,617
11320018,1706,1196,21,1217
11070155,508,341,6,347
22510088,1313,998,9,1007
32950537,2563,1879,5,1884
10940172,429,252,7,259
11390655,455,270,7,277
86743277,776,522,11,533
32870583,2408,1508,11,1519
43502352,1157,686,3,689
21880010,1190,795,9,804
76180103,360,218,7,225
54840135,985,788,13,801
54670169,737,416,19,435
21861288,678,583,5,588
11580094,556,310,7,317
22800114,183,119,1,120
10871333,577,406,3,409
10251773,746,766,8,774
22480040,1534,1108,4,1112
33020547,2264,1822,11,1833
43620724,426,266,2,268
43501867,620,370,3,373
22421102,718,449,21,470
76090035,2418,1556,13,1569
43584554,473,443,8,451
22800170,164,92,4,96
76350236,918,549,6,555
65530313,50,49,0,49
43418606,260,243,6,249
10850059,646,383,8,391
76290587,1457,568,7,575
43400618,1974,1578,6,1584
76221222,299,225,5,230
22750107,2092,1145,26,1171
43625325,278,219,2,221
10870567,484,304,8,312
32850345,2721,1475,6,1481
32950133,4085,2873,22,2895
54610028,2054,1317,29,1346
86742489,348,222,1,223
22420482,773,521,9,530
43370300,3237,2423,22,2445
11750239,697,359,4,363
86551522,438,284,7,291
11810382,1322,792,27,819
11771670,440,311,6,317
43400348,2029,1654,20,1674
11350011,143,102,2,104
54230228,1909,1807,29,1836
43991466,364,244,5,249
43500585,1322,931,16,947
32951594,2426,1343,14,1357
43991736,312,242,3,245
32952179,1379,942,5,947
43951035,2322,1992,23,2015
86743839,52,53,2,55
86990552,670,467,9,476
32841187,5496,3702,34,3736
76490376,361,281,0,281
32952225,4581,3301,19,3320
11810696,432,254,3,257
11610661,138,111,0,111
97100344,1588,1119,11,1130
32950100,1305,1051,0,1051
11750712,403,180,6,186
86890034,2166,1506,36,1542
11080808,290,212,3,215
54840102,205,130,2,132
97142621,1553,1192,13,1205
43870057,2827,2109,15,2124
97450016,2064,1240,13,1253
54450097,602,409,9,418
86991867,537,356,5,361
76380026,275,149,4,153
33040112,1076,841,11,852
10830147,219,153,1,154
54660113,347,282,2,284
43992041,412,265,11,276
97930053,1459,923,9,932
43360275,2004,1275,13,1288
22080248,418,354,1,355
76050109,352,475,5,480
43771406,1408,1095,43,1138
76340820,326,235,5,240
76290442,837,259,2,261
10400050,753,325,5,330
10940576,170,134,1,135
76321335,357,246,8,254
66000013,161,73,1,74
97110266,2043,1600,0,1600
97130718,2257,1400,2,1402
11610380,530,310,3,313
11460215,608,404,5,409
11771445,43,37,1,38
11781143,830,648,14,662
11020071,717,513,6,519
10251414,2442,1784,15,1799
22420033,645,426,5,431
43775376,397,341,3,344
11570666,449,259,10,269
54720121,1092,1368,11,1379
11080853,272,179,1,180
10590678,2269,1920,10,1930
33000387,1439,1662,12,1674
11760184,612,324,9,333
11751667,243,159,4,163
22240123,275,260,5,265
22720463,497,525,3,528
54680249,203,147,6,153
97200121,2063,1516,0,1516
76120297,332,217,1,218
22540081,1786,1162,29,1191
97520193,1783,1331,9,1340
33060462,1240,1025,10,1035
43418561,557,561,10,571
11571128,266,188,2,190
11760678,129,71,0,71
11610740,316,211,0,211
43774599,641,579,7,586
11771973,227,128,7,135
97820084,850,508,11,519
76350461,974,520,4,524
43693061,139,144,1,145
43412655,759,555,13,568
97100760,832,1014,11,1025
65440717,761,721,10,731
10820180,57,32,0,32
76340101,902,456,3,459
87040021,1380,1014,23,1037
86991935,985,635,3,638
76280238,1277,584,9,593
76370889,239,133,3,136
22640093,122,90,1,91
97720027,1045,736,1,737
43502868,1485,1077,18,1095
86992116,480,326,6,332
76280564,704,441,3,444
11750891,394,182,6,188
22421450,212,320,5,325
11080415,807,547,7,554
76440023,2378,1508,11,1519
86660501,1067,724,8,732
11590691,359,227,1,228
76220029,874,492,1,493
43772698,230,144,3,147
32840973,2034,1562,7,1569
11760410,296,198,1,199
33061104,1871,1684,11,1695
43417919,466,381,4,385
43773239,249,166,1,167
97200389,1447,1362,3,1365
76380824,481,294,6,300
65000157,674,464,2,466
76340910,377,287,1,288
76140794,261,171,2,173
11631091,263,162,2,164
86680075,157,415,2,417
54380055,299,272,6,278
76100396,1434,651,13,664
86661366,1218,834,15,849
33020334,3135,2971,6,2977
11630618,790,510,11,521
97520238,1117,738,11,749
22230021,1152,752,12,764
43625842,306,269,9,278
32841457,2628,1720,24,1744
43580044,466,274,1,275
76350652,662,399,6,405
22000015,2117,1570,25,1595
43400191,907,871,4,875
54490057,1529,1253,25,1278
54260502,222,193,2,195
98100019,689,399,6,405
33250227,2802,2282,8,2290
65350065,41,19,1,20
43370704,1844,1346,14,1360
54180020,435,400,3,403
11580601,784,419,10,429
76310074,775,442,6,448
11390295,785,394,15,409
11760173,382,190,1,191
86553355,376,267,8,275
11800910,170,120,3,123
11590602,261,154,2,156
76090226,3477,2755,52,2807
64990019,309,85,2,87
76211456,368,224,3,227
86990530,486,322,2,324
76320233,593,333,8,341
11771625,462,294,9,303
43994414,578,537,7,544
86743143,641,408,6,414
10360011,400,328,2,330
32910229,4119,2796,15,2811
11071033,128,87,0,87
32863215,2217,2649,13,2662
76350337,504,242,4,246
11390600,510,297,7,304
22650027,40,22,0,22
43771024,1206,1039,17,1056
11801203,148,93,17,110
10800021,284,176,3,179
76250099,474,278,0,278
22110354,75,42,0,42
11821182,270,158,7,165
32861910,1689,1353,9,1362
43416626,543,432,5,437
43411407,800,548,10,558
43990443,448,352,5,357
98400203,4332,3277,42,3319
86552051,1451,700,18,718
43771765,1023,778,7,785
43625145,119,85,3,88
11770860,779,483,13,496
10820641,344,265,5,270
54260366,735,643,4,647
43416581,488,345,7,352
76160583,949,579,4,583
86720014,1943,1331,27,1358
43372021,1520,1467,7,1474
98100132,613,361,4,365
11751353,478,329,2,331
76350157,920,498,5,503
43390571,4426,3415,9,3424
43501542,358,192,5,197
43580167,3071,2312,26,2338
11750521,564,309,4,313
43771259,452,361,10,371
86670119,1985,1265,16,1281
11771760,332,212,3,215
32861594,2051,1516,24,1540
11390150,651,394,3,397
11580926,260,190,2,192
97141451,2307,1460,29,1489
10810280,873,577,4,581
10920091,281,192,1,193
10920024,503,362,9,371
10670464,1233,1235,17,1252
33020132,2963,2104,10,2114
54840078,810,563,17,580
76200588,310,277,4,281
11830823,339,280,0,280
32960976,748,706,9,715
97130763,3116,2426,14,2440
97141620,1592,1154,20,1174
76100138,1198,601,8,609
43992535,589,471,5,476
32890383,1678,1226,18,1244
32952731,870,973,19,992
98250015,1218,767,7,774
32870178,1828,1775,6,1781
11720012,1320,742,7,749
32841536,1333,1182,5,1187
32840568,5429,3827,14,3841
65000067,2463,1689,6,1695
86670131,2486,1582,16,1598
22210052,1723,1275,25,1300
86552646,1195,743,3,746
33250351,1965,1343,11,1354
43620566,641,473,7,480
22820217,156,90,5,95
11820271,346,151,0,151
43992063,757,623,6,629
76101487,732,590,1,591
10950016,399,249,5,254
10870196,632,409,4,413
76140558,325,193,2,195
43414499,1622,1166,22,1188
97100322,2402,1639,3,1642
10850699,337,197,13,210
43691788,273,175,1,176
43419214,295,252,8,260
10810493,482,279,0,279
22410391,421,277,6,283
76110016,1966,1296,13,1309
32930018,4658,3496,13,3509
11581130,584,355,3,358
11820798,175,101,1,102
43771428,1268,1095,29,1124
86741006,1720,1047,12,1059
76200443,436,351,1,352
97120458,420,456,5,461
33020299,3410,2632,9,2641
11410018,162,103,5,108
43950348,3137,2223,34,2257
11820451,314,199,5,204
22470184,860,658,16,674
97840165,489,582,8,590
33060989,2815,1872,10,1882
11770028,885,448,2,450
43690776,220,189,0,189
65450011,1211,911,11,922
10330085,109,69,0,69
33250014,3453,2876,10,2886
76270147,1537,747,8,755
97270072,3721,2370,35,2405
76280407,1046,589,5,594
22640037,196,144,2,146
86820925,96,41,0,41
43622085,2933,2164,36,2200
43994278,606,558,7,565
11290047,294,201,2,203
10270055,2085,1506,22,1528
22650173,422,275,11,286
11620347,499,330,7,337
22650409,168,116,1,117
10590948,2010,1516,18,1534
10920518,252,170,3,173
76221266,371,287,7,294
97120289,1379,820,5,825
43580459,540,390,3,393
54340039,1043,767,10,777
10870545,695,460,15,475
97910062,1035,748,9,757
11020093,486,345,1,346
11571195,497,276,3,279
11830148,740,499,5,504
43417997,234,202,1,203
11820080,816,348,7,355
43413375,1698,1276,18,1294
10980053,2966,2269,8,2277
33020042,2062,1564,28,1592
10810055,801,512,9,521
86820778,193,108,2,110
86743187,659,397,7,404
76350472,768,346,5,351
76351282,343,213,16,229
97141990,4323,2763,20,2783
11751218,444,289,12,301
11620358,657,443,0,443
33030470,524,601,2,603
76150515,756,378,11,389
11601087,276,159,4,163
43992355,828,540,16,556
54670215,293,203,5,208
43370052,1930,1383,13,1396
10420030,396,179,3,182
76220614,2001,1208,13,1221
54540873,229,132,4,136
76100497,1176,693,4,697
86870212,1634,1287,14,1301
32840197,3552,2135,22,2157
43950854,1033,902,21,923
54200067,173,128,2,130
11600806,651,375,11,386
76160101,1366,713,25,738
11751948,342,238,6,244
32840029,1701,1324,8,1332
97200367,1446,1017,22,1039
43502251,656,422,8,430
21860670,1333,987,10,997
33290029,733,462,15,477
32950379,2110,1492,4,1496
43411496,524,355,6,361
22650320,210,127,4,131
54210079,1635,1037,15,1052
76260405,598,418,13,431
86552714,187,63,1,64
33060226,2106,1486,20,1506
43414231,1456,963,60,1023
10840272,209,128,5,133
22420325,811,487,8,495
76310175,715,385,10,395
97091196,1724,1314,13,1327
76350573,364,193,4,197
22470195,1060,725,16,741
22560106,1409,1054,22,1076
33090386,1812,1488,16,1504
22590200,1521,1131,19,1150
10590397,1823,1142,10,1152
86990608,1252,718,9,727
43771563,507,282,0,282
76480601,1679,906,11,917
97130695,1284,996,2,998
76160550,1228,730,16,746
43580639,259,170,10,180
11590084,574,300,3,303
10250749,2304,1653,19,1672
97920029,1559,921,8,929
76210714,1209,641,13,654
76350854,196,123,1,124
43504264,166,114,1,115
43410901,623,444,2,446
10860331,428,282,8,290
76320604,538,317,2,319
11770972,136,95,1,96
10890255,433,265,7,272
32841479,1062,978,11,989
22780065,1445,1131,19,1150
76141065,612,440,5,445
76340235,806,476,4,480
97120122,3244,2504,27,2531
76230637,364,273,7,280
43690585,1101,710,5,715
10850600,694,463,3,466
54650415,1925,1284,20,1304
43690552,775,399,0,399
21860513,2658,1891,31,1922
65070019,407,318,2,320
43416525,305,246,3,249
76160358,1330,757,16,773
76130535,324,180,4,184
65090303,818,791,6,797
76220153,1194,800,6,806
43693050,144,106,2,108
97950011,2679,1469,27,1496
65660058,44,33,0,33
86660769,1057,669,0,669
86663043,761,544,3,547
10460023,635,499,7,506
64980041,496,432,2,434
43990410,1109,832,14,846
86770086,908,678,13,691
43620432,1452,1101,13,1114
54640021,727,477,1,478
11780490,489,247,3,250
22320223,37,38,1,39
66020071,29,39,1,40
54260333,1013,1161,18,1179
76230503,1118,680,12,692
43950405,2032,1553,9,1562
10790434,489,318,6,324
97130853,1761,1425,15,1440
86554031,112,70,2,72
54610129,1294,781,17,798
86830049,2086,240,6,246
86991272,857,471,74,545
76100071,1927,816,75,891
43992849,644,413,5,418
54600050,1869,1409,15,1424
10600063,1744,1177,18,1195
33030537,1348,1268,10,1278
43580471,988,732,21,753
10940846,238,178,3,181
43990779,1590,1054,12,1066
43992322,273,199,0,199
11080460,407,244,5,249
33010793,2145,1587,13,1600
54220373,170,168,4,172
54610411,1338,1053,22,1075
76490400,490,393,5,398
54790634,1918,1724,44,1768
10590892,1752,1238,15,1253
76090394,281,480,6,486
86990204,542,327,8,335
87020186,2720,1891,42,1933
76310085,858,532,12,544
43582675,584,410,10,420
76150245,1289,687,0,687
22120131,150,106,0,106
10860072,353,192,5,197
97090320,2261,1746,15,1761
32890686,1695,1233,15,1248
86551410,714,478,6,484
97090780,2006,1530,15,1545
86820868,717,497,4,501
10940206,373,263,5,268
86910497,389,341,4,345
43417896,735,563,7,570
97100502,2028,1570,10,1580
86930028,1017,216,3,219
11620167,517,299,4,303
10180033,1632,1068,9,1077
11781200,345,249,10,259
11752208,351,258,10,268
76330560,446,373,2,375
43581911,577,422,7,429
11790592,351,266,9,275
76450394,312,262,2,264
43503915,451,315,3,318
43411531,602,457,1,458
10590241,1754,1237,22,1259
10890176,701,454,4,458
54540727,681,536,0,536
11751779,425,143,1,144
43370388,4175,2764,3,2767
98400214,2723,1767,43,1810
11770129,525,283,2,285
22560016,1428,1006,19,1025
32960482,4192,2985,9,2994
22430078,69,60,0,60
76130197,501,274,1,275
43412880,1827,1083,15,1098
86991025,569,408,0,408
54880375,1041,722,7,729
43417111,290,205,3,208
43371941,1527,1397,19,1416
10590263,1456,1123,20,1143
43951169,2335,1754,10,1764
10871467,261,208,11,219
43414916,1089,721,11,732
98420115,447,276,0,276
65600085,831,712,19,731
22420101,1390,933,11,944
54680317,614,490,12,502
43991477,1009,668,5,673
76100521,1140,712,8,720
22640026,122,66,1,67
43770720,657,491,2,493
97110244,2223,1699,0,1699
86992846,456,274,2,276
10060018,1251,929,7,936
76490512,182,112,1,113
43350331,1962,1566,32,1598
43500170,662,467,0,467
54590058,2208,1472,31,1503
65030093,141,83,0,83
76240111,1391,696,5,701
66000091,36,25,0,25
43691047,713,579,9,588
97140449,2026,1376,15,1391
86870111,1018,782,13,795
54610231,2000,1335,31,1366
76140031,1029,448,4,452
21860951,1563,1196,31,1227
32850064,4553,2960,103,3063
11810225,633,332,11,343
11810371,502,272,11,283
86991744,404,265,3,268
22421674,313,310,7,317
66010069,43,33,1,34
86662176,1703,1249,5,1254
10850712,302,230,2,232
11080662,595,392,7,399
76480982,145,86,6,92
54880465,845,677,5,682
11790200,287,100,4,104
11071831,143,96,1,97
11810337,494,291,4,295
54650224,2743,1970,28,1998
32950403,2825,2002,3,2005
10810774,205,140,0,140
33310044,1551,971,9,980
11790389,867,454,9,463
43691711,689,502,13,515
11771030,525,342,7,349
22420730,1847,1123,20,1143
43670235,2845,1855,20,1875
11751173,664,333,11,344
11650126,845,543,0,543
11771737,356,238,7,245
43415861,346,234,4,238
10910786,404,268,0,268
86990024,892,541,5,546
76270440,25,23,0,23
76370744,628,302,3,305
43584206,158,104,1,105
43415524,995,680,21,701
86553715,358,266,3,269
76050053,1490,963,4,967
32960011,2538,1678,44,1722
54620704,276,202,1,203
32862102,2484,1770,23,1793
11080235,627,421,0,421
10841307,455,321,1,322
43371390,6086,4239,0,4239
97400011,666,489,0,489
65330030,149,50,1,51
22470016,1174,698,9,707
65670026,426,291,12,303
32863080,458,431,2,433
54420151,343,283,12,295
32862056,2955,2146,0,2146
10251368,3457,2415,29,2444
97141518,2464,1693,6,1699
54840089,444,263,4,267
22480039,1782,1322,36,1358
54790690,451,501,4,505
97780023,3126,2410,11,2421
86550026,472,285,0,285
32960875,1116,1385,4,1389
33240440,832,781,9,790
43413522,3442,2562,52,2614
97141732,2801,1786,11,1797
32952786,890,988,4,992
11460079,325,194,3,197
43625369,880,661,17,678
32870189,3676,2615,16,2631
76300242,619,345,12,357
11790604,698,432,3,435
43991848,669,490,8,498
11751476,591,363,9,372
76291128,359,142,3,145
43416705,726,470,12,482
11620392,399,222,1,223
43362299,1323,1192,14,1206
43690934,514,346,7,353
43993648,496,311,10,321
32930265,1477,1117,10,1127
32930063,3881,2881,9,2890
11720067,384,299,8,307
76200319,1487,987,13,1000
43994009,524,412,0,412
32870628,1634,1442,10,1452
76150324,1555,750,21,771
43992108,919,599,8,607
22600066,1908,1379,3,1382
11070874,334,241,0,241
76170359,1005,656,7,663
54820032,1746,943,5,948
97520249,1479,908,7,915
65440469,1496,1252,20,1272
10890503,116,66,0,66
10590599,714,664,10,674
54400092,532,332,1,333
97770011,692,523,0,523
11610504,458,319,0,319
43400179,1524,1285,5,1290
97140315,2205,1575,0,1575
43993187,245,167,4,171
98400113,4789,2825,3,2828
11640271,966,573,16,589
33110255,2498,2031,5,2036
22120052,217,123,4,127
43400809,1077,937,0,937
11080909,415,297,3,300
97140607,2088,1491,5,1496
43772553,1277,984,9,993
76321199,483,254,0,254
22410234,89,31,2,33
10620010,3313,2449,0,2449
43770236,870,509,6,515
43420092,1487,1108,12,1120
10460113,634,480,5,485
54860216,119,65,2,67
43370827,4982,2824,35,2859
76350832,325,196,0,196
97091781,3348,2391,38,2429
11780894,576,355,6,361
76360293,831,518,9,527
54880432,609,440,7,447
32841312,3364,2272,17,2289
32960943,1095,1517,10,1527
43418774,190,172,1,173
43690844,966,684,23,707
10930014,1284,863,17,880
43773419,737,612,7,619
43950753,1352,1131,9,1140
54120147,238,130,2,132
11580791,965,590,6,596
43692666,268,182,7,189
43774601,196,157,1,158
43950719,1171,1038,17,1055
11071448,205,132,3,135
33250867,722,833,8,841
76291038,369,177,0,177
10840609,505,308,3,311
54620579,246,173,3,176
76300084,328,171,2,173
76330245,1255,598,5,603
11751005,632,383,17,400
43691373,845,508,10,518
86742951,928,701,17,718
11570789,432,288,2,290
43415591,570,497,4,501
54610118,1873,912,21,933
76070134,335,287,10,297
22410302,181,122,4,126
10590533,1602,1159,31,1190
33010681,5058,3889,14,3903
11751735,436,278,4,282
43500507,651,484,1,485
10840711,163,108,0,108
11640451,782,531,2,533
10920394,229,166,3,169
86660130,1102,620,6,626
65290035,162,64,1,65
97090881,1995,1598,9,1607
86860020,2309,1638,19,1657
43625202,799,11,0,11
43993660,629,436,9,445
76220063,1394,815,7,822
10180011,820,683,5,688
43773497,2326,1741,1,1742
43691733,750,442,7,449
54320071,1995,1486,18,1504
54880027,235,148,3,151
10240029,1713,1073,17,1090
86552624,1431,627,4,631
11810203,532,313,6,319
76360530,1135,716,8,724
11830328,439,290,4,294
43412093,1115,754,25,779
86551757,1472,710,25,735
43370513,5453,3545,0,3545
76250819,87,57,1,58
43692914,201,144,0,144
11570239,706,508,10,518
43410428,236,111,3,114
86743660,444,413,10,423
76321616,301,240,2,242
43416154,1061,800,12,812
10910405,332,209,8,217
22640239,445,327,1,328
43417908,329,293,3,296
11800516,320,211,3,214
11750947,360,245,6,251
54580079,1862,1057,11,1068
76480319,708,357,1,358
32950122,4795,2866,20,2886
21861110,682,518,8,526
10500028,138,64,0,64
54790230,2755,2137,12,2149
76330470,299,229,7,236
98430183,619,276,2,278
76380598,622,499,4,503
54330218,527,535,19,554
54280076,2635,1878,39,1917
86991542,1394,913,14,927
11080831,427,303,0,303
76070101,394,440,4,444
43991095,510,371,2,373
33250429,1952,1421,21,1442
10300206,2998,2552,2,2554
32871135,2405,2023,22,2045
76270293,650,401,5,406
43950539,1862,1387,16,1403
43560075,264,335,0,335
10590285,2623,1668,27,1695
33110109,429,275,5,280
32870369,2097,1596,17,1613
76340796,168,106,0,106
76310063,1138,631,7,638
11771366,306,233,0,233
22600707,631,430,6,436
11580803,207,134,1,135
32930669,1886,1403,17,1420
86830061,484,73,2,75
86820532,368,205,9,214
22740061,2407,1611,34,1645
32862832,451,329,2,331
54880296,835,543,7,550
33030380,2825,2180,25,2205
76090181,3093,2500,16,2516
86990226,1713,468,6,474
54590306,1445,846,19,865
10790669,120,133,2,135
32951358,1928,1320,7,1327
43503937,1271,1024,4,1028
33080251,448,343,10,353
43773510,1965,1549,13,1562
11070560,639,428,5,433
11560485,782,801,10,811
65410028,781,645,8,653
32910353,1146,1719,4,1723
65090291,84,32,2,34
11820215,890,522,6,528
54260513,1212,1150,12,1162
11831363,273,219,1,220
98340093,256,151,1,152
43500226,759,470,3,473
76420032,2716,1503,10,1513
86990620,962,623,30,653
76360495,795,502,7,509
32931075,590,714,2,716
76140660,345,228,9,237
22210074,1597,991,28,1019
43840076,288,286,4,290
54880016,1330,984,23,1007
76210905,1519,638,6,644
76150076,1014,637,6,643
10430121,1378,875,12,887
43570188,448,459,1,460
11770422,1426,765,18,783
11780074,610,374,18,392
43501407,474,322,9,331
43415210,760,467,12,479
43584396,145,126,2,128
76130423,484,227,7,234
11630146,764,421,4,425
32950650,1564,1083,7,1090
43625000,387,265,25,290
43620364,619,432,1,433
76141043,411,494,1,495
10871401,269,181,3,184
22110073,80,35,1,36
54880263,555,381,4,385
11200194,1825,1499,30,1529
32980428,2275,2397,25,2422
97142317,972,928,10,938
11810911,464,312,7,319
76540091,329,177,0,177
76320772,284,141,3,144
76150829,511,571,3,574
54360110,1101,737,17,754
76260236,596,269,3,272
76190058,1235,733,18,751
33110244,2606,2268,8,2276
54670103,394,201,4,205
76380622,1342,1158,16,1174
33200020,402,319,2,321
43691081,421,239,2,241
65440728,1117,1026,24,1050
43411902,758,515,9,524
86990710,224,125,0,125
10810112,494,335,11,346
33050078,571,907,8,915
97110479,2359,1553,0,1553
43774342,767,584,7,591
32870202,2699,2132,13,2145
97090487,1913,1729,5,1734
22750321,635,459,9,468
65090369,465,278,11,289
76060043,2339,1361,20,1381
86660309,903,528,12,540
32951000,3912,2594,24,2618
43411520,569,405,2,407
54450165,167,82,3,85
10790388,807,589,7,596
76240470,736,523,3,526
32940604,3969,2542,34,2576
54450187,2772,2373,27,2400
43361399,2401,1911,26,1937
86992611,1943,919,19,938
98430048,1361,901,6,907
86661669,1862,1254,34,1288
33010726,3485,2230,17,2247
11590107,288,166,2,168
43770674,357,286,1,287
86992442,57,45,0,45
54870082,767,551,18,569
10980075,594,414,6,420
86740892,316,183,3,186
86820453,372,242,3,245
76380318,1760,1009,20,1029
54650123,5846,4477,21,4498
98240014,2041,1333,32,1365
33090083,2276,1544,39,1583
43390975,2788,2170,72,2242
76350731,434,347,5,352
76260191,1481,331,4,335
43772104,722,487,6,493
87020568,1907,1300,22,1322
43360152,2424,1891,17,1908
76100992,791,708,0,708
43504040,237,153,7,160
10910944,162,118,0,118
11800044,365,177,1,178
10910337,313,195,0,195
76250796,567,332,6,338
43416514,911,749,14,763
10820629,618,384,4,388
32890473,3722,2269,33,2302
76351136,210,173,3,176
76300781,261,227,3,230
10080021,1780,1153,182,1335
86660411,665,318,8,326
43502510,216,134,1,135
10950083,868,555,6,561
97350037,662,548,14,562
32960639,3495,1887,11,1898
98410080,2105,1441,9,1450
76360103,1257,616,0,616
43950450,3158,2546,6,2552
11080099,449,252,30,282
76240324,790,543,3,546
97140629,1954,1256,2,1258
76320761,859,419,3,422
97090544,1938,1528,13,1541
65600063,1869,1380,13,1393
98110076,433,320,6,326
11650227,375,197,0,197
43950023,2850,1346,26,1372
76440102,825,747,16,763
43771855,430,305,5,310
43370568,1184,926,0,926
11460013,422,263,7,270
32950560,3858,2188,12,2200
76221233,578,445,3,448
43772519,352,267,5,272
43581438,386,265,0,265
11800796,461,310,12,322
54680081,2344,1597,20,1617
86960010,2255,1261,15,1276
76170056,1008,704,6,710
10840104,665,380,9,389
54610433,463,429,5,434
43950506,1168,904,16,920
22820295,1091,868,0,868
11771131,961,357,9,366
33060451,2473,1600,18,1618
10330052,588,408,3,411
11800909,288,173,3,176
76290183,845,320,6,326
54650527,2022,1955,29,1984
11630843,425,269,8,277
54880397,1502,1125,9,1134
10251784,1441,1080,9,1089
11630281,970,575,12,587
43951383,430,440,2,442
33240439,1398,1222,18,1240
32863248,571,615,2,617
10840306,484,284,3,287
97540173,830,373,6,379
43730052,2326,1502,16,1518
76080663,651,719,15,734
32950740,2235,1614,10,1624
76150357,789,521,6,527
54620692,113,86,6,92
97950022,1229,1070,9,1079
10850352,359,245,4,249
32950245,4138,2921,3,2924
10840058,598,390,3,393
98300011,615,450,2,452
32840513,5815,4605,11,4616
10090066,1248,602,10,612
10980086,764,541,15,556
43583980,794,678,4,682
11591423,409,258,8,266
54360064,1370,928,22,950
43770551,442,305,0,305
43692734,359,290,1,291
11800527,497,278,17,295
10670262,1653,1060,37,1097
86660646,871,542,7,549
54410295,299,246,3,249
54911055,357,357,9,366
54120091,418,304,8,312
33030458,1893,1189,13,1202
43625235,459,353,0,353
54590092,1915,1101,14,1115
76350999,130,84,0,84
43582620,517,283,4,287
43600148,2554,2076,41,2117
11100159,304,158,3,161
54590070,1606,1084,10,1094
32870594,2433,1658,13,1671
11610188,477,258,0,258
43400922,266,303,1,304
11390688,865,415,4,419
32860717,3791,2741,61,2802
11610076,186,119,0,119
32841086,3470,2571,14,2585
33061115,765,992,6,998
86741455,582,376,6,382
33010243,1802,1536,21,1557
43502666,165,115,0,115
22430360,78,76,0,76
32851302,536,698,10,708
21870244,1989,1383,20,1403
32860537,2374,1945,7,1952
11650036,485,288,5,293
86770020,2563,1966,16,1982
22210209,43,37,0,37
54610309,815,600,10,610
22620013,2708,1754,31,1785
11030128,2059,1381,12,1393
43621017,561,363,2,365
86550622,1015,668,18,686
43775253,233,208,1,209
10460089,990,1095,5,1100
76300196,1513,1020,6,1026
11080381,545,367,0,367
10590713,2470,2090,8,2098
11650485,226,139,2,141
22410403,350,239,2,241
97830108,648,309,8,317
11631709,564,334,2,336
86630025,1199,863,13,876
11100306,330,224,5,229
97130932,2021,1550,55,1605
86990800,229,143,3,146
54200034,1962,1267,10,1277
43691968,800,539,13,552
86662413,285,184,2,186
32910241,4022,2220,158,2378
76390140,825,528,9,537
32860728,2925,1338,23,1361
22620035,789,616,4,620
10890198,306,215,6,221
97850010,102,68,2,70
54890309,1288,959,8,967
54130081,999,677,13,690
11150019,790,594,2,596
43774960,117,73,2,75
11640103,1079,618,7,625
43991758,815,668,10,678
76490332,53,59,0,59
11770040,1360,821,7,828
43773420,425,250,6,256
43412015,982,768,5,773
43416727,708,659,4,663
21910025,2217,1578,13,1591
76160606,503,319,4,323
54770014,2224,1690,15,1705
86661850,1100,748,1,749
97091679,1641,1294,10,1304
10251638,3103,2225,38,2263
86910015,2314,1742,6,1748
86590132,2062,1399,11,1410
33010502,1833,1355,18,1373
97410056,1311,1066,0,1066
32930243,1112,800,12,812
86970011,2103,1263,34,1297
76140491,381,198,0,198
86553793,1441,988,22,1010
10850622,203,144,1,145
86990888,1691,1143,19,1162
97091668,2024,1466,12,1478
97860099,719,475,12,487
43950045,2026,1434,8,1442
43993963,1098,757,20,777
97141350,2041,1531,12,1543
54911156,409,432,1,433
22410054,180,130,1,131
43480100,3325,2469,22,2491
97200187,1151,678,12,690
76211344,472,321,0,321
10920529,247,188,5,193
10950241,553,497,6,503
32860212,3179,2507,15,2522
76350843,1007,562,9,571
43770876,1152,907,16,923
33000174,2913,1966,43,2009
10950151,223,154,4,158
43690822,292,194,9,203
33200143,279,236,4,240
97780012,2395,1488,17,1505
10400140,232,182,2,184
86553131,1185,813,24,837
86730273,1048,833,6,839
76260179,883,551,7,558
76300725,430,640,1,641
54510072,2915,1643,40,1683
43415153,121,77,1,78
22020039,608,445,7,452
43840010,1720,1247,15,1262
98380211,1854,1340,10,1350
86580029,2487,1665,6,1671
43361647,2479,1628,5,1633
43502688,348,228,2,230
43414545,957,613,1,614
43410473,1031,624,2,626
76380206,1212,729,10,739
97510035,1338,938,9,947
21861536,561,495,7,502
11580847,379,250,5,255
11810438,963,480,5,485
10810291,815,443,1,444
76100475,595,328,2,330
32863338,2380,2208,0,2208
22640161,245,138,1,139
86661210,1849,1216,21,1237
76120310,1292,776,3,779
11590523,437,238,4,242
43993165,1475,1130,22,1152
65130072,305,225,5,230
86552163,1063,602,5,607
86790055,1514,1068,14,1082
33060721,4357,2523,3,2526
10670149,1798,1172,21,1193
43503195,473,355,3,358
43620498,772,566,10,576
43501058,439,311,8,319
65030150,240,226,5,231
76150537,695,415,2,417
98380367,1075,825,5,830
11830935,219,125,1,126
86662255,470,280,6,286
43991860,168,107,0,107
86820813,201,128,7,135
10580082,130,82,0,82
43775084,280,230,4,234
97140382,2452,1906,8,1914
43770179,472,376,8,384
54380011,290,322,10,332
43501890,350,239,7,246
22470162,1931,1352,38,1390
32900059,1977,1476,5,1481
33250845,505,541,5,546
43362277,2059,1631,30,1661
11090045,206,136,3,139
11780669,272,183,1,184
76341146,214,192,0,192
86743390,1446,1045,8,1053
65070042,871,656,32,688
43414422,897,598,4,602
54870015,240,142,4,146
97520317,2512,1943,24,1967
76200779,396,303,2,305
22750343,153,275,4,279
76280025,964,583,0,583
22600640,660,492,8,500
21861042,1702,1225,9,1234
11600626,368,226,0,226
54590148,1465,948,20,968
76060605,438,318,21,339
11830722,563,346,9,355
86552422,259,177,5,182
11601212,310,234,2,236
32900082,6737,5039,6,5045
86552691,247,130,10,140
10810202,565,333,4,337
43580370,2026,1695,37,1732
10790030,385,229,3,232
33070115,1183,927,15,942
10590274,2852,1849,33,1882
11620235,1161,669,0,669
32861426,1800,1433,13,1446
11600075,661,436,4,440
76060199,1622,994,10,1004
32860661,3165,2209,2,2211
54620456,278,158,6,164
10890019,396,245,22,267
32930579,1068,790,4,794
54590362,978,727,14,741
11810988,334,204,3,207
86741444,350,159,5,164
76200599,289,208,6,214
43950898,1131,1114,6,1120
97540274,764,437,5,442
86662402,146,92,1,93
97710060,1260,872,6,878
10590139,2306,1552,18,1570
97141103,3863,2328,6,2334
10430109,338,198,3,201
43412026,629,576,11,587
10030026,1744,1199,7,1206
22070045,1206,798,12,810
22710057,1372,1005,14,1019
97520081,1328,934,4,938
86740791,691,388,6,394
86660040,787,472,7,479
43414859,330,195,2,197
43622603,485,345,2,347
54130137,603,481,0,481
22600088,2648,1592,10,1602
11820552,183,101,2,103
43920019,3504,2535,36,2571
43362064,2613,2207,21,2228
86662086,1521,967,12,979
21861277,2148,1483,19,1502
86661243,1945,1186,14,1200
22430371,46,56,1,57
11080527,405,267,3,270
54910537,567,342,6,348
11070841,383,239,1,240
11800336,760,471,16,487
76510335,370,220,5,225
76250213,878,478,13,491
22400042,231,133,2,135
32863035,618,626,0,626
10251571,1812,1253,30,1283
76220322,1242,645,10,655
43417234,436,300,1,301
87010028,3697,2055,27,2082
11800875,295,196,5,201
33250575,1853,1449,12,1461
43420115,584,543,3,546
43620173,814,583,6,589
10870275,929,593,10,603
76101331,740,445,1,446
65160031,2444,1665,27,1692
21850017,1466,1097,18,1115
43583373,143,94,3,97
32951123,2617,2024,7,2031
10760015,224,137,2,139
32850266,3104,1472,13,1485
22020220,2274,1632,26,1658
43414972,803,572,5,577
22421933,109,111,6,117
86552073,672,358,9,367
97091208,2423,1726,17,1743
11070706,431,266,8,274
22200129,1390,949,15,964
43410316,630,417,4,421
43625505,897,685,7,692
86992554,568,243,3,246
32860111,985,628,9,637
43460063,2292,1686,4,1690
10910562,270,172,0,172
65330153,98,86,2,88
65090358,300,200,3,203
33120021,2349,1672,19,1691
86580052,1366,767,14,781
11811068,301,198,1,199
76170247,1116,672,5,677
76250729,682,352,5,357
76160022,864,530,8,538
98380109,2065,1443,18,1461
11751296,672,410,5,415
10910359,385,231,3,234
11810955,566,364,7,371
86662929,618,425,8,433
11650216,894,555,10,565
43620375,676,450,7,457
76100149,1761,850,5,855
86740982,1564,1081,25,1106
11750172,773,336,11,347
86730015,1225,850,10,860
32862652,1609,1053,12,1065
86992284,521,398,2,400
32940187,1806,1433,19,1452
86991496,1322,747,14,761
33260026,1510,1104,6,1110
76251023,158,81,0,81
43770012,297,211,2,213
11571184,423,293,4,297
10400139,1204,838,9,847
97140922,2663,2207,5,2212
11590871,233,146,0,146
43691137,1325,967,16,983
76110195,64,49,0,49
32961056,480,638,5,643
76211603,362,317,2,319
65780017,1424,1045,15,1060
22600864,383,426,5,431
54630064,1444,924,23,947
76110050,2608,1417,15,1432
86820802,95,38,0,38
43500338,1023,709,4,713
43773914,516,360,4,364
33020378,3442,2358,3,2361
10300352,2107,1470,2,1472
86743019,795,541,8,549
54660168,219,167,5,172
76450495,819,860,5,865
86660949,1653,1164,7,1171
11640530,187,143,3,146
43992210,1929,1306,38,1344
54450075,2162,1483,16,1499
22150202,1795,1392,20,1412
43415816,281,227,3,230
54680137,1300,725,16,741
21861604,976,878,0,878
65580026,1559,939,8,947
22630294,29,24,0,24
33100041,199,150,1,151
43621163,1108,712,13,725
43390582,1529,1172,24,1196
76140288,983,635,2,637
54850024,233,293,1,294
10590993,396,345,0,345
11830272,823,619,11,630
11150109,860,614,12,626
97142508,828,822,12,834
86552882,1979,934,27,961
76260113,1308,792,8,800
43775185,207,153,3,156
97540106,1051,552,6,558
22050010,373,276,1,277
10590689,3998,3341,11,3352
43380053,2363,1909,8,1917
97910017,606,553,1,554
10820843,645,521,6,527
10850329,591,350,10,360
86690065,2093,1389,10,1399
86900249,1668,1188,30,1218
11780366,706,397,15,412
97092322,2157,1544,12,1556
43624762,652,403,3,406
54210091,1612,1115,12,1127
86741488,175,93,1,94
32871012,3774,2471,38,2509
54650640,562,667,9,676
86991711,896,617,18,635
43622366,1023,650,18,668
76210646,1419,792,7,799
43417863,199,178,0,178
76320840,900,469,6,475
76260034,1035,628,2,630
43413892,1609,1111,18,1129
43770630,197,140,4,144
54790364,981,738,13,751
97142610,1380,1256,8,1264
43690631,401,258,1,259
10591310,684,592,7,599
22740117,1511,1125,8,1133
43670224,2049,1453,23,1476
43990713,460,246,9,255
32862326,2285,1641,11,1652
86870335,1874,1190,24,1214
32860414,2434,1907,24,1931
76371060,273,237,5,242
98380187,2762,1852,9,1861
21861211,1902,1460,18,1478
32850356,3380,1934,35,1969
76150403,585,368,5,373
76211142,882,463,0,463
76100419,1552,752,12,764
86552679,154,54,0,54
76280430,1889,1192,14,1206
11090012,77,56,2,58
76200566,342,308,18,326
10320028,272,99,1,100
43584464,150,132,1,133
22540160,1495,927,13,940
86821117,2098,1592,29,1621
76290723,630,158,1,159
11780265,470,337,9,346
43413926,1107,687,9,696
11600053,1176,791,23,814
10980132,1670,1110,24,1134
97350026,300,265,5,270
76150201,657,393,4,397
11790660,179,132,3,135
11400028,318,210,2,212
32952562,321,416,4,420
22640105,246,159,4,163
98380233,2227,1657,6,1663
43590113,1871,1650,7,1657
22490063,1261,797,13,810
86660792,875,575,10,585
11771782,469,317,4,321
54210057,1285,839,16,855
76211377,403,275,5,280
76250381,1138,662,15,677
10390070,219,158,2,160
11071819,206,155,1,156
10251290,1447,864,15,879
22400031,156,115,3,118
43501249,1094,690,16,706
22400413,75,40,2,42
10190012,1088,722,8,730
10300071,2822,1965,25,1990
97140067,3927,3310,30,3340
54260490,500,543,12,555
97520227,2136,1306,12,1318
43417481,819,664,8,672
32890103,3407,2357,16,2373
43691801,660,419,7,426
76380093,673,390,3,393
11771085,920,599,1,600
65090268,941,548,14,562
43621758,397,294,7,301
54620580,941,650,8,658
32890653,2384,1495,17,1512
76190205,605,377,4,381
98280210,1324,1040,9,1049
86590187,367,282,6,288
86820183,283,192,5,197
86670108,2822,1536,13,1549
54570393,271,224,2,226
98380277,1497,915,10,925
11760465,486,293,1,294
43740200,3049,2227,61,2288
54600072,3203,2275,28,2303
76341023,479,325,4,329
76350629,1179,649,9,658
10590218,2068,1504,19,1523
76101049,1190,676,6,682
86990619,803,501,20,521
43504804,221,183,6,189
22320166,2021,1557,24,1581
22640149,134,75,3,78
43774229,211,139,1,140
65780028,337,235,7,242
32862977,3636,2662,26,2688
43503757,719,569,8,577
43350050,3959,3455,13,3468
76340886,377,212,1,213
32850109,4045,2583,2,2585
10250895,2847,1846,41,1887
76141054,184,153,3,156
22820329,132,100,4,104
86610012,1648,1128,14,1142
11610942,310,217,0,217
54910391,524,401,3,404
76101016,351,209,0,209
43622669,211,133,2,135
86990406,972,568,17,585
97100568,3727,2529,54,2583
43371446,2382,1581,0,1581
54790533,798,671,9,680
22400020,140,94,1,95
86552994,580,397,12,409
11760566,613,326,9,335
54540187,1472,972,15,987
11620965,431,258,0,258
76480689,648,381,4,385
11800279,354,221,6,227
43504860,169,151,0,151
43414578,1049,603,5,608
43503465,2031,1783,20,1803
54490035,1073,594,4,598
33280129,1209,1230,14,1244
43951013,3363,2700,35,2735
86742872,1570,1232,37,1269
54911011,260,219,5,224
76510560,101,93,0,93
11790154,606,344,13,357
43640041,1674,1253,14,1267
43670796,1004,1155,25,1180
43993930,205,111,1,112
43415951,163,93,0,93
97120212,1085,660,5,665
65640034,289,159,2,161
76341102,208,139,2,141
43371693,2118,1311,18,1329
21990023,869,541,8,549
86743424,167,126,0,126
86820419,785,425,6,431
32840478,2322,1896,4,1900
54760079,1497,1074,5,1079
43390762,2362,1871,19,1890
66000079,22,20,0,20
43991916,637,428,3,431
43570144,1874,1668,6,1674
32960134,1178,513,3,516
10790647,241,178,5,183
11820664,600,377,0,377
76340437,499,292,3,295
76370070,1366,776,6,782
65760026,470,328,5,333
11070931,390,261,4,265
76170472,1415,903,15,918
43400337,2234,1750,22,1772
10840991,344,214,11,225
86661793,336,227,4,231
76470060,2089,1371,17,1388
33010377,1932,1518,15,1533
98170027,1559,1287,20,1307
65530032,321,196,8,204
22200062,2560,1690,38,1728
33250856,257,300,0,300
76220872,290,169,5,174
43990331,148,101,1,102
11070751,274,185,2,187
54910908,341,331,3,334
54890994,438,470,6,476
21870143,2022,1374,16,1390
11560373,734,402,4,406
22400536,74,48,4,52
86660444,1201,761,6,767
32861987,2378,1473,21,1494
43502206,1497,914,9,923
97140810,2311,1644,14,1658
54620827,107,67,0,67
76540125,288,197,0,197
76300433,1101,545,12,557
86741163,188,93,0,93
32860447,1276,895,18,913
43414130,1062,690,4,694
22600606,1306,813,9,822
10250413,2875,1847,26,1873
43584431,304,279,0,279
21861389,805,731,31,762
43411351,629,383,11,394
32850974,2687,1602,22,1624
11620370,670,402,9,411
54580158,1304,858,21,879
10251302,1940,1209,27,1236
86740904,902,612,4,616
76101195,468,322,5,327
76310221,1320,766,17,783
32950177,1797,1201,2,1203
76210983,590,334,2,336
54790353,2056,1531,16,1547
76510043,424,280,5,285
97091477,1878,1255,13,1268
10841194,293,191,2,193
11780164,223,128,1,129
43420069,1967,1478,10,1488
43775219,544,490,6,496
97480020,2163,1310,13,1323
98380413,471,440,1,441
10790197,372,190,3,193
43991444,1134,773,5,778
76251102,232,183,6,189
43371143,4793,3302,18,3320
76240010,805,523,7,530
32851076,3987,2670,32,2702
76490118,1657,1117,5,1122
86990495,730,468,2,470
32850828,3314,2263,21,2284
97142283,3012,2454,24,2478
10940723,269,182,2,184
76080595,345,257,2,259
43391000,428,420,5,425
11820855,459,321,17,338
54890860,464,430,4,434
22240088,942,640,11,651
76230075,654,328,2,330
76160044,1122,756,28,784
10670385,681,612,10,622
86620080,415,247,1,248
32960099,3383,1126,17,1143
11610559,95,62,0,62
54400036,886,800,15,815
10110014,2413,1753,22,1775
11780771,964,683,17,700
54370021,46,27,0,27
76480836,566,398,6,404
76490264,1714,999,33,1032
54440221,333,256,0,256
10330029,190,123,0,123
10920169,622,398,9,407
43410169,1941,1490,1,1491
65530256,1305,1055,19,1074
43990690,145,75,2,77
43504613,223,170,0,170
11830294,630,424,7,431
32841266,1988,1565,7,1572
54830088,2877,2391,35,2426
43870068,3822,3995,0,3995
54880476,487,434,5,439
32930423,1575,932,12,944
76310401,642,417,0,417
10871456,126,64,1,65
10090123,1047,831,26,857
43692958,126,103,0,103
11750295,566,302,4,306
43582901,1200,960,0,960
97130943,1721,1161,44,1205
54910874,274,236,2,238
86991193,694,518,9,527
10430053,607,413,6,419
65010080,19,34,0,34
43504680,216,163,5,168
86570084,480,377,6,383
54890387,1579,1103,20,1123
76480320,716,405,7,412
43950393,1229,862,4,866
76130838,297,204,24,228
76280643,229,218,2,220
33010535,1711,1364,14,1378
65530144,61,34,1,35
76430011,2831,1845,20,1865
33010333,1183,855,20,875
97280062,1796,659,11,670
32860931,2087,1491,13,1504
32841064,1270,1065,14,1079
11460305,463,328,4,332
54440243,305,255,12,267
76280148,1083,636,11,647
11600200,463,311,4,315
86992509,655,312,12,324
76500266,135,86,1,87
22420842,938,568,10,578
11750228,708,373,9,382
10080043,2650,2247,13,2260
65340019,180,76,5,81
43501126,603,396,5,401
98060025,3494,2321,54,2375
43740277,1031,1024,29,1053
43951372,591,480,8,488
76200858,357,299,4,303
11771355,604,441,5,446
11801157,296,226,5,231
54670237,185,174,2,176
54390034,454,334,9,343
76280665,353,248,1,249
10860353,379,266,1,267
43430116,437,411,0,411
86742298,434,315,4,319
76321256,420,253,5,258
76400265,704,340,5,345
43990229,584,418,6,424
32861011,2327,1431,11,1442
76070022,1746,966,19,985
43414073,1098,842,13,855
43412970,454,337,6,343
76350797,906,561,4,565
97270016,2345,1830,4,1834
97120144,3226,2767,9,2776
43501272,310,567,5,572
86550521,984,603,2,605
11200127,415,308,3,311
11830463,764,547,2,549
86730295,728,866,4,870
43772328,418,332,2,334
10810628,277,197,0,197
43500721,1862,1348,23,1371
98380200,1429,932,1,933
76100532,1072,696,6,702
43994391,1173,999,13,1012
86740869,779,429,9,438
76260315,731,433,5,438
86740454,1251,726,0,726
11650407,337,223,5,228
32952157,3369,2034,35,2069
97280163,1921,1521,9,1530
86551397,1587,1008,15,1023
86740184,1566,964,25,989
43775422,218,182,0,182
43621422,811,529,0,529
10120071,667,633,10,643
32951741,2498,1536,9,1545
43773431,541,421,5,426
76360776,275,194,2,196
43410710,891,552,3,555
86661625,1466,1047,12,1059
10300329,2101,1599,19,1618
43390964,588,510,3,513
11070043,441,253,4,257
22420257,1126,737,11,748
21861570,554,480,17,497
10920530,128,108,3,111
33250160,1607,1184,8,1192
97140539,1772,1241,22,1263
10820135,1502,1047,11,1058
22110219,194,116,0,116
86991609,729,467,10,477
11831183,557,426,4,430
11071730,211,170,4,174
11030308,848,622,5,627
11800897,390,271,7,278
11390633,794,398,18,416
54330049,1933,1478,8,1486
11770703,808,489,8,497
98430217,332,177,4,181
11560429,982,462,8,470
43400461,3633,2833,56,2889
10920349,896,662,9,671
10840160,488,299,0,299
11800369,546,349,2,351
76060021,3228,1861,6,1867
11830193,716,382,12,394
43500822,921,658,9,667
11780041,944,589,26,615
11280024,1862,1347,7,1354
43991253,1054,837,19,856
43400315,1611,1257,23,1280
32940288,2395,1428,27,1455
76170034,501,292,6,298
11770208,644,341,8,349
86620103,224,218,1,219
76320121,685,301,4,305
76080584,259,193,2,195
97270139,1525,1064,26,1090
76211478,974,701,2,703
11071224,274,203,1,204
43504972,601,520,10,530
54720031,1527,1066,6,1072
43670314,2837,2171,51,2222
32950302,3973,2971,4,2975
11780984,168,141,2,143
11750868,730,431,4,435
32863237,1899,1766,35,1801
22600392,2655,1969,32,2001
43950191,1693,1374,17,1391
76300231,1157,675,15,690
76510212,798,440,5,445
22170035,1284,914,8,922
11800831,172,127,3,130
97090117,2081,1473,14,1487
11580207,780,540,10,550
86553254,864,564,16,580
11080190,587,397,3,400
11610773,290,183,0,183
86551566,85,51,1,52
43412183,1076,774,13,787
43580213,1520,1113,20,1133
11600817,329,207,0,207
43581720,1194,840,8,848
11070997,507,372,3,375
86820633,354,242,6,248
76110061,1260,886,10,896
43691238,760,514,0,514
33210010,1249,945,11,956
11820620,416,241,1,242
33240226,790,440,2,442
86553209,498,317,3,320
22100139,131,83,0,83
11770545,329,167,1,168
11631372,499,246,3,249
11650531,462,283,11,294
10910449,320,212,3,215
43371109,1843,1406,16,1422
54620625,425,281,11,292
54600274,777,722,2,724
76330054,1070,641,8,649
32960897,535,441,3,444
11760140,584,316,6,322
86740757,1199,617,6,623
43500428,1036,685,16,701
32870370,4072,2942,0,2942
86550868,283,152,2,154
43500686,623,408,0,408
54410116,687,547,13,560
10590779,2736,2157,3,2160
32950830,3852,2159,14,2173
54220340,421,330,5,335
10850464,552,300,9,309
76230682,323,247,7,254
43720028,1323,1056,17,1073
54880500,452,402,1,403
54860283,366,341,3,344
54440333,1033,830,20,850
97100209,2038,1701,8,1709
54650011,3993,2817,6,2823
86720160,1013,828,18,846
43412992,615,374,6,380
86552444,468,254,12,266
43371682,1402,860,4,864
43390379,2330,1796,28,1824
11771928,425,310,6,316
54440399,514,414,4,418
33010300,2882,1983,126,2109
43993491,791,604,7,611
76240436,438,378,1,379
86661962,2471,1610,23,1633
86742502,344,187,1,188
43950674,1801,1562,0,1562
86991799,1918,1215,3,1218
43390256,3095,2225,47,2272
10850093,298,189,2,191
33020772,623,640,5,645
10790399,223,162,0,162
22810205,338,113,0,113
11280035,786,560,1,561
32950942,2672,1779,22,1801
33060125,1975,1522,26,1548
97100647,1465,1393,19,1412
76100981,1014,629,10,639
10850284,409,291,4,295
10841172,344,235,8,243
44030045,2080,1612,11,1623
76291061,139,114,0,114
97600024,742,522,7,529
86554053,292,203,2,205
10930069,77,44,0,44
76120017,1531,1144,14,1158
86661399,412,261,4,265
86810014,1979,1337,3,1340
11640608,192,137,3,140
86553085,1321,865,2,867
33070014,3717,2772,3,2775
10890558,297,189,2,191
11771849,348,225,5,230
43690495,976,545,11,556
11630203,797,450,6,456
32861370,1621,1181,12,1193
22421416,294,252,5,257
11821171,287,196,5,201
44050081,487,497,6,503
32841031,2796,1988,19,2007
32940514,2947,2355,7,2362
10910887,145,103,1,104
76240380,333,177,3,180
11810809,263,161,1,162
43621668,620,436,11,447
97470018,2253,1533,6,1539
22340124,450,387,1,388
43450017,3483,2116,22,2138
10670183,1101,694,12,706
43410844,223,163,0,163
76300769,537,438,4,442
11752028,211,143,2,145
86741804,322,51,0,51
32840210,1662,1425,4,1429
11750385,461,184,2,186
54910807,287,221,3,224
43692633,56,37,0,37
10910832,203,143,4,147
10810415,367,235,2,237
11830632,1075,778,8,786
97940010,1516,808,14,822
54900110,322,107,4,111
43990465,448,319,9,328
43994740,297,257,6,263
76170551,455,311,6,317
76220300,1445,659,10,669
10670341,326,208,1,209
76140581,2637,1797,15,1812
43692879,83,104,2,106
10300015,2907,2014,46,2060
54880656,545,475,36,511
10250255,1466,1035,7,1042
54660102,513,343,3,346
86670085,300,268,4,272
10860106,490,285,2,287
54370098,101,78,0,78
76510111,439,238,0,238
43583148,314,253,9,262
76350517,1891,862,14,876
11790345,474,306,1,307
22421630,434,506,12,518
33000310,1908,1526,13,1539
11620505,376,218,1,219
76370474,405,247,8,255
76101207,371,245,2,247
32860188,4739,2865,1,2866
11810821,442,310,5,315
43500776,866,514,5,519
43991994,1326,1074,9,1083
11760612,588,236,54,290
76340303,502,203,0,203
10250772,1155,881,13,894
11800651,201,135,2,137
11630562,413,239,3,242
32851177,2419,1247,34,1281
11390082,655,362,10,372
86662828,1257,857,8,865
33250834,302,360,3,363
76160291,800,504,0,504
32960055,2601,1587,11,1598
54210204,1078,894,10,904
10790029,458,309,16,325
11080459,548,357,10,367
86992778,518,504,10,514
54690037,365,261,1,262
76480375,620,353,5,358
54610501,624,504,10,514
76211692,367,285,2,287
97140540,1704,1217,5,1222
22020017,2156,1532,8,1540
32861347,1682,1213,8,1221
54610242,1486,945,31,976
32850176,1094,993,9,1002
86740656,1190,755,13,768
43993008,326,202,3,205
11320029,563,387,0,387
65440481,2160,1489,21,1510
43370298,1672,1202,8,1210
54360019,1464,1029,18,1047
11752297,419,751,15,766
76250550,1477,746,13,759
76210815,1667,850,3,853
10900088,296,204,5,209
76070044,2151,1328,8,1336
21861514,314,301,5,306
76320794,1271,689,7,696
98040023,370,196,0,196
54410273,100,97,2,99
43500518,732,337,4,341
97090757,2031,1499,8,1507
86990776,344,209,4,213
97141675,1982,1412,42,1454
11780995,304,219,3,222
65640078,122,106,0,106
43371479,1325,847,7,854
11600468,744,450,5,455
33010546,2548,1464,25,1489
97960089,2958,2039,19,2058
22570017,660,481,2,483
33060552,3992,2700,20,2720
43350308,1953,1622,35,1657
54910076,1962,1434,24,1458
11781288,308,254,2,256
43370153,2402,1907,6,1913
32960044,1590,1169,8,1177
43583889,271,195,2,197
76390027,692,410,6,416
54880533,518,491,3,494
43360534,3399,2428,20,2448
43414152,844,536,9,545
10250761,2506,1725,13,1738
43990555,1126,878,9,887
22720452,351,361,1,362
76080124,980,739,11,750
97142160,1456,1381,8,1389
11820035,315,169,5,174
11770624,1360,864,17,881
11040039,840,624,10,634
22800192,264,116,1,117
33000196,3476,2672,10,2682
86550789,953,679,14,693
43774836,285,262,4,266
43993761,522,380,10,390
43990634,1720,1138,26,1164
97130886,2104,1449,25,1474
21860276,1400,1017,4,1021
10850790,356,255,3,258
43417931,323,290,5,295
76510559,110,81,0,81
54910762,464,482,11,493
86743806,67,51,1,52
43361131,2326,1750,0,1750
43690945,237,188,0,188
43502576,1029,703,4,707
65320017,471,246,0,246
43692330,1551,1035,6,1041
43620049,840,633,5,638
76490444,244,195,5,200
76110117,2152,1269,10,1279
32862214,2068,1469,33,1502
43772935,669,474,7,481
10920451,447,320,5,325
43371895,2318,1728,24,1752
22400592,221,199,6,205
33040156,370,295,7,302
11080505,543,378,7,385
43503331,1198,812,4,816
43412969,713,410,4,414
54650370,1443,1529,37,1566
43580594,811,752,9,761
43500912,590,360,7,367
11821159,400,292,8,300
11620808,1455,985,16,1001
22060066,465,380,8,388
76380789,320,285,2,287
76390049,933,604,9,613
43774702,189,132,5,137
10940464,332,184,0,184
65520064,434,234,5,239
54320026,2023,1323,19,1342
11070403,581,376,4,380
10590982,2023,1475,17,1492
43993873,450,338,5,343
11560058,1624,1139,9,1148
11600086,878,466,14,480
86741545,361,146,2,148
98130078,1763,1201,19,1220
22400503,154,134,1,135
86910419,588,465,9,474
43740288,502,514,11,525
54470044,380,211,9,220
43500967,1334,810,12,822
11080246,576,388,3,391
33110187,359,239,3,242
76400322,1123,605,10,615
76310467,81,63,0,63
43691407,1576,1118,12,1130
43625167,523,402,8,410
11650294,329,197,0,197
43620397,885,652,14,666
54620636,385,263,5,268
76200218,423,298,3,301
11751410,203,127,1,128
76101454,379,328,3,331
97610025,1802,1154,6,1160
43416761,163,124,2,126
76470048,2242,1325,15,1340
86663425,492,266,5,271
43504185,329,251,1,252
11071415,380,264,3,267
76210826,756,397,1,398
76260304,598,366,9,375
43501418,576,442,9,451
76450451,596,722,6,728
10871153,353,232,3,235
76540226,576,235,16,251
11830339,592,404,3,407
86552208,151,28,0,28
32890372,2988,1467,15,1482
76480195,404,228,1,229
86551904,1053,485,9,494
86600066,744,565,9,574
54120226,1224,1024,15,1039
22800079,181,100,1,101
11630214,577,309,4,313
97142137,887,462,3,465
33260037,2412,1691,10,1701
76170269,1268,898,15,913
10300060,2253,1582,11,1593
43991365,1154,921,9,930
43418369,743,667,11,678
32980013,3880,3017,7,3024
76320895,1589,973,5,978
11600536,533,331,2,333
54860249,405,390,5,395
11570015,544,373,6,379
65410017,2475,1610,16,1626
43774195,889,706,4,710
43740031,1428,1084,4,1088
22610056,1797,975,11,986
97110053,2605,1591,14,1605
11780388,936,593,115,708
86742557,315,212,10,222
43771248,976,772,8,780
43503623,557,388,3,391
43501733,1851,1256,26,1282
54570203,580,309,4,313
11030061,1481,928,9,937
11781233,231,185,20,205
43501294,357,244,4,248
32900138,5626,3709,32,3741
22010016,730,464,8,472
76200285,797,436,3,439
11570824,535,351,4,355
43415973,558,445,11,456
76250167,209,117,1,118
43691014,907,1008,12,1020
11630371,620,304,5,309
22600415,1021,597,4,601
43414679,1215,807,9,816
54620322,1291,672,10,682
54670192,378,240,1,241
43583867,291,215,3,218
32851335,981,970,2,972
43415298,351,237,2,239
43621994,363,246,6,252
32871427,1563,1680,3,1683
54260254,2503,1958,7,1965
86552534,2035,1399,20,1419
86850030,3911,2808,27,2835
54880522,387,320,10,330
11770466,1262,876,11,887
86870368,875,720,12,732
97091040,2752,1934,0,1934
43584093,2221,1644,31,1675
86551577,141,83,0,83
44060071,514,681,11,692
22120298,144,113,3,116
33250744,819,760,13,773
43625730,315,228,6,234
54650066,2190,1615,4,1619
54520028,642,719,3,722
76230110,753,341,2,343
65440267,2712,1625,14,1639
32850480,5773,3835,23,3858
76160662,1225,680,14,694
43991051,582,459,4,463
22150314,1192,889,15,904
65340053,49,45,0,45
10020025,1542,1121,6,1127
97142340,1585,1322,278,1600
11831105,358,277,6,283
10570025,1443,952,8,960
32840399,3299,2309,12,2321
76300512,699,345,2,347
86661872,1112,680,16,696
11080044,407,240,2,242
76180271,178,115,1,116
10850510,483,261,0,261
86550981,403,245,7,252
32841749,1281,1384,7,1391
76211333,160,114,2,116
76211704,395,315,2,317
43560031,2302,1608,2,1610
43550041,1388,1196,14,1210
33110378,433,650,9,659
11070469,560,394,13,407
21870109,1461,1033,19,1052
43371929,880,697,4,701
21861840,1237,1005,14,1019
65940026,853,667,0,667
43390458,3654,2433,0,2433
43580538,709,546,9,555
76221211,492,378,3,381
43503139,418,295,0,295
76080371,420,181,2,183
97090713,2597,2109,20,2129
54840157,1760,1457,17,1474
10940408,216,122,5,127
32871315,2521,2019,13,2032
43991556,553,227,5,232
54540659,709,581,14,595
43990847,760,547,9,556
76220715,548,279,1,280
21860636,1594,1096,30,1126
43620500,723,459,12,471
86553276,176,71,1,72
76370250,1623,893,0,893
11560317,2083,1315,45,1360
86660310,1089,584,2,586
32950188,2492,1891,5,1896
86990518,771,469,1,470
54270053,1532,1350,38,1388
11830306,495,334,5,339
11390026,1110,691,10,701
86662761,143,94,0,94
76220366,1663,841,5,846
43371187,2266,1636,14,1650
22450047,1158,696,5,701
43770461,884,600,12,612
11810012,502,291,5,296
11570701,881,563,2,565
97550174,388,219,15,234
11060031,1674,992,7,999
11460170,378,245,3,248
11040051,792,612,7,619
43584475,587,505,11,516
10270077,861,708,9,717
43950315,2214,1795,6,1801
76390195,739,504,3,507
86550385,509,295,7,302
76400490,98,65,2,67
76220524,1274,595,7,602
54260265,2241,1558,15,1573
11390318,655,430,11,441
54680429,672,632,14,646
43410215,1775,1179,13,1192
43411700,948,623,6,629
11820103,1088,716,4,720
76291106,40,13,0,13
97100579,2862,1986,3,1989
97093288,2392,1446,13,1459
43502723,1056,700,10,710
43411317,1049,710,7,717
43360905,2171,1640,23,1663
32841750,1286,1499,12,1511
54890961,346,309,3,312
10940655,281,173,5,178
32862001,1612,1159,16,1175
86741365,1721,1206,18,1224
32940086,2286,1767,39,1806
86991115,2408,1520,2,1522
86590198,2252,1737,35,1772
76510403,283,165,0,165
33250092,3424,2895,6,2901
86820149,179,96,1,97
22421180,1949,1348,26,1374
97090803,2116,1665,19,1684
10851139,305,190,4,194
54670114,1406,706,5,711
33250788,836,943,2,945
43622760,1094,723,5,728
32890800,1203,1176,15,1191
11560418,1368,949,29,978
54590238,1960,1314,24,1338
43418099,311,223,16,239
22400525,165,147,2,149
33150103,66,37,1,38
86730048,2594,1721,39,1760
54470178,497,402,7,409
97410078,2083,1511,3,1514
86790077,575,450,11,461
11630236,809,437,14,451
76120219,377,288,5,293
22630014,111,68,1,69
11650340,422,215,6,221
43400595,1977,1425,14,1439
43584363,203,141,7,148
86870199,1774,1314,18,1332
11520021,286,380,2,382
11460259,295,198,3,201
43625875,253,205,3,208
10810336,543,346,3,349
11640293,800,392,7,399
43583496,322,244,7,251
43360567,2257,1853,20,1873
10860139,573,342,9,351
11570431,574,292,7,299
21860164,2211,1483,0,1483
43501328,797,542,11,553
43414758,986,534,12,546
97130639,1923,1478,10,1488
86741321,951,590,3,593
43991387,949,654,13,667
43370209,2383,1453,10,1463
22340034,1444,935,24,959
21870547,381,331,7,338
97091523,2220,1318,11,1329
76320165,958,496,2,498
32930940,1980,1483,15,1498
33120054,4021,3303,45,3348
76290172,899,367,0,367
10590825,1726,1253,6,1259
54410363,475,469,16,485
32960921,1202,968,13,981
43417346,680,536,4,540
11591524,301,265,2,267
54890196,1131,801,5,806
76350786,510,342,4,346
22600628,2216,1420,25,1445
54230015,2473,1657,8,1665
11071774,286,196,1,197
32851188,1340,1640,4,1644
76340392,1172,686,1,687
10841419,132,100,3,103
43580976,221,137,1,138
97770022,1539,926,9,935
43418954,761,813,5,818
43502138,1421,852,15,867
86580344,243,186,3,189
32860133,3190,2334,10,2344
65200025,276,207,0,207
32841299,2159,1468,28,1496
22110455,266,264,1,265
54590496,419,380,6,386
65860061,28,29,0,29
86662895,1036,663,10,673
43480199,1817,1300,3,1303
76200173,680,262,0,262
43730063,1216,1463,14,1477
98400135,3427,2945,11,2956
86554334,963,884,13,897
43621646,1042,647,15,662
76340976,361,225,3,228
43418718,684,587,22,609
32841637,806,919,6,925
97280208,885,723,3,726
76190418,1084,728,10,738
76190272,744,464,6,470
54790184,1413,1188,2,1190
33060653,5169,3910,33,3943
32862865,1758,1317,25,1342
33110019,242,140,5,145
86552949,1009,801,25,826
43371480,3165,2608,16,2624
32861336,2090,1506,20,1526
43420025,1927,1605,12,1617
87070024,983,804,9,813
43993727,287,257,4,261
32960493,2546,2098,12,2110
54760013,2696,1823,21,1844
32950874,3601,2742,1,2743
86870177,1666,1287,11,1298
11610133,359,202,3,205
43775310,462,464,0,464
10871254,478,342,5,347
54860115,815,497,4,501
76230389,305,185,1,186
32951640,3013,2257,17,2274
64990031,124,57,2,59
54590340,1944,1394,15,1409
33240035,1873,1300,5,1305
32960347,2452,1700,8,1708
86662110,2781,1840,36,1876
76101364,574,375,1,376
87030019,2124,1347,51,1398
11460158,713,408,7,415
76490174,1265,791,6,797
54620366,893,461,4,465
32840771,2780,1679,22,1701
32930108,2897,1866,28,1894
54890624,1621,1129,12,1141
43600126,1905,1535,25,1560
21861716,244,262,0,262
22540205,1383,1071,9,1080
54900097,1974,1356,18,1374
43502846,869,676,6,682
22330011,2251,1523,22,1545
22410032,402,266,4,270
22800237,97,58,2,60
54130014,1729,1102,13,1115
97120380,2878,2189,3,2192
86910374,2089,1733,0,1733
43590067,1771,1388,21,1409
86820318,389,307,6,313
97110198,2156,1603,14,1617
11601188,441,301,6,307
43410462,851,565,13,578
10820663,294,204,2,206
86742805,200,176,4,180
54890433,1344,975,19,994
76270327,558,269,5,274
22340045,1416,989,15,1004
33250249,1845,1689,12,1701
43740165,1228,1060,13,1073
11810865,344,214,4,218
10820012,318,198,6,204
10851195,404,305,6,311
43501340,272,190,4,194
43503230,483,355,9,364
32951729,4202,2673,26,2699
86552084,399,266,5,271
21860962,1863,1258,24,1282
11830171,963,693,13,706
22421089,1387,890,23,913
97141934,2564,2344,0,2344
76210411,1165,642,8,650
76470150,246,230,4,234
43994672,88,49,4,53
43994087,459,336,8,344
11831251,394,321,2,323
11060086,1255,879,8,887
11780018,862,528,6,534
86991687,1344,422,6,428
43740198,2384,1964,30,1994
43503375,189,117,0,117
43582990,720,586,9,595
11770411,823,471,13,484
22650016,92,57,4,61
33270027,2641,1757,8,1765
54490091,260,231,5,236
10810448,688,389,1,390
11780399,380,181,16,197
86580142,1749,916,14,930
10920259,482,312,7,319
54440210,460,345,5,350
32862742,4716,2598,22,2620
10910629,412,265,6,271
10430031,663,519,1,520
43417874,534,450,5,455
43411328,556,407,5,412
22390028,1433,704,21,725
43625257,1208,1040,14,1054
32841727,779,782,5,787
54790027,1583,1497,5,1502
33020211,2290,1742,13,1755
43770764,517,362,7,369
76140176,974,546,2,548
32841356,1683,1266,5,1271
76250145,1000,393,9,402
11770916,663,398,10,408
86810025,680,498,16,514
43583283,2044,1727,17,1744
76330380,748,444,10,454
11800594,171,110,0,110
86770109,300,218,8,226
86661681,2438,1739,33,1772
86663144,361,275,3,278
33110402,2207,2255,43,2298
10920192,662,440,17,457
32950717,2591,1813,19,1832
10251492,1757,1178,10,1188
76250415,1104,639,15,654
22740027,2076,1550,7,1557
86741264,1065,750,12,762
10840283,748,470,10,480
76340415,939,518,4,522
97270140,1075,795,8,803
10251694,1734,1779,5,1784
10790502,91,54,1,55
11751421,253,151,5,156
86553805,1163,988,25,1013
97280185,1190,663,14,677
86570017,1781,1223,9,1232
11790367,275,193,2,195
97140393,2236,1658,17,1675
76150616,1005,629,11,640
10490059,387,190,0,190
43500192,98,86,0,86
86992688,307,217,3,220
11772020,212,163,0,163
11610829,210,116,1,117
86991159,302,220,5,225
10910539,392,228,19,247
43583058,3506,2982,28,3010
76130636,654,431,7,438
43411856,2725,2056,34,2090
43772878,685,475,7,482
97120481,2634,2167,0,2167
43504501,278,230,2,232
43480302,340,340,1,341
43390076,2571,1966,7,1973
86740027,907,511,22,533
32952203,1611,1314,3,1317
33280118,664,751,2,753
11380025,131,81,2,83
32841558,1866,1624,20,1644
43501621,613,393,2,395
33010760,2955,1550,31,1581
43994571,969,967,11,978
43502408,635,372,5,377
86662390,1695,1155,0,1155
11590556,388,210,6,216
10090099,511,350,2,352
11760533,290,173,5,178
86910486,338,303,0,303
54840045,269,176,5,181
43994065,1063,806,9,815
33030133,2546,1879,19,1898
86680053,1297,987,23,1010
10940813,161,108,1,109
32890631,3038,1782,0,1782
43774162,174,147,2,149
76280867,187,287,3,290
86910161,1763,1091,14,1105
76300107,1528,575,8,583
10940150,513,336,2,338
11200037,1176,701,5,706
54440401,285,260,7,267
65810022,1946,1467,8,1475
22350024,1981,1083,29,1112
86660680,831,525,10,535
43691812,342,233,4,237
32870954,4652,3443,38,3481
22400187,322,223,2,225
11640136,522,334,1,335
43503904,362,263,3,266
76400366,1020,443,2,445
98090017,399,262,3,265
98070093,181,122,3,125
43772058,505,339,2,341
76170292,632,436,1,437
22600684,1100,1014,0,1014
65090134,566,282,9,291
11631631,314,273,8,281
33250586,2539,1759,22,1781
22420886,1303,828,9,837
54860104,1862,1027,12,1039
86930163,1093,976,20,996
43771192,863,690,6,696
32860481,3507,2365,15,2380
43730142,593,518,9,527
76300646,581,388,0,388
43990948,444,291,9,300
43350409,1641,1038,26,1064
43581708,383,243,2,245
97092210,1881,1444,14,1458
43583216,680,561,5,566
76400311,964,480,1,481
11591287,476,334,2,336
43992434,222,148,2,150
86661311,736,462,8,470
43771754,761,641,9,650
98400045,2198,1546,32,1578
54600049,2045,1590,4,1594
43370131,2220,1599,9,1608
54880094,1997,1741,3,1744
97590022,996,806,3,809
54660124,196,133,2,135
43501700,318,193,4,197
54910717,332,266,3,269
11631125,207,116,4,120
33250597,878,678,4,682
43622186,918,686,22,708
43418886,424,385,9,394
43670606,2146,1753,39,1792
22250023,1135,650,8,658
10841408,170,115,1,116
54330106,1756,1312,20,1332
43581719,1199,883,19,902
54650572,464,823,18,841
10900011,1159,712,27,739
76140682,787,509,5,514
22070056,1368,818,154,972
22080046,289,133,0,133
98350049,367,205,3,208
76350944,1095,714,13,727
86741770,173,79,0,79
76270114,1163,546,16,562
76321155,601,331,0,331
10870310,808,551,5,556
32870909,3129,2614,17,2631
32861909,2117,1800,13,1813
76120129,558,363,2,365
86553951,123,99,0,99
43994593,596,524,10,534
86992644,956,726,10,736
54910335,1618,1175,17,1192
86820565,171,127,0,127
54650639,834,840,0,840
86590075,2106,1418,13,1431
97980036,2646,1904,7,1911
11560407,469,381,2,383
11070278,275,159,5,164
22750196,2931,1859,0,1859
10770038,400,362,1,363
32863406,1956,1574,52,1626
22110040,95,67,0,67
11760915,380,235,6,241
76321290,180,109,2,111
10810190,565,311,10,321
97091253,2832,2223,6,2229
97091488,2204,1435,17,1452
43750032,474,384,5,389
54740066,1974,1460,15,1475
10580026,1619,1106,9,1115
10910652,166,89,4,93
43418178,562,436,12,448
21870659,514,452,10,462
11811259,287,214,2,216
11100081,571,379,8,387
10820764,265,180,1,181
76300286,1462,881,13,894
11620897,483,348,9,357
11630540,457,242,7,249
43620937,568,384,4,388
11800426,299,172,1,173
86740465,823,525,13,538
43690192,886,615,13,628
76250651,153,75,2,77
76170203,1010,619,13,632
43622490,673,444,12,456
11070391,260,183,7,190
22420370,1343,816,34,850
97100063,4575,2909,75,2984
76140413,1026,687,22,709
76340482,293,196,2,198
32861167,3087,2179,12,2191
76210747,930,589,22,611
76130142,631,296,1,297
32950201,5811,3025,20,3045
87010017,3502,1790,12,1802
43416132,1474,1099,25,1124
97120548,1336,1348,3,1351
76170584,655,402,3,405
10810033,431,289,8,297
86992521,1418,1076,4,1080
22820239,106,111,2,113
65810011,2901,2015,25,2040
76350270,247,132,1,133
65520132,152,93,1,94
54650471,1243,1031,9,1040
43625796,226,183,0,183
11831071,272,214,1,215
22420572,1200,801,15,816
97140135,2782,2171,28,2199
43771237,729,628,10,638
76100789,1175,471,0,471
54620681,401,276,4,280
76220030,1107,550,12,562
33110154,271,201,1,202
44070072,594,514,7,521
97142531,635,634,0,634
22421573,379,322,5,327
11821115,468,337,9,346
33240169,1779,1070,17,1087
54390045,340,281,5,286
76530168,1037,755,6,761
22420055,323,191,5,196
97110345,3110,2600,3,2603
76101184,429,296,4,300
86910037,1842,1187,6,1193
43410888,808,561,2,563
87020108,4751,3033,19,3052
11060097,488,332,6,338
76230581,95,72,0,72
22290016,1860,1110,19,1129
86554323,433,448,12,460
22600460,323,139,1,140
44050047,2383,1204,4,1208
32871236,3048,1556,6,1562
43670505,2075,1557,35,1592
76210220,1011,502,4,506
21960020,589,454,0,454
76370755,145,87,2,89
97091343,2591,2018,22,2040
10240052,2825,2225,0,2225
86661265,1350,771,9,780
76221042,577,406,3,409
76290217,685,380,5,385
11590017,384,243,13,256
76170742,1260,1065,15,1080
22720058,1754,1169,0,1169
22210120,914,742,4,746
43580617,1951,1660,12,1672
33200097,270,207,2,209
76250932,392,334,4,338
76270529,463,401,5,406
32930142,2338,1738,7,1745
76140389,1052,643,2,645
76101050,881,571,3,574
76360529,1227,800,5,805
11820248,337,156,3,159
11310028,490,272,9,281
76470093,498,337,0,337
54910706,510,453,0,453
11020082,347,273,2,275
43410765,413,288,6,294
10830024,146,91,2,93
65290024,94,54,3,57
10300408,801,621,9,630
54230161,1162,1094,5,1099
76211355,275,202,0,202
11500029,1360,952,10,962
76140299,944,591,12,603
76190306,305,190,2,192
76250291,819,342,13,355
54910627,414,344,6,350
65800010,677,508,3,511
22150156,2265,1706,1,1707
11781064,540,371,11,382
98430015,1072,714,10,724
86991845,658,473,3,476
22720395,251,274,1,275
76150111,880,500,3,503
11770994,1073,628,23,651
76280182,667,316,0,316
33010849,1667,1426,12,1438
54890084,762,592,6,598
86741871,384,279,8,287
11160199,79,50,0,50
43504253,243,191,0,191
87010084,1224,845,15,860
54911112,380,348,4,352
43600036,2937,1629,9,1638
32871258,887,743,3,746
22120030,138,62,2,64
11160032,1314,882,19,901
43670651,1358,999,12,1011
43584127,272,206,0,206
86750039,59,38,0,38
43350195,317,192,1,193
86870425,993,794,3,797
43950584,2196,1356,13,1369
11160043,948,669,4,673
43620768,827,520,9,529
43691058,1157,774,6,780
43390986,1366,1315,4,1319
32841244,1785,1201,20,1221
11800291,342,204,5,209
43890015,1887,1578,18,1596
43370838,2528,1942,14,1956
97220011,2259,1592,36,1628
76351114,437,307,5,312
76320558,1377,949,16,965
43692161,1091,722,11,733
86742568,550,346,5,351
11831150,501,409,5,414
32951246,2241,1593,10,1603
43740053,1772,1336,10,1346
76210039,609,272,3,275
33000141,2173,1603,18,1621
76211669,205,173,2,175
43624852,765,596,19,615
43501351,130,83,0,83
76300589,5727,3364,15,3379
43390481,3022,2252,24,2276
22410324,173,110,4,114
86590097,2283,1627,26,1653
76300837,304,220,3,223
10810235,704,437,0,437
11810180,796,408,9,417
76250741,683,476,8,484
22610102,1043,756,11,767
10670060,945,652,9,661
32860942,2258,1638,10,1648
32930951,993,780,33,813
43360837,2089,1760,40,1800
87020355,3496,2255,19,2274
86870470,1181,1106,6,1112
11620921,320,171,0,171
54610321,1131,1225,12,1237
97091084,2318,1663,70,1733
11600198,408,311,11,322
97142597,2703,1952,33,1985
54600218,2084,1471,18,1489
11761073,146,101,2,103
32951303,535,325,1,326
43773756,710,609,0,609
11620549,198,113,4,117
65440098,2345,1757,30,1787
43413904,991,656,12,668
33030098,2230,1774,47,1821
43416682,1081,878,13,891
33020110,2764,1489,23,1512
32840658,1223,887,13,900
54910852,504,392,1,393
43991343,558,393,13,406
86992239,313,171,11,182
43583362,387,293,1,294
11800202,563,300,7,307
43994234,306,258,0,258
54870138,792,309,2,311
43640030,2679,1923,20,1943
43620409,1183,856,7,863
76230424,692,396,3,399
11690119,549,387,8,395
43581449,392,276,6,282
33260295,2544,1605,6,1611
43773262,466,376,0,376
43413959,951,520,8,528
43625976,284,266,2,268
11750734,771,405,14,419
43991769,646,470,0,470
76290138,757,381,2,383
54450200,91,73,0,73
22750376,233,216,3,219
43390324,1692,1438,24,1462
54620377,900,475,7,482
11570745,518,314,9,323
11571173,369,232,6,238
32940299,4204,2653,3,2656
76320457,882,409,6,415
97840053,818,507,3,510
43390919,1181,812,137,949
76280306,1306,431,6,437
43415456,812,462,29,491
97140999,3456,2789,1,2790
11780467,729,463,17,480
97092175,1104,849,5,854
32890484,4967,3578,5,3583
86770097,477,339,9,348
97490021,1696,1024,11,1035
76370339,178,136,3,139
86742063,1042,815,12,827
43994290,337,227,3,230
86742265,130,88,4,92
43771811,896,571,14,585
97131247,879,1100,7,1107
86552859,131,88,2,90
22400244,336,139,7,146
10460056,3235,2041,32,2073
54220081,902,635,6,641
33010412,2025,1384,20,1404
43362042,3623,3101,54,3155
97800172,247,241,2,243
76220445,1463,813,5,818
32862157,2611,1884,38,1922
43582350,950,700,16,716
54340040,1347,943,22,965
43774779,1770,1320,11,1331
22150268,185,236,2,238
86990305,478,266,6,272
76481073,365,274,8,282
43774959,519,469,1,470
11810472,699,452,6,458
97141664,1709,977,16,993
76330593,376,318,4,322
22600022,2617,1962,13,1975
76210613,650,316,1,317
76120264,669,426,3,429
54610376,1040,825,16,841
22780054,871,660,6,666
76321638,173,205,1,206
32980035,5109,4245,17,4262
10910067,262,164,2,166
86991036,1128,760,16,776
22150178,1835,1272,14,1286
54410453,80,89,0,89
43360871,2758,2118,66,2184
22740049,1146,745,16,761
98380345,1266,965,59,1024
22070023,1786,1065,42,1107
10251289,2303,1300,33,1333
43504679,161,140,4,144
32860672,2359,1653,9,1662
76350540,321,147,4,151
33061159,1307,1436,20,1456
11060075,1125,726,10,736
54880173,552,383,2,385
43350522,638,502,2,504
76510133,759,475,5,480
43416929,298,230,4,234
76490365,384,295,6,301
86991957,384,235,0,235
76211007,1831,846,14,860
76250268,386,231,0,231
97100546,2605,1627,50,1677
43991062,404,313,9,322
76100868,741,381,2,383
76290891,601,280,0,280
86742591,264,116,1,117
32850299,4152,2809,7,2816
32870213,3702,3025,10,3035
11600457,984,558,15,573
43773925,1456,1144,19,1163
43670639,1226,984,10,994
33060361,3137,2082,23,2105
11580533,907,539,8,547
43417290,270,211,0,211
97820017,1031,694,17,711
33030346,1740,1319,24,1343
76360170,911,630,10,640
86991812,1042,629,11,640
76340099,705,358,2,360
11160177,134,92,1,93
43418437,401,431,7,438
11771669,515,347,6,353
11640215,1336,765,7,772
10250660,1642,1173,17,1190
10120059,2999,2155,28,2183
32950458,4928,1802,8,1810
11591388,308,220,4,224
10090145,230,194,0,194
54850013,579,281,6,287
97110356,2716,2163,4,2167
11801102,91,71,2,73
86770176,385,328,8,336
65150018,2372,1739,28,1767
11790749,801,648,12,660
10670127,665,482,10,492
22690076,970,675,9,684
76100385,1759,1031,5,1036
33010580,1248,1215,9,1224
76080393,1961,1500,16,1516
86662042,1169,742,14,756
10790467,174,106,2,108
65530245,79,44,0,44
86553647,740,523,18,541
11811091,305,195,4,199
11650249,584,423,7,430
43740097,2185,1768,17,1785
10871108,694,507,3,510
76440012,2298,1588,6,1594
11570970,381,268,3,271
86730138,2975,1964,47,2011
76280373,1569,813,7,820
11820754,668,482,8,490
76190036,534,291,3,294
54880386,850,590,3,593
76260562,449,338,1,339
11071561,273,192,2,194
54470145,228,160,9,169
43582978,2385,1865,41,1906
76120084,761,409,6,415
11590152,360,198,2,200
33090072,2234,1786,18,1804
43502330,369,191,1,192
43930065,621,549,8,557
11640383,267,173,7,180
54890679,1344,1020,19,1039
76200678,411,318,3,321
76211131,1576,914,13,927
43360747,2584,2037,26,2063
33110424,91,88,3,91
10390036,724,414,6,420
54910784,810,658,2,660
11620011,374,266,1,267
86870313,2400,1585,21,1606
76220782,1517,833,9,842
10790557,146,89,1,90
11650867,353,260,6,266
10591376,1614,1393,28,1421
86991227,383,249,2,251
54890219,1155,823,9,832
43504950,465,361,2,363
32930276,2227,1601,9,1610
43775039,182,201,0,201
10841284,159,110,0,110
87030020,608,310,4,314
10140017,2907,2010,6,2016
76230660,209,143,0,143
10940082,223,121,5,126
32940132,2375,1446,12,1458
86551117,720,424,13,437
11600266,851,456,6,462
11630898,363,224,6,230
11800729,295,206,3,209
11752084,181,116,0,116
76080168,1748,1009,18,1027
86553423,1349,949,25,974
33060260,1506,1230,9,1239
86910633,420,270,4,274
86990989,437,286,8,294
33010692,2455,1613,20,1633
43502677,1120,737,4,741
76480308,1343,738,12,750
97520160,2371,1560,30,1590
43772340,2124,1556,15,1571
11810247,663,297,6,303
43691418,752,465,25,490
43372010,728,829,2,831
76210590,1586,634,9,643
76360305,995,574,6,580
43390391,5014,3689,17,3706
32900026,2518,2042,13,2055
22210131,1584,1113,15,1128
86600099,593,519,27,546
11631787,403,267,1,268
11760195,669,421,2,423
97120537,2955,2388,4,2392
11580544,418,280,6,286
32862539,2351,1526,30,1556
10880018,65,26,0,26
54580271,1017,699,13,712
97130415,3332,2209,28,2237
32841592,1642,1401,11,1412
76220883,904,503,5,508
11650238,641,470,6,476
11630911,627,338,5,343
43770966,455,518,8,526
43380086,731,722,7,729
43622108,2192,1642,34,1676
10870163,983,719,2,721
11581084,1367,983,12,995
86820116,123,33,0,33
32980327,761,612,3,615
11790075,630,345,3,348
43950966,1673,1406,0,1406
10820304,656,481,3,484
32863417,674,699,3,702
97100759,1943,1563,17,1580
76080450,465,364,2,366
32862674,2672,1749,24,1773
10820056,457,311,3,314
11590051,515,199,1,200
97100524,1135,1101,1,1102
43992333,664,472,8,480
43371558,2369,1673,16,1689
32890743,556,894,2,896
10180066,762,492,0,492
43417739,270,195,8,203
54890770,669,557,9,566
22770064,2004,1239,6,1245
76250763,971,623,16,639
54120103,896,670,6,676
43770056,518,343,16,359
21870648,580,511,13,524
33080150,2403,1697,19,1716
97141383,3079,2182,23,2205
65760048,400,276,1,277
43994728,560,543,14,557
86743176,462,299,9,308
10591118,695,523,6,529
86661153,1114,723,7,730
10910056,167,109,0,109
32900127,4642,2901,21,2922
32910342,3932,3272,49,3321
43371211,1276,1012,5,1017
76340549,215,129,2,131
54910313,1221,947,11,958
10980110,1191,833,22,855
86661906,552,357,4,361
76480588,961,539,5,544
76220995,529,326,2,328
22400323,376,249,2,251
10871186,560,370,5,375
11821249,221,120,1,121
54650516,1986,1763,8,1771
21880021,1511,986,15,1001
11811237,282,13,0,13
76500053,315,161,0,161
76280249,1017,576,2,578
43411047,1031,725,7,732
33150080,743,426,5,431
54890983,299,268,1,269
86940041,1980,1361,21,1382
43773150,614,348,4,352
76160943,743,571,13,584
10250682,1656,1283,6,1289
86553029,257,138,0,138
21880054,753,581,4,585
43950157,1240,858,9,867
65000135,1643,1190,14,1204
65020058,137,101,0,101
76380240,656,460,2,462
97091400,2316,1767,10,1777
43990746,842,513,0,513
97091837,2969,2131,39,2170
43400045,3783,2868,12,2880
43992399,998,761,7,768
43415276,251,175,0,175
65390070,1326,1004,19,1023
76190474,1110,873,11,884
43620331,690,462,5,467
43991657,268,191,4,195
11580083,660,335,4,339
33090252,3579,2601,33,2634
33010175,2488,1215,36,1251
43582855,495,387,3,390
98080061,635,436,5,441
11650676,224,150,6,156
54880319,1194,909,30,939
10590881,2422,1922,10,1932
43670112,2383,1581,22,1603
32930388,2162,1552,22,1574
32900093,4808,3293,35,3328
43371626,1574,1035,17,1052
22150224,1472,1152,11,1163
97142159,2381,2000,23,2023
10251650,2806,1958,15,1973
11570633,695,391,13,404
54440052,351,256,2,258
11610717,147,114,1,115
43360017,2931,2042,31,2073
32960998,865,968,4,972
43361995,675,533,2,535
76130164,559,253,9,262
22150134,844,574,7,581
11650519,320,207,3,210
87020210,1968,1138,17,1155
22780010,1937,1234,27,1261
65420052,78,121,1,122
11571038,419,276,4,280
43370445,3979,3101,49,3150
76110263,357,204,2,206
10870084,279,115,2,117
43692172,1188,818,10,828
43420047,2488,1558,9,1567
76170720,411,296,3,299
22590143,1395,954,12,966
43580842,477,342,1,343
11751320,479,287,10,297
86740601,1647,855,9,864
44030067,2879,1501,9,1510
10810662,281,172,3,175
86551971,1247,732,33,765
43390188,2626,1842,11,1853
33250553,2809,1824,55,1879
43991961,1068,783,15,798
76080405,653,593,12,605
98250037,1374,869,7,876
22210243,252,210,0,210
97200042,1921,1656,5,1661
76100161,677,446,2,448
22600190,1292,798,5,803
33200110,140,71,0,71
87010062,399,154,0,154
10251762,1179,1002,5,1007
33260330,1501,1378,4,1382
54620467,723,486,15,501
97730040,3823,2956,34,2990
54420038,335,219,1,220
65270011,918,709,11,720
43950708,2075,1827,10,1837
43583968,421,356,6,362
86552916,533,388,5,393
43504163,676,568,4,572
65000236,881,689,17,706
11460136,829,688,8,696
43417391,254,165,2,167
11380069,26,24,0,24
86992745,214,205,1,206
76320198,432,227,3,230
32952540,1015,998,8,1006
76160246,1661,904,15,919
54240016,1901,1260,15,1275
86552826,395,282,8,290
11761163,83,57,0,57
43620139,303,186,0,186
44030090,1806,1355,14,1369
76130085,1066,612,4,616
11590310,390,227,2,229
86940074,413,327,12,339
86551465,1258,373,8,381
44010065,493,405,6,411
43361737,1776,1252,0,1252
43500631,825,563,10,573
86662132,863,547,9,556
11080101,477,284,1,285
76370441,75,45,1,46
66020037,41,22,1,23
86553513,931,556,11,567
76500121,852,407,4,411
43350184,2226,1504,0,1504
32851201,3331,2197,19,2216
43960024,2176,1506,20,1526
43770843,960,803,12,815
10870297,443,292,4,296
76120130,758,437,3,440
97100197,1427,1214,5,1219
11810034,516,18,1,19
10810134,630,476,13,489
33010120,1920,1328,199,1527
43412048,1088,725,3,728
76060177,1649,952,16,968
43990522,1424,1096,6,1102
11010036,1777,1027,26,1053
11750363,462,257,1,258
76330504,516,405,2,407
54700039,337,231,4,235
97130808,2030,1738,14,1752
76251270,414,377,5,382
97140562,2740,1829,19,1848
10080065,2116,1489,10,1499
86992318,799,636,7,643
76320176,824,429,7,436
43692284,400,283,13,296
22750073,2146,1482,10,1492
43992850,1123,831,6,837
76080360,875,762,3,765
32862315,2600,1647,12,1659
11631169,276,159,1,160
76060593,396,236,0,236
33020749,466,688,1,689
32841075,2016,1527,8,1535
76100958,1349,699,12,711
97550051,666,316,9,325
76330436,613,312,5,317
54510083,1739,1189,28,1217
98130056,1267,949,10,959
97142238,1652,1627,2,1629
43991398,1072,678,13,691
22750017,1971,1373,7,1380
32940198,2732,1939,6,1945
10851072,544,356,3,359
65390025,547,283,2,285
32863158,2394,1828,31,1859
22650128,146,74,1,75
76090080,2956,2008,15,2023
11580993,261,167,5,172
10251177,1845,1715,4,1719
76380745,393,343,1,344
22020208,1570,1084,21,1105
10850509,457,262,7,269
22260046,915,661,4,665
43412475,2384,1967,16,1983
43600261,2689,2034,34,2068
11810595,892,569,6,575
43700015,684,622,7,629
97110075,2209,1547,23,1570
43580819,508,377,15,392
54890635,938,908,9,917
76140086,646,366,0,366
54440344,233,193,5,198
97520148,1857,1410,2,1412
33290063,3278,2351,26,2377
33061261,1814,1581,32,1613
11760881,220,137,1,138
11610672,268,167,0,167
43503218,413,307,7,314
43418190,390,346,2,348
43670099,2171,1484,6,1490
43418066,963,874,7,881
32840467,3142,2460,10,2470
11620022,533,247,12,259
32960741,1129,1110,15,1125
43951350,1245,1122,31,1153
43600025,3581,2272,14,2286
43691182,576,365,9,374
10910168,209,115,1,116
97540061,690,383,14,397
32910319,2758,1604,28,1632
86750028,1260,894,32,926
11800998,224,161,2,163
22470117,1720,1017,9,1026
11070964,146,105,3,108
10910023,335,207,3,210
11560238,1802,1279,6,1285
98420081,562,368,7,375
43691980,931,668,31,699
76490062,245,225,0,225
97130055,1051,935,6,941
43504567,387,345,3,348
86740409,827,544,22,566
65230028,1562,1161,22,1183
76310153,727,362,6,368
10430211,159,120,2,122
76480645,661,340,1,341
43625404,575,421,9,430
10850307,408,525,4,529
33110299,1111,770,4,774
10850127,514,313,0,313
76100509,1451,814,4,818
11480015,863,569,8,577
76251225,104,80,0,80
10940677,139,89,3,92
11640507,362,216,7,223
33260015,2507,1570,1,1571
43620016,625,412,5,417
43990375,687,542,8,550
32850200,8222,3274,40,3314
10840733,275,183,4,187
54580316,550,416,20,436
10940442,383,243,2,245
43418189,361,337,8,345
10820034,528,337,3,340
65390036,245,152,0,152
97280051,3247,2273,31,2304
86720081,2004,1307,7,1314
65640012,281,144,5,149
76100554,530,340,2,342
33010445,2530,1662,18,1680
43773598,676,492,5,497
11630865,762,393,12,405
43360635,1184,1093,8,1101
54590384,1042,738,8,746
86743682,76,61,3,64
11460035,557,331,5,336
33000107,2843,2030,12,2042
33190073,723,656,2,658
22420437,1519,930,29,959
43504590,348,323,1,324
10100079,2201,1264,17,1281
86741567,680,440,28,468
43622333,1747,1234,19,1253
33090375,1660,1311,3,1314
22750118,2078,1206,18,1224
86662266,448,288,3,291
54790746,806,777,9,786
11620459,406,258,3,261
98280142,919,797,3,800
43770517,321,217,9,226
21861165,847,704,13,717
76380565,574,355,6,361
10670048,2484,1713,7,1720
11590635,623,341,7,348
22100151,694,534,17,551
22700067,1408,1054,13,1067
11600794,589,408,10,418
11800741,341,215,3,218
11821261,242,173,0,173
76490141,1021,729,2,731
33030605,778,710,9,719
22110118,133,82,0,82
76330403,760,488,10,498
76140367,1564,823,0,823
54120136,476,328,6,334
86610023,1349,911,4,915
43502262,680,395,11,406
76160369,793,504,14,518
43500844,587,409,6,415
54790702,573,946,3,949
32850187,1761,1285,6,1291
33040022,1880,1144,29,1173
10260010,551,400,7,407
10090033,2075,1552,14,1566
10570070,1066,684,2,686
22350046,1488,1040,27,1067
32870796,3224,2256,19,2275
43951091,814,746,10,756
11390745,968,532,14,546
43771394,1190,853,78,931
33280095,1923,1347,20,1367
10590904,3178,2077,9,2086
33040134,538,483,2,485
43620229,864,667,2,669
43362176,3080,2730,33,2763
76070112,209,204,5,209
86850029,2426,1739,6,1745
43620847,461,319,5,324
32951954,2201,1537,20,1557
65520109,117,90,1,91
97520069,749,524,9,533
43501025,636,411,8,419
76250077,580,350,6,356
32951572,2200,1406,13,1419
97360083,740,527,5,532
97141361,2284,1608,18,1626
43414950,666,379,24,403
10980143,699,478,1,479
11780322,1163,740,12,752
43691665,1417,1070,14,1084
32850996,2542,1463,12,1475
43692318,303,52,3,55
11591265,328,213,2,215
11640057,379,240,1,241
10090077,2112,1289,18,1307
43412701,1972,1590,39,1629
97920041,402,244,0,244
32860065,2981,1902,38,1940
11030027,2447,1467,26,1493
54210035,1133,729,5,734
97130730,3083,2242,18,2260
97142126,1464,1093,23,1116
43583733,566,442,4,446
11581017,320,212,2,214
32953114,800,1012,0,1012
32910410,965,1103,8,1111
86742153,28,15,0,15
54190111,1569,1275,34,1309
11571386,373,298,6,304
54140037,1172,1207,11,1218
43582945,401,304,4,308
10871489,192,169,0,169
54470190,498,400,3,403
86992600,2839,1646,181,1827
11080347,503,317,2,319
11790558,766,567,8,575
32863282,1241,1568,12,1580
97131191,3193,2320,26,2346
54910278,1599,1210,7,1217
10300026,2600,1913,17,1930
43460029,1631,1198,10,1208
43583564,1558,1127,19,1146
32960550,1430,1013,6,1019
86551274,846,548,14,562
33010322,1046,1090,2,1092
43391088,1775,1516,14,1530
11800471,905,586,10,596
65440571,2143,1561,29,1590
43372043,3412,2189,53,2242
11071594,112,82,2,84
97091028,2017,1620,5,1625
11751702,623,398,3,401
76170382,1301,824,9,833
43370681,3724,3062,46,3108
10930216,390,268,6,274
76530225,100,102,0,102
10790041,710,364,4,368
33240068,1204,588,12,600
22421551,317,201,5,206
97960078,1414,1063,14,1077
65520165,1164,1011,19,1030
86900171,1963,1333,4,1337
54260108,2107,1523,33,1556
43501711,1228,822,12,834
97840097,607,388,7,395
11770477,789,419,10,429
86991733,1480,1036,10,1046
43417728,459,337,5,342
76321379,456,462,4,466
97110480,2101,1720,34,1754
22600741,352,258,3,261
43580606,617,479,7,486
32840333,1886,1601,13,1614
10590476,3357,2153,6,2159
86743086,170,138,1,139
97140955,4579,4059,7,4066
43670583,429,301,2,303
43361434,2753,2094,3,2097
65030082,56,31,0,31
43412879,976,744,7,751
32900060,2729,2300,5,2305
76470059,2907,1653,8,1661
65030037,99,94,1,95
32952551,647,710,10,720
98380110,1857,1271,13,1284
32950054,3600,2361,5,2366
43390638,1029,828,6,834
11830261,441,275,3,278
21860928,2201,1731,4,1735
33300021,293,174,3,177
43993378,414,240,3,243
32900262,438,506,2,508
86550116,468,215,4,219
10870602,493,371,22,393
43580640,389,236,0,236
10251605,1474,1165,17,1182
22150336,477,395,1,396
76320390,794,426,4,430
22820048,484,311,3,314
33270128,2518,1579,11,1590
32851054,1901,1322,26,1348
76370272,756,416,5,421
54720042,2060,1558,12,1570
11601100,226,149,8,157
87020276,2535,1573,11,1584
22780043,731,503,2,505
43951046,2523,1967,0,1967
11760599,447,260,4,264
98130067,1789,995,20,1015
86742704,891,367,52,419
76360169,738,563,5,568
11070953,309,216,4,220
54260287,2799,1936,36,1972
76320154,984,542,5,547
43940011,2255,1839,36,1875
43693083,120,93,0,93
22800046,1086,530,6,536
43360758,2421,1967,13,1980
76370643,1826,810,6,816
21870211,2037,1434,33,1467
76140053,1303,814,5,819
97091567,2064,1391,13,1404
11801012,268,134,9,143
10590566,2408,1519,22,1541
22750062,3710,2515,10,2525
76170078,345,226,1,227
10940734,150,110,1,111
33090476,1674,1227,30,1257
86920038,2346,1490,23,1513
11601144,512,629,3,632
11831037,236,218,1,219
97140876,1543,1185,5,1190
33150079,393,317,4,321
10940767,240,155,1,156
97790013,2976,1769,20,1789
54490046,1050,796,13,809
11601177,560,342,5,347
76110139,652,581,1,582
11771748,452,336,9,345
43350487,608,463,5,468
97100175,1624,1177,0,1177
97610036,1219,974,14,988
11810090,219,113,1,114
32840243,3424,2335,19,2354
43992748,2318,1975,22,1997
76290701,840,280,5,285
86991126,523,346,4,350
65090156,603,309,3,312
76360035,820,463,3,466
32950357,2422,1990,12,2002
54220148,1097,620,9,629
43413128,2887,2160,20,2180
43772946,561,422,2,424
65440100,2335,1616,12,1628
43690686,280,199,4,203
11710011,1840,1337,32,1369
10820652,265,165,1,166
32940378,3482,2590,11,2601
76140839,881,616,1,617
22750286,1072,922,2,924
86550307,1882,941,40,981
10910731,328,217,5,222
11600299,1087,626,5,631
98100097,916,530,12,542
11751061,482,285,10,295
43350072,1795,1099,20,1119
86661456,2536,1720,13,1733
76230277,480,267,10,277
43413825,1599,972,19,991
43502093,311,209,1,210
76350203,440,210,3,213
11771175,274,217,4,221
32952304,2165,1990,4,1994
43622153,1000,705,10,715
22510077,1285,1022,13,1035
22640251,48,43,0,43
11751443,397,233,1,234
22421517,340,276,0,276
87020513,294,616,2,618
86741624,274,136,2,138
10810088,390,237,4,241
44030056,2465,1774,13,1787
33260059,1675,1226,9,1235
76360620,701,417,6,423
11650362,313,166,3,169
43951079,1396,1229,0,1229
54620300,1112,577,11,588
11600435,820,534,8,542
54260445,1718,1509,5,1514
76321188,712,479,8,487
76290846,634,342,8,350
76360664,529,379,5,384
43680034,199,164,2,166
43951406,500,448,3,451
33030122,2448,1652,19,1671
76180091,305,163,1,164
97140742,2929,2242,12,2254
43411586,777,612,5,617
43622074,1407,1124,25,1149
33030515,1672,1116,13,1129
11800213,368,218,15,233
97142216,3148,2272,15,2287
54650112,2132,1284,7,1291
32862247,2142,1436,22,1458
76280441,1790,795,8,803
11790390,430,314,4,318
76070055,1250,871,10,881
43370119,1456,1006,8,1014
97120593,871,581,12,593
43970036,115,83,4,87
10850172,617,327,3,330
97131180,1619,1949,2,1951
54880599,453,451,3,454
32950919,2936,1852,13,1865
10810538,463,299,4,303
97140911,4365,3493,5,3498
86553827,212,171,5,176
76160987,415,277,12,289
65440111,2618,1940,11,1951
86870324,1898,1243,16,1259
86550420,560,275,9,284
11650014,434,343,7,350
76130771,220,168,1,169
11200150,760,617,7,624
32951426,1750,1152,5,1157
11750802,509,310,5,315
65440436,2303,936,13,949
76120107,800,460,2,462
43503791,927,640,7,647
43416390,553,454,4,458
22590154,1155,756,9,765
54680069,829,532,12,544
54290022,2164,1795,21,1816
54140105,2598,1967,2,1969
65120015,2901,1926,17,1943
43770359,310,185,2,187
76321627,344,280,5,285
43360433,5183,3858,17,3875
76290543,1158,490,6,496
98280029,2788,1695,17,1712
86692652,694,818,4,822
54880601,495,385,4,389
76220388,1538,926,1,927
10790052,1119,706,10,716
10670093,1825,1235,8,1243
86820127,205,94,3,97
10670352,670,677,0,677
76100824,958,831,3,834
98280063,967,641,4,645
32940244,2662,1974,19,1993
76321032,850,413,0,413
76140020,888,512,1,513
97131012,1674,1288,6,1294
22110433,54,42,0,42
11820057,581,312,5,317
32960684,5531,3831,14,3845
32890855,1071,1402,22,1424
86700023,2499,1531,9,1540
33061272,102,130,0,130
11520010,895,659,3,662
76100251,1320,622,3,625
32840311,3827,2960,15,2975
76321065,820,488,8,496
22020130,2357,1460,28,1488
65690028,94,31,0,31
76460070,718,421,3,424
86742243,119,82,1,83
86553872,295,242,4,246
11810854,680,294,5,299
97092298,3086,2021,26,2047
33280017,955,719,5,724
11640585,207,150,3,153
32840737,1797,1303,15,1318
43773026,596,409,9,418
11200015,1284,725,10,735
76140019,1158,651,7,658
87020399,2382,1680,20,1700
86670265,539,526,8,534
32960404,3525,2195,18,2213
43622412,490,294,1,295
97141710,1413,1051,4,1055
43771923,752,651,6,657
86991698,4380,1459,28,1487
11781132,314,206,10,216
11800347,278,173,1,174
22640295,280,171,2,173
11290014,1032,715,13,728
43670011,2284,1578,29,1607
10850161,410,244,1,245
54210170,941,671,5,676
10841341,171,236,3,239
54270075,308,445,2,447
76530135,241,141,0,141
43771899,894,616,13,629
10160019,2573,1678,22,1700
11030072,1584,1177,13,1190
54550010,1211,800,4,804
11640226,401,263,5,268
54580035,2273,1483,24,1507
11390037,552,269,11,280
76321425,199,190,2,192
10850374,343,225,0,225
76500042,335,226,3,229
22090294,1389,1032,14,1046
43360398,3082,2342,30,2372
10810314,257,148,1,149
32940367,2385,1802,5,1807
86720171,342,341,3,344
43580224,1052,756,8,764
10100226,465,539,5,544
76150706,273,179,0,179
43994021,686,503,13,516
54790218,3250,2000,0,2000
65440447,444,345,12,357
87020119,4666,2715,6,2721
32860638,3628,2408,21,2429
54680294,768,504,8,512
11831116,247,181,5,186
44010043,944,719,7,726
43501384,922,570,1,571
11600996,720,508,11,519
76340516,1170,679,3,682
32840603,5424,4920,15,4935
43950786,1018,866,4,870
43504220,258,208,0,208
11540012,2315,1632,0,1632
32861505,1971,1765,25,1790
11600334,621,329,2,331
22421685,184,113,0,113
11761231,365,251,4,255
11030162,1963,1288,15,1303
32862573,1119,780,8,788
76300309,1251,764,12,776
43690079,825,542,24,566
43625471,270,197,2,199
76310434,553,379,2,381
10871175,391,240,5,245
43360679,2683,1595,25,1620
43772812,52,53,0,53
97120098,2872,1778,17,1795
43504668,335,266,0,266
43994166,241,186,4,190
54800041,603,550,9,559
33010186,2258,1914,18,1932
76380408,3132,1425,19,1444
76211175,1231,674,1,675
86740498,706,422,13,435
11130051,248,172,2,174
97200413,1574,1233,12,1245
76101443,607,528,2,530
43774375,509,416,8,424
86991216,3801,1354,49,1403
54390012,207,83,1,84
43583711,281,204,8,212
43583025,646,479,16,495
22600808,1137,1068,29,1097
11800617,199,115,0,115
87000016,2144,1258,23,1281
32841097,3079,2155,15,2170
11610470,251,139,5,144
76280519,285,183,1,184
22150189,1400,957,20,977
43772609,400,243,1,244
76080236,1178,855,3,858
32900206,2665,1761,25,1786
43773813,208,169,1,170
43772351,1818,1384,18,1402
33060305,1719,1301,23,1324
32910364,3772,2984,10,2994
86551263,1519,905,85,990
32950267,3811,2730,11,2741
11600211,388,261,3,264
32890271,3329,489,16,505
86553232,445,302,6,308
76190452,2133,1183,16,1199
76130557,929,510,11,521
11020015,946,580,10,590
76100318,1487,788,12,800
43620522,468,334,2,336
11751971,304,188,3,191
86551038,867,539,11,550
76240133,967,389,5,394
76110038,2085,1349,9,1358
54720110,642,587,2,589
33180016,3303,2583,13,2596
33060833,3360,2763,8,2771
86660860,729,521,5,526
11830799,381,260,6,266
76250886,374,258,3,261
76480050,250,88,0,88
86740320,1115,695,11,706
32840052,2554,1875,10,1885
86730217,2954,1840,17,1857
32860841,3229,2350,4,2354
43691441,780,485,12,497
10790748,207,178,1,179
10880041,148,93,0,93
10840665,276,119,1,120
76481107,99,71,1,72
43670459,2105,1524,16,1540
86660556,1281,770,5,775
10910090,355,231,3,234
86900092,3174,2155,43,2198
65560013,3285,2281,65,2346
65760060,224,148,2,150
22820105,135,86,1,87
43370771,2593,1981,22,2003
11560171,1077,638,10,648
33190062,1981,1094,9,1103
76290486,206,99,0,99
10590937,1712,980,13,993
76160459,1703,1038,17,1055
10870736,388,263,3,266
11460068,204,128,3,131
54660012,808,539,17,556
32870033,3480,2737,6,2743
65510018,552,345,3,348
10820078,1124,853,11,864
43414994,715,484,5,489
32950571,4490,3588,6,3594
76090237,1474,858,9,867
43691148,713,422,4,426
43502891,327,262,3,265
76211412,260,144,3,147
76090169,3655,2686,10,2696
54190010,2140,1660,15,1675
43625808,280,233,4,237
22690021,1067,628,9,637
43773622,1526,1129,21,1150
76480454,521,263,5,268
97130257,1854,1474,25,1499
76210679,567,277,2,279
11750655,1063,732,13,745
97130437,1848,1493,7,1500
76270192,1012,538,11,549
76100352,718,419,1,420
11631552,912,534,14,548
21861064,950,887,12,899
11620213,410,222,3,225
11630359,349,181,0,181
86742041,1193,837,15,852
10250233,3065,2651,12,2663
76400221,557,300,4,304
54910582,455,214,2,216
86742423,356,232,0,232
32870190,2643,1901,9,1910
33030492,1171,1077,11,1088
43362244,1633,1412,15,1427
86743536,65,40,1,41
65350144,72,35,1,36
43417267,173,106,0,106
43500282,1115,752,9,761
11760106,662,379,7,386
22540238,1075,806,19,825
54230149,1023,754,10,764
43625011,240,147,1,148
32952438,2439,1675,36,1711
22540182,822,519,1,520
97420046,1111,1087,10,1097
76320143,277,138,0,138
11460495,142,99,3,102
43400753,1864,1479,16,1495
43370995,2145,1911,0,1911
65090011,105,46,0,46
43411137,1493,1117,15,1132
76240335,633,434,18,452
10871209,370,263,6,269
11830351,949,624,8,632
76160965,520,390,3,393
32940727,3872,2654,18,2672
22600842,377,369,3,372
54580260,1043,741,0,741
86742524,315,174,8,182
76520189,881,690,6,696
10300420,1786,1448,22,1470
43581506,1117,658,0,658
43418921,736,655,9,664
86550037,869,506,11,517
43771293,462,380,6,386
43415287,568,433,10,443
86740599,131,79,2,81
76380374,414,262,11,273
43410406,1213,800,20,820
54400047,367,268,0,268
33060530,1693,1225,10,1235
10390014,212,159,2,161
97092243,2045,1215,12,1227
43372076,712,695,11,706
86870054,2724,1946,0,1946
11831239,809,615,3,618
98180062,150,92,2,94
11180056,612,419,5,424
22820037,327,206,1,207
76180057,702,384,7,391
43950236,2382,1991,27,2018
21870356,1539,1038,9,1047
86553300,458,336,4,340
76320491,1564,899,22,921
43501485,547,404,4,408
33060743,2857,1702,23,1725
32851256,1496,1390,13,1403
43620544,756,469,4,473
10950139,383,268,2,270
54220160,706,412,8,420
11650856,236,172,5,177
98080049,2325,1720,6,1726
54650741,416,665,1,666
76170090,1132,706,10,716
10590511,1396,930,5,935
11100182,65,8,0,8
76380442,393,210,4,214
43371806,3164,2368,4,2372
43503016,1052,710,12,722
98400157,888,544,2,546
76220041,810,464,7,471
43362255,750,658,9,667
76100060,925,466,6,472
43415928,506,348,8,356
97091129,2428,1618,42,1660
86743299,336,221,9,230
43620803,460,326,4,330
32840153,3565,2841,9,2850
11280013,1054,643,2,645
43430105,365,355,1,356
54890758,834,649,11,660
43362020,1465,1078,50,1128
11580768,200,123,10,133
11070807,483,317,11,328
97200097,3448,2335,7,2342
54450019,1515,1119,19,1138
43350230,2721,1639,16,1655
54470088,2222,1660,19,1679
22080125,305,232,1,233
86990293,1877,1082,11,1093
11830014,950,616,1,617
10300307,2491,1540,35,1575
43850022,625,524,7,531
54590205,1924,1298,18,1316
54320060,3618,2043,19,2062
33060204,2838,2087,12,2099
76280340,1061,689,1,690
43583744,1926,1635,20,1655
10910821,271,185,2,187
54600207,3713,2973,31,3004
32840939,1727,1239,9,1248
32900217,5273,2823,54,2877
86992419,161,69,1,70
54890905,349,348,5,353
10830125,427,212,4,216
97091398,2551,1800,10,1810
22720160,1110,640,3,643
43413487,1298,851,9,860
10590724,3069,1779,28,1807
11610111,791,471,5,476
11770781,699,399,7,406
76300534,998,501,7,508
22810025,63,74,0,74
98350038,102,58,0,58
22421056,1111,661,13,674
54911088,513,562,10,572
76170045,1005,654,1,655
33020390,3061,2433,308,2741
11761219,401,272,8,280
11770017,885,488,20,508
54890422,733,540,5,545
22710013,1083,737,7,744
43390177,5141,3333,57,3390
43400797,5196,4341,14,4355
43740020,1873,1574,24,1598
33020367,2728,2381,10,2391
43771169,1146,875,28,903
32930838,3071,2207,33,2240
43415186,288,207,5,212
22110028,65,65,0,65
10820214,337,189,0,189
43362288,2323,2097,14,2111
76290622,753,376,1,377
11830519,1504,1026,10,1036
11560227,1941,1554,8,1562
11080606,448,287,12,299
11610515,270,176,3,179
43410787,1111,732,20,752
86662491,1085,744,5,749
97120199,615,502,0,502
10410040,923,659,6,665
22740184,535,460,7,467
76480128,242,129,1,130
33330046,295,188,1,189
76250404,1323,780,11,791
32890619,2850,1890,0,1890
43500923,779,439,2,441
54790207,2051,1316,14,1330
43501991,614,399,3,402
43770786,590,384,6,390
32862797,2502,1937,6,1943
86743783,683,694,7,701
22610034,1549,997,9,1006
43410912,390,236,1,237
10870343,309,198,1,199
11570150,548,330,3,333
54750012,3206,2029,21,2050
11080471,335,240,2,242
86991058,603,430,5,435
43415883,406,288,3,291
76101263,471,264,9,273
65180011,1625,1093,15,1108
54460010,265,168,3,171
87060045,565,361,1,362
76180169,399,195,3,198
76260528,620,368,3,371
86554109,363,261,4,265
76370913,809,456,1,457
32840096,5091,4026,4,4030
76140345,992,575,7,582
86660961,1268,926,12,938
43621938,265,203,4,207
54740033,2372,1840,22,1862
11810562,552,311,6,317
86662637,104,77,1,78
76150212,1753,828,15,843
43413061,352,189,0,189
54440287,177,112,2,114
32870044,2925,2198,13,2211
33310178,809,556,11,567
65440245,2296,2070,22,2092
97200064,1269,1160,5,1165
43503645,1540,1098,14,1112
11770635,899,503,6,509
65600074,1284,1037,18,1055
11240019,668,503,5,508
11400051,31,31,0,31
32840322,1643,1137,11,1148
54720064,1815,1345,15,1360
43930021,1699,1376,15,1391
76100015,1552,713,8,721
33010298,3196,2299,38,2337
86741837,806,513,10,523
97900016,3038,2057,18,2075
86662930,474,306,9,315
10251278,2159,1368,13,1381
76380352,289,52,1,53
86700034,2458,1565,36,1601
43690697,104,70,1,71
22820240,64,35,2,37
33030469,1171,828,16,844
97110019,3177,918,1,919
76170719,307,235,5,240
43670763,862,724,14,738
76100846,1216,710,6,716
65210048,53,45,0,45
43501474,656,458,1,459
43692183,805,529,10,539
43583799,175,131,0,131
11760634,972,709,12,721
43500237,1264,773,19,792
76211153,787,454,2,456
76300017,1289,870,8,878
11810832,375,259,3,262
11650722,271,192,4,196
10790614,522,365,7,372
43580493,640,467,7,474
86820497,323,202,7,209
43692778,693,550,17,567
43390739,484,671,15,686
76500345,471,367,5,372
76530191,234,106,0,106
11800190,372,211,1,212
10910685,379,213,9,222
11220028,1522,1078,9,1087
86770031,1712,878,15,893
32960369,1766,1280,14,1294
76160448,451,252,4,256
86821151,171,134,5,139
10870613,284,162,3,165
10790670,66,56,0,56
21860535,1806,1136,20,1156
43990049,419,297,5,302
76480274,769,429,4,433
76370115,1204,701,5,706
22120265,348,295,3,298
32851009,3226,1623,26,1649
43410327,1139,775,9,784
54650381,3710,4284,20,4304
11631338,501,275,5,280
76140143,1338,749,4,753
22420314,737,443,15,458
76200094,662,429,5,434
11571061,334,213,7,220
11570161,878,539,8,547
10670037,878,676,7,683
86910565,463,468,2,470
43371604,1979,1402,21,1423
22170046,999,691,11,702
43621859,211,151,1,152
86790022,1752,1182,12,1194
76160314,977,587,10,597
10880096,19,16,0,16
86550936,994,647,13,660
54740123,1379,1066,14,1080
76140749,814,332,3,335
43502116,525,363,4,367
11080303,570,326,6,332
10890301,216,150,0,150
33010366,2901,1877,141,2018
22450014,1918,1070,21,1091
76140301,893,497,2,499
43412633,1191,759,8,767
76280777,429,351,4,355
76350911,636,508,4,512
33030032,3811,2601,24,2625
65340075,366,279,0,279
86660826,1620,1162,12,1174
65470079,1072,796,11,807
97141798,2733,1585,36,1621
33060619,2999,2186,7,2193
32890305,2304,1460,13,1473
54650673,700,893,9,902
97141709,2448,1402,16,1418
11610605,461,299,5,304
11772042,164,116,0,116
54590452,906,736,5,741
32840906,2608,1662,15,1677
76160235,1008,628,18,646
22470050,2520,1664,19,1683
76250695,426,264,2,266
32890440,2754,1950,21,1971
76481141,404,298,4,302
43350500,933,1050,6,1056
22110466,789,591,9,600
86743794,278,224,4,228
43621983,351,247,4,251
33000253,5603,4430,3,4433
43930043,2719,2055,29,2084
43501609,466,341,5,346
97830074,393,112,1,113
11751847,502,332,9,341
10940295,243,167,7,174
22110411,78,32,0,32
11580713,453,296,1,297
22720340,918,697,7,704
43690451,504,317,7,324
76320334,950,549,6,555
32952955,781,930,17,947
10590971,536,520,3,523
43418729,454,410,17,427
11780513,825,470,14,484
76211580,508,404,6,410
76090079,2471,1652,14,1666
43418695,443,348,4,352
76320727,856,466,7,473
11600705,661,442,0,442
10400049,466,411,1,412
10200014,1059,735,19,754
33250519,1228,889,22,911
11591445,256,158,2,160
10270033,1662,1077,21,1098
43412565,854,637,6,643
10940352,310,191,1,192
11071741,140,94,1,95
11030364,944,631,44,675
65530346,657,528,15,543
22420853,1038,628,18,646
11760555,715,383,8,391
97130235,2214,1426,18,1444
76060065,1476,811,8,819
86990664,1435,914,10,924
11801089,150,105,4,109
54410228,148,117,1,118
76290453,638,243,3,246
76480061,432,224,5,229
11580746,624,439,3,442
11800976,246,182,0,182
32860278,2700,2119,11,2130
33310011,688,489,0,489
33090128,2538,1886,31,1917
43413599,1159,894,10,904
65580015,2403,1643,13,1656
43992085,1425,1098,20,1118
43771732,1606,1268,10,1278
11080932,292,203,0,203
43413498,1057,682,8,690
11750284,946,595,9,604
10280023,1319,1229,22,1251
32980394,5018,4187,51,4238
97120313,2438,1983,0,1983
97100715,2779,2210,28,2238
22780021,1878,1341,23,1364
43620960,448,272,0,272
43692194,1458,1070,18,1088
43692846,847,646,28,674
11790143,628,292,14,306
97860011,60,52,0,52
10520053,590,439,5,444
54590339,687,501,5,506
11640462,642,454,5,459
76320985,1038,476,9,485
43625707,360,300,0,300
22650083,122,95,1,96
43418088,672,677,17,694
76310029,486,306,0,306
43773127,916,662,5,667
11630753,296,192,4,196
10820281,920,667,6,673
11830610,558,378,15,393
43412644,755,525,5,530
43690899,923,549,6,555
32862450,3437,2437,38,2475
76160011,1303,745,21,766
76250101,1122,485,10,495
10840890,345,205,12,217
76330302,763,488,0,488
43502633,754,515,5,520
43692329,360,144,11,155
10840575,308,181,3,184
11390172,1331,871,26,897
43417133,616,430,2,432
97130729,1593,1356,6,1362
22421832,84,74,2,76
54230093,2081,1375,57,1432
11080796,161,133,1,134
76350696,1199,598,9,607
86553580,531,307,11,318
43990016,393,258,4,262
33110053,148,98,0,98
11100339,211,149,2,151
11620156,837,550,0,550
43775297,476,432,7,439
11790378,437,273,0,273
43418909,806,838,12,850
11760869,260,192,3,195
76300523,761,410,6,416
10430042,360,326,3,329
43361726,2421,1649,35,1684
32930377,716,553,10,563
11610683,619,389,0,389
10090055,2180,1044,27,1071
86840051,1106,753,8,761
10810729,168,136,3,139
76090372,383,601,7,608
76280834,424,467,7,474
43504062,378,312,2,314
11752174,183,123,2,125
43413724,1762,1179,14,1193
76370890,261,184,0,184
86821049,1262,885,21,906
10930047,572,334,5,339
76170168,2626,1662,40,1702
10250794,2094,1441,9,1450
21880032,900,602,5,607
10850688,250,157,5,162
11370057,429,319,3,322
86662244,990,627,19,646
97141495,3331,2301,38,2339
32863013,2232,2113,9,2122
11631596,523,299,8,307
43992489,372,268,2,270
54220137,939,652,4,656
11752062,219,157,3,160
54450020,392,271,2,273
66000057,36,24,1,25
76210017,180,133,0,133
11810775,401,10,0,10
86830027,2068,309,4,313
86741084,103,56,4,60
76321166,626,463,10,473
10851184,200,135,2,137
43581933,659,394,2,396
43900130,723,700,11,711
11770332,692,428,9,437
11801001,162,105,4,109
11772008,318,229,3,232
86740814,942,600,19,619
33250733,1193,1103,8,1111
65350155,61,47,0,47
11620561,580,312,15,327
43581595,295,188,4,192
54570090,858,405,9,414
76140918,857,515,4,519
33010658,3710,3266,12,3278
10650046,597,376,5,381
43581258,250,151,8,159
76480522,1315,624,5,629
43690978,865,648,26,674
76260281,1401,711,4,715
76360013,627,399,0,399
11070458,309,251,6,257
98420069,696,441,5,446
54540514,1068,840,7,847
97100243,2161,1890,1,1891
10270011,2209,1400,24,1424
44030078,3412,2342,0,2342
86900115,1761,1010,70,1080
43361872,3246,2247,21,2268
54220317,425,367,3,370
86870087,1755,1270,6,1276
10840216,330,176,4,180
86552680,161,80,0,80
43690114,958,714,2,716
76220681,1151,728,7,735
76160774,909,476,11,487
76170326,868,477,2,479
32871405,1915,1772,12,1784
76280261,663,361,8,369
33090487,1381,1150,7,1157
54140093,2088,1607,21,1628
54260209,1042,874,14,888
11620695,441,278,5,283
76500200,1161,330,6,336
11080741,122,82,1,83
76480993,311,157,0,157
43503409,558,420,1,421
33260396,1042,923,7,930
10940341,413,264,3,267
11771827,657,429,12,441
10940565,266,174,0,174
32860379,3828,2796,11,2807
86741949,431,268,4,272
10841059,341,244,5,249
32870336,4039,3085,9,3094
43993828,362,279,1,280
76260078,973,549,6,555
54590137,1541,1026,12,1038
76480892,767,514,10,524
76510447,392,246,1,247
76300174,1224,700,10,710
22110084,43,18,0,18
11752141,347,239,6,245
76400513,751,662,11,673
43360444,2960,2056,17,2073
22421506,451,309,11,320
11570330,585,344,3,347
76480869,352,209,2,211
11760218,476,181,4,185
11751904,169,112,0,112
22720025,1915,1307,4,1311
32950155,2043,1551,9,1560
10870444,533,403,5,408
21870435,1978,1456,23,1479
43581012,315,200,2,202
10880052,277,200,5,205
76350258,450,273,7,280
86554345,370,302,6,308
11390532,644,390,9,399
43412576,1965,1285,14,1299
76220502,1480,752,5,757
97141158,3719,3297,4,3301
11751409,764,523,12,535
43371514,3233,2231,8,2239
33030447,3500,2640,32,2672
86743334,502,340,5,345
33170071,522,324,2,326
76330177,1087,669,6,675
86741950,1225,825,13,838
43960114,874,760,5,765
32930074,1882,1318,11,1329
76260416,258,171,0,171
10430198,1784,1373,17,1390
21890022,1234,973,8,981
65140084,1858,1288,18,1306
76321302,256,129,3,132
43371413,3984,3007,67,3074
10890378,379,259,1,260
10950252,187,128,6,134
76200724,260,182,0,182
86740353,966,600,8,608
22410313,185,128,2,130
43582754,1047,702,16,718
43361186,3434,2705,50,2755
43770090,331,237,7,244
76320705,619,330,3,333
86662277,558,327,5,332
21860186,2078,1351,0,1351
11750431,880,458,6,464
76250718,227,129,3,132
11610728,377,249,1,250
97140821,2665,1965,8,1973
43417560,165,109,1,110
54790421,2948,2215,10,2225
11100193,473,453,2,455
22510033,2024,1351,9,1360
33220011,1019,705,2,707
11600367,722,426,3,429
43626001,386,360,12,372
98400089,3274,2775,3,2778
32951088,2323,2170,4,2174
10710032,576,480,0,480
33310167,375,278,3,281
11370046,144,108,1,109
76150841,355,293,13,306
22640048,139,90,0,90
86551612,940,616,17,633
43600306,1551,1478,26,1504
21870446,1413,962,11,973
32890417,1753,1708,15,1723
43415692,213,141,1,142
11810652,386,234,0,234
97140708,2724,1904,43,1947
11620617,590,416,7,423
76250156,733,429,5,434
97140405,2296,1593,14,1607
11790503,173,114,10,124
32980057,4844,3988,10,3998
43620061,254,189,2,191
98200010,250,179,0,179
43992423,466,288,2,290
65330074,80,84,1,85
43620623,562,412,7,419
11630304,368,222,0,222
54790397,2273,1575,5,1580
76310131,896,466,12,478
43370478,2736,2207,12,2219
10300396,1015,1001,5,1006
76150559,825,494,8,502
43770595,517,296,6,302
11800707,493,316,2,318
76520066,115,91,0,91
32862427,984,820,4,824
43990937,486,326,4,330
10910472,235,139,4,143
10871221,249,157,6,163
76060212,1276,769,9,778
76341078,353,270,3,273
32930030,3226,2343,23,2366
43990083,378,241,5,246
10770049,814,630,10,640
76270406,286,168,4,172
43691496,574,467,6,473
32860593,2022,1478,12,1490
22430359,50,40,0,40
86990765,259,209,1,210
54910357,2306,1619,15,1634
32930715,2591,1720,16,1736
76300411,1140,580,12,592
86900261,1262,866,14,880
86554165,204,219,8,227
32860335,5599,3613,24,3637
43691889,1940,1397,21,1418
43625639,567,434,7,441
97093301,1187,1104,8,1112
11080785,271,146,3,149
11800055,685,443,6,449
11810506,282,161,4,165
43360488,1648,1194,18,1212
11600974,410,229,5,234
54680418,47,25,1,26
98190029,434,322,1,323
76480049,341,186,0,186
43390199,2530,1931,10,1941
76390016,316,202,3,205
11070975,267,192,3,195
97830153,212,147,1,148
43415603,261,191,3,194
97093312,852,599,12,611
44060015,2066,1381,16,1397
76170214,1389,952,20,972
10790243,296,179,5,184
43951271,821,803,14,817
32841008,2423,1636,18,1654
22710024,2243,1599,18,1617
22090036,54,33,1,34
10850925,305,190,6,196
43502464,733,515,3,518
76160279,1759,988,34,1022
43691698,1562,1132,13,1145
22420369,1219,719,18,737
10870781,1042,695,12,707
32862078,2412,1714,12,1726
43582664,387,288,2,290
22600774,736,781,11,792
11780726,610,419,11,430
97141833,2882,1683,18,1701
43993176,204,120,9,129
54410150,598,372,0,372
76351079,296,203,3,206
10830035,924,596,8,604
43400900,1026,1040,0,1040
21870345,2321,1755,17,1772
54650662,1404,1454,8,1462
97091758,4601,3455,37,3492
10590915,1889,1434,29,1463
54220249,1031,752,4,756
43390425,1750,1621,17,1638
86570028,1714,1058,7,1065
43560064,1136,852,1,853
32930591,2517,1581,8,1589
43417986,509,386,4,390
10780051,105,72,0,72
86663076,803,605,6,611
32950492,2959,1983,9,1992
76120095,1103,569,0,569
43774544,223,179,3,182
10820203,925,661,9,670
76340998,470,358,3,361
86991283,717,543,9,552
33010647,3269,2758,6,2764
11631417,246,123,3,126
22110174,80,67,0,67
43411654,1479,1021,7,1028
76150100,693,387,6,393
97120302,2428,1875,2,1877
10250783,2100,1510,23,1533
22650230,227,128,4,132
43990588,707,548,14,562
43410079,435,323,7,330
65520020,318,211,5,216
33250711,2782,1932,1,1933
22720317,792,613,3,616
76251203,503,532,7,539
54540367,394,258,5,263
76250134,1062,558,8,566
10250570,1602,1133,20,1153
43670471,2097,1591,23,1614
54450064,1204,841,13,854
21860546,1701,1140,10,1150
32871438,404,532,2,534
22600819,184,192,2,194
98430060,1409,841,10,851
97120155,2799,2195,4,2199
10870758,700,469,6,475
76060582,459,795,55,850
22020275,829,767,11,778
76290879,527,158,1,159
11620369,389,226,6,232
54210013,1729,1305,20,1325
54740145,910,687,16,703
76360327,988,634,8,642
32952393,182,281,5,286
86550701,193,79,3,82
54790049,2406,1777,19,1796
11580342,726,390,7,397
54680238,1532,1224,5,1229
43501362,209,110,2,112
54330117,2223,1468,15,1483
54910290,867,626,17,643
22600695,633,525,5,530
86660589,965,587,0,587
43360129,4292,2860,70,2930
10870770,1101,815,0,815
43771697,465,338,5,343
76250673,616,313,4,317
43360703,3772,3226,16,3242
54650314,1469,808,10,818
11591401,309,160,3,163
10591051,2752,2183,30,2213
97090319,2055,1441,0,1441
76341045,241,176,4,180
22310053,1768,1283,13,1296
10710010,1530,1097,31,1128
43620926,725,478,13,491
76370823,815,480,9,489
22120120,280,161,2,163
32940536,1413,1072,8,1080
33000411,655,572,7,579
86663032,1777,1228,19,1247
76140615,1448,854,18,872
11080583,134,99,1,100
76320817,1594,891,6,897
32953136,476,492,14,506
22750231,699,511,8,519
32980226,2619,2192,5,2197
86770053,1850,1116,26,1142
10851038,403,258,6,264
43621477,1090,730,13,743
32890439,3701,2415,25,2440
65440458,2358,1732,17,1749
43600160,915,718,13,731
76150346,918,700,0,700
97130965,1478,1089,10,1099
54910065,1989,1356,12,1368
11760263,1547,924,5,929
65340020,85,72,3,75
11771412,617,420,5,425
43991499,385,225,0,225
86742669,515,341,7,348
22020242,701,507,15,522
54910683,330,295,2,297
76260180,1360,682,7,689
43361490,1152,948,21,969
65600018,2620,1733,49,1782
76320053,512,255,8,263
33270151,1838,765,12,777
43580415,409,348,4,352
65010046,174,101,0,101
76210512,888,459,6,465
43417324,189,148,0,148
11570587,700,344,2,346
43410080,1220,746,8,754
22100016,151,84,1,85
32952102,2641,1280,22,1302
86680064,920,890,5,895
21870222,1604,1014,28,1042
22410357,234,160,0,160
97830164,423,240,0,240
10860094,533,307,2,309
86820408,266,129,2,131
11390127,918,532,18,550
32840984,2186,1587,18,1605
86552792,558,274,19,293
43500305,249,163,2,165
11770859,596,334,5,339
54620793,343,280,7,287
11220017,1350,797,10,807
11770365,604,365,9,374
43503005,217,148,0,148
43414185,203,177,1,178
76170506,1074,647,2,649
76090316,554,652,7,659
86660062,342,194,5,199
76101308,555,393,1,394
22370026,1154,792,14,806
76080618,368,374,8,382
22330077,663,559,15,574
43950618,2533,2087,16,2103
22430124,223,140,4,144
11772075,275,189,3,192
43400113,1942,1550,21,1571
76330469,982,623,9,632
97820073,494,271,2,273
97860088,824,561,9,570
86553579,375,227,3,230
76440056,2339,1485,21,1506
43411878,1323,781,17,798
65440706,627,1066,8,1074
10820832,855,657,6,663
22210153,522,1172,27,1199
43504871,399,291,12,303
43370625,2616,2085,2,2087
86870144,2012,1497,23,1520
87020344,4199,2394,25,2419
76371082,210,166,4,170
22590110,1384,909,22,931
10250468,2437,2220,10,2230
43504488,310,271,5,276
43411452,331,198,0,198
43622221,628,458,8,466
22120029,335,199,4,203
54210271,325,343,5,348
76480487,943,533,7,540
97200176,2662,1810,11,1821
98100121,238,141,1,142
43990533,973,642,12,654
43620410,747,610,2,612
54750056,1094,1098,13,1111
10920406,214,140,5,145
76220333,1544,991,7,998
11761141,170,120,2,122
10920035,465,316,5,321
86550756,1012,769,8,777
32851098,3656,2699,15,2714
97100074,2710,2376,6,2382
54900042,1493,973,17,990
22110310,81,55,0,55
22050021,461,358,6,364
76340729,888,526,14,540
21870176,2103,1326,26,1352
65690073,18,20,0,20
43730041,1880,1438,2,1440
76321414,284,226,0,226
76221165,372,343,6,349
43500046,249,135,2,137
43583137,744,599,5,604
43480324,4120,5564,22,5586
76220085,809,523,1,524
32860986,2506,1634,23,1657
43992096,665,499,6,505
22670018,1728,1149,24,1173
76251191,380,370,4,374
43690743,1225,819,10,829
10850981,462,331,2,333
11761129,267,200,4,204
86740971,2195,1312,32,1344
11830698,733,538,6,544
86553063,819,473,10,483
11800673,285,179,2,181
11772086,338,293,9,302
97220134,658,432,17,449
54880667,404,373,4,377
43417515,366,302,2,304
43500361,592,353,7,360
65470046,897,609,1,610
76210433,969,601,16,617
22650049,52,32,0,32
10850554,310,189,8,197
32861178,2173,1698,13,1711
10841329,345,229,2,231
76170393,1412,846,9,855
86740364,485,317,2,319
43584082,683,568,5,573
86990361,167,104,1,105
11580465,397,236,0,236
86661579,1504,1021,9,1030
22340090,1269,930,16,946
97141259,2599,1591,19,1610
86550666,943,458,10,468
11810933,170,108,1,109
76190070,1025,602,3,605
33140034,798,599,2,601
33020121,2676,2068,20,2088
54720132,357,295,1,296
76470217,381,339,1,340
97290018,1885,1304,16,1320
43418662,411,373,5,378
43370377,2281,1719,17,1736
76280159,1063,658,6,664
98310034,729,486,12,498
86554086,327,184,1,185
76100228,1397,762,6,768
10250626,1996,1490,10,1500
86552848,697,426,10,436
32950087,4278,2775,12,2787
76380127,560,266,4,270
54140150,1929,1553,107,1660
97310033,90,105,1,106
43500642,983,694,2,696
76130063,402,214,0,214
76290026,638,336,3,339
43994346,346,245,6,251
76290240,756,313,5,318
86580197,383,298,6,304
44050025,3126,2430,21,2451
33200031,785,627,1,628
11760397,474,315,3,318
76090327,1064,1033,10,1043
43774858,263,193,0,193
86551230,1889,1180,21,1201
86991339,1283,843,6,849
22790033,1962,1217,26,1243
54620153,1669,820,20,840
97860022,1048,637,16,653
11610638,504,329,4,333
10930205,55,36,1,37
97090364,2292,1799,22,1821
76150807,444,337,1,338
11071718,243,161,1,162
43480032,1608,1351,6,1357
43416277,350,269,0,269
76340875,215,139,0,139
43690305,199,134,2,136
11770590,472,302,9,311
43415119,513,338,2,340
76450440,617,467,5,472
86740511,1786,1031,39,1070
98380402,1066,798,15,813
76480397,250,129,3,132
76540068,295,161,3,164
43417920,472,384,5,389
10850363,375,244,5,249
43994212,267,194,2,196
65500062,79,35,4,39
32890406,2183,1674,11,1685
32870303,1612,1370,5,1375
11600569,448,256,4,260
76520022,674,374,6,380
32961023,630,590,6,596
43390920,1604,1259,24,1283
86900283,1114,845,13,858
22320021,2039,1309,18,1327
54410464,205,253,1,254
11600345,651,361,3,364
43991174,962,637,6,643
86991610,575,415,6,421
97120076,1584,1534,10,1544
43400371,3523,2835,44,2879
22420268,1414,751,8,759
43414141,738,463,3,466
86910521,393,386,2,388
11830159,622,448,4,452
86743604,128,54,0,54
54330140,1003,762,11,773
33030188,2512,1778,14,1792
54490024,998,577,6,583
43621365,839,558,10,568
97280107,2507,1950,7,1957
22810148,157,109,0,109
32871113,3243,2543,23,2566
43583474,855,711,0,711
43600058,3564,2542,33,2575
86760018,865,519,4,523
11570228,537,337,1,338
43501429,615,474,4,478
22320111,1362,1140,18,1158
43400584,2561,2187,41,2228
43418460,669,889,6,895
43980015,1547,1360,3,1363
86663380,980,635,7,642
33070148,2032,1649,111,1760
11070133,400,263,6,269
98430262,1302,861,12,873
76490433,143,103,1,104
76260393,234,202,7,209
10840430,556,355,9,364
76210141,653,416,2,418
32960785,1352,1012,6,1018
22421045,1168,715,16,731
11631248,172,106,3,109
65440650,733,594,10,604
86990316,1471,959,2,961
32940671,1116,857,9,866
22360014,559,421,7,428
65010103,44,30,0,30
76320367,949,692,12,704
97710082,2090,1327,11,1338
43580695,1778,1446,13,1459
10940161,434,277,0,277
44010021,845,539,4,543
21870671,841,747,9,756
22410076,247,205,1,206
97710048,3282,1550,40,1590
22110185,203,129,1,130
97950077,3866,2327,40,2367
97540296,1059,761,12,773
11820204,951,619,7,626
54230194,1093,886,14,900
11811080,445,257,4,261
76360057,714,424,9,433
54740011,2125,1475,3,1478
54220261,232,191,5,196
97100052,2684,2212,5,2217
54580103,900,596,10,606
43500451,757,390,4,394
65620021,1853,1434,21,1455
54260243,903,695,9,704
43530027,1758,1352,0,1352
43620612,803,572,0,572
22600279,1664,1097,22,1119
11690029,410,407,8,415
43414343,585,280,2,282
32910308,7293,3722,35,3757
54540828,197,200,6,206
33110143,1045,704,15,719
43622041,1267,943,26,969
43583328,1040,844,19,863
76380239,529,346,6,352
86660927,976,682,14,696
43950483,1889,1407,6,1413
43773464,395,260,3,263
43414488,960,695,17,712
43600328,573,477,7,484
76220108,723,408,6,414
22060055,845,587,6,593
86553456,415,243,2,245
54890736,480,360,4,364
32931042,266,265,2,267
22400390,74,51,0,51
10870578,914,584,2,586
32860122,4090,2296,20,2316
11590376,500,302,2,304
32951437,2129,1481,19,1500
76160808,617,420,8,428
65440313,3351,2209,11,2220
76210916,1085,603,8,611
43620184,346,246,4,250
10251504,1816,1362,17,1379
43480076,2926,1640,18,1658
97830018,465,228,6,234
11831138,175,109,0,109
54590250,864,586,7,593
43580112,330,196,5,201
43371457,2092,1541,19,1560
43622849,1150,730,9,739
76230143,692,401,5,406
43775095,367,337,6,343
43411227,313,203,3,206
43775006,228,176,1,177
86710013,1807,1072,19,1091
86870201,1536,804,13,817
43416143,1206,908,13,921
22310064,132,99,0,99
76360473,1057,576,5,581
43390054,1947,1381,25,1406
98430082,1006,649,1,650
11590725,323,163,5,168
43370670,4278,3326,31,3357
11570217,700,373,5,378
11830609,474,296,2,298
97141417,3472,2380,2,2382
54410408,136,131,2,133
10850857,173,106,2,108
76300343,1375,792,5,797
76290880,520,170,3,173
54620186,894,409,6,415
32860043,3149,1955,13,1968
43503858,644,441,4,445
43691654,618,365,12,377
97780034,399,346,1,347
76260438,428,333,0,333
22020095,1041,639,109,748
11610852,296,200,0,200
11100317,220,138,0,138
76370148,1471,792,7,799
10840036,832,606,4,610
43775286,516,535,7,542
86992408,692,428,12,440
33030379,3711,2656,37,2693
86661276,499,298,7,305
22770019,1172,801,15,816
43692767,1233,983,9,992
10810167,498,288,10,298
76390162,977,605,12,617
22120041,207,143,5,148
43502026,866,576,5,581
43413948,555,255,4,259
76220434,1649,828,10,838
43622726,586,388,0,388
11070863,321,209,3,212
43370186,2578,1897,6,1903
43992614,1158,894,21,915
97110301,2238,1922,5,1927
86870155,2130,1548,26,1574
76360204,584,382,0,382
97540139,2030,1466,13,1479
11600873,671,421,42,463
54830044,2604,1971,33,2004
98380121,2659,1870,9,1879
76360721,566,366,8,374
97120559,885,701,11,712
33270263,1718,1020,14,1034
11631642,154,84,2,86
97142665,1477,1211,9,1220
54210125,431,326,6,332
10810303,564,295,6,301
32860515,2078,1556,17,1573
43410260,1079,673,9,682
43990599,2153,1575,34,1609
43503229,606,453,2,455
44070050,1695,1403,8,1411
33010399,1644,1031,55,1086
65790018,1788,1126,18,1144
76100734,1065,600,7,607
43411182,515,353,0,353
43625853,328,265,1,266
10870411,469,296,2,298
32862955,2503,1889,16,1905
43361670,1518,1290,18,1308
32910274,3477,2418,33,2451
65090314,16,16,0,16
22670052,810,503,2,505
22600370,1496,913,22,935
43950630,1667,1466,21,1487
43621916,299,236,3,239
97110288,3354,2084,0,2084
11580218,468,269,1,270
11780614,299,220,3,223
65300026,32,26,1,27
97120245,2310,1533,16,1549
11821294,706,470,7,477
33270173,1641,869,5,874
22820318,92,78,0,78
97130426,2478,1980,11,1991
76360899,251,202,2,204
43625763,205,150,3,153
43418684,380,305,4,309
43412251,934,717,6,723
76330379,792,512,9,521
76220827,598,341,1,342
76290981,143,108,2,110
86662581,440,185,10,195
11771962,636,414,4,418
97142047,1442,1115,14,1129
10940756,380,246,1,247
97830210,325,175,3,178
11760825,192,99,0,99
43775488,104,89,6,95
76350742,793,454,8,462
54570102,855,546,4,550
76520145,357,281,3,284
76250831,917,727,12,739
11610245,1038,681,10,691
86743749,446,373,4,377
22120300,150,128,0,128
33000444,2654,2234,27,2261
11780557,272,167,1,168
76251180,40,42,0,42
43583755,268,220,4,224
86990372,230,140,1,141
97380018,1155,724,14,738
22600662,641,504,3,507
32870875,2249,1328,12,1340
97110323,3819,2750,13,2763
86742311,307,215,6,221
43900196,453,336,4,340
76260472,277,193,0,193
11800583,606,371,3,374
11830047,508,345,8,353
32952528,1103,1136,2,1138
43740042,1242,1006,6,1012
43991871,145,104,1,105
76190384,1288,735,20,755
43350049,2868,2722,14,2736
11750475,1903,1106,18,1124
11800022,266,171,1,172
43950012,2109,1400,27,1427
22740050,1725,1120,20,1140
54910436,1201,838,5,843
76150649,504,312,7,319
43501160,1060,651,9,660
76110230,704,536,6,542
65240018,1790,1308,9,1317
43994649,659,671,6,677
86662659,335,224,8,232
33030335,3424,2096,29,2125
86991014,551,411,2,413
43412914,972,750,3,753
76200375,1230,794,13,807
76120062,355,176,4,180
10820337,502,311,5,316
97090601,2662,2151,8,2159
10950195,61,45,2,47
43740187,2677,1313,3,1316
32890899,1786,751,11,762
43504477,421,338,0,338
10820472,688,512,4,516
32952113,3726,2054,32,2086
43400810,1292,1060,12,1072
97710037,1676,1090,9,1099
43773587,1831,1280,28,1308
54510117,600,511,9,520
76270349,1713,1214,12,1226
86660354,1139,678,11,689
43622636,449,340,2,342
11601098,301,174,2,176
76211030,1159,662,9,671
10100192,983,768,12,780
65760037,267,188,10,198
97090083,1976,1197,13,1210
11630292,718,388,5,393
86740881,1041,676,12,688
86991632,547,367,8,375
32950504,2690,1990,5,1995
33240125,1903,1338,15,1353
43502149,501,412,8,420
43503454,262,202,1,203
43414220,1299,946,14,960
32861886,1958,1566,16,1582
86740386,581,384,11,395
11480026,213,111,1,112
43994357,324,249,2,251
76390218,1499,834,9,843
97140023,4162,3496,0,3496
43621893,245,210,3,213
43504309,252,211,1,212
76500334,367,310,2,312
33020558,1844,1803,8,1811
76140457,787,482,7,489
54160017,1810,1089,13,1102
86550611,489,305,1,306
76200735,217,211,2,213
97091332,2790,2086,7,2093
86740566,946,549,29,578
11230063,420,279,4,283
43413915,732,428,10,438
32861796,1516,1151,6,1157
43417706,981,701,13,714
43415041,657,441,3,444
10590612,1280,790,9,799
86742254,68,23,0,23
11810113,851,460,8,468
21870299,1111,825,10,835
43390223,2739,2333,21,2354
11820181,603,309,3,312
11580690,350,246,15,261
10810471,491,326,1,327
86850018,2058,1404,4,1408
65030105,31,24,0,24
54660180,137,111,3,114
43480379,783,923,7,930
33240305,1496,840,7,847
11390576,570,359,4,363
10950308,569,413,5,418
43501227,1405,817,17,834
43772036,896,621,10,631
76321054,792,467,5,472
11771018,826,522,12,534
32950997,4774,3545,8,3553
11600244,509,290,3,293
10880063,289,160,3,163
76490208,642,369,26,395
10840249,239,160,3,163
11760296,507,242,5,247
11650373,671,410,7,417
43994458,117,91,0,91
76221110,347,212,3,215
22650421,231,131,9,140
43670550,2353,1710,31,1741
76371071,115,95,0,95
76100048,1232,746,12,758
10870512,327,213,9,222
86820150,135,59,1,60
21930049,916,540,4,544
43990241,912,690,5,695
76250044,1200,696,16,712
43994773,577,477,50,527
32930490,2487,1783,16,1799
97800105,2448,1067,10,1077
11781176,685,504,6,510
11750701,140,93,2,95
86991171,1936,1062,16,1078
54870060,1233,999,11,1010
11780580,253,167,3,170
43414129,613,377,7,384
32871089,2973,2225,5,2230
22421359,216,175,9,184
32890147,2939,1914,26,1940
76310445,338,226,5,231
11831385,302,229,5,234
11811192,260,183,3,186
43840043,1369,1183,8,1191
11630573,558,292,8,300
76340572,190,73,0,73
86992925,434,312,1,313
97110491,511,396,8,404
10841239,200,128,2,130
43371031,4165,3118,46,3164
43580257,237,159,3,162
11560205,1177,647,10,657
43480256,1882,1721,16,1737
97092401,1410,1042,13,1055
65580037,1592,1216,13,1229
43590090,2785,2111,50,2161
76270417,1067,536,13,549
97090948,2767,496,9,505
76160099,1329,854,26,880
10890154,740,534,4,538
97091534,2798,1719,22,1741
10080076,921,700,7,707
33240394,455,237,2,239
43691317,1116,733,9,742
33110110,297,204,5,209
65440076,2264,1625,23,1648
54540491,605,505,9,514
54680384,187,153,12,165
43900174,677,532,8,540
76360338,649,450,7,457
21861154,1295,926,24,950
76290251,1124,310,3,313
32931020,541,581,2,583
22080169,138,100,1,101
33020345,4241,3399,36,3435
43582530,936,651,12,663
11800639,448,299,2,301
11570992,151,85,2,87
22470038,1554,995,13,1008
22700045,1526,922,24,946
43993772,754,553,8,561
76480599,1115,638,3,641
43371930,1311,1079,13,1092
33020402,1408,1155,6,1161
11751522,335,232,4,236
43411643,837,671,7,678
43770944,603,500,4,504
43390885,2310,1742,39,1781
86991452,291,175,0,175
43994324,334,245,2,247
43390212,2388,1873,3,1876
33010670,3957,3020,10,3030
98080083,758,833,3,836
86910172,1745,1079,15,1094
10390025,682,466,5,471
32870358,5091,4417,3,4420
22200040,1173,754,7,761
86680019,1697,1211,6,1217
54540132,2544,1589,19,1608
76160134,640,314,13,327
86550677,826,485,3,488
43411913,774,601,6,607
76100835,995,629,4,633
10870882,453,316,5,321
11460248,201,120,7,127
76430055,578,488,3,491
10790355,264,146,2,148
76100947,1548,843,9,852
43418752,214,150,1,151
43412486,724,453,7,460
65530021,3178,1974,35,2009
11771771,288,186,0,186
32850468,4351,2090,4,2094
21861200,424,402,1,403
43418279,298,228,10,238
86741040,1180,695,11,706
76120242,291,188,2,190
10870321,752,485,13,498
10820742,367,253,3,256
32980440,708,820,4,824
76321245,409,273,6,279
54140082,2461,2085,29,2114
76340314,441,168,0,168
11230029,1960,1311,14,1325
86992824,490,370,8,378
11071505,525,381,3,384
54890343,348,235,2,237
76290666,757,369,4,373
22720115,1240,842,0,842
65520086,478,219,3,222
97142092,2660,2218,19,2237
33270331,1015,934,0,934
33061283,430,760,11,771
86551151,1619,918,22,940
86670197,1517,1116,8,1124
97110468,884,835,1,836
43770102,578,394,5,399
86580209,220,162,0,162
11390273,324,173,3,176
76130300,1078,583,11,594
43500608,951,624,3,627
76481040,340,211,2,213
32840849,2396,1738,13,1751
97130628,1528,1134,22,1156
11390385,779,541,3,544
98380356,1661,1176,88,1264
10880074,81,63,0,63
10820348,611,392,3,395
43774386,653,481,9,490
10871434,137,104,1,105
22350057,606,486,9,495
43413139,238,144,5,149
86553524,229,167,9,176
43361748,2092,1370,14,1384
43580505,472,387,6,393
43584105,312,224,4,228
86661568,1702,1076,11,1087
43500136,1326,993,15,1008
10590465,1461,1001,10,1011
43582967,562,577,0,577
43410484,280,139,5,144
76140525,1506,734,10,744
10820573,251,150,1,151
76510379,469,246,4,250
11800561,496,292,10,302
11601155,203,124,1,125
43950281,1774,1464,5,1469
43503319,657,431,11,442
11080651,463,314,4,318
11800066,368,187,3,190
97100276,2714,2131,8,2139
43693106,193,146,2,148
43773475,327,228,5,233
97540050,623,327,3,330
76100307,1292,634,7,641
33080116,2378,1621,26,1647
43994098,2772,2110,60,2170
11640035,357,225,2,227
11080055,591,362,6,368
22420190,1059,654,16,670
76340943,485,323,3,326
54910447,1012,693,12,705
86991373,2167,1223,16,1239
76160077,1329,726,16,742
86661704,1149,752,14,766
43991376,716,530,3,533
86740241,1428,767,17,784
54650730,441,474,7,481
22600381,2269,1515,25,1540
43501047,463,298,8,306
10910843,360,296,0,296
76340426,869,450,9,459
33030593,680,693,8,701
86741343,1233,769,0,769
43360028,3506,2969,45,3014
11610492,716,470,20,490
86662974,1854,1004,19,1023
43390267,4780,3925,0,3925
11560328,2164,936,3,939
76400018,685,423,6,429
11630786,485,271,5,276
32960549,1243,1008,4,1012
86554244,379,293,50,343
76360686,146,80,0,80
43691856,1257,979,16,995
43773699,1477,1125,2,1127
97200143,1341,784,18,802
11621045,104,75,0,75
43504848,140,118,0,118
11080819,195,129,4,133
97090735,1957,1567,10,1577
87010073,1799,807,18,825
10570069,1488,717,10,727
11591300,122,73,1,74
43560097,1370,1087,6,1093
54320172,439,436,3,439
43412835,2196,1639,24,1663
43390795,3220,2501,8,2509
11591298,155,94,3,97
32951178,2435,1855,4,1859
43584060,1434,1197,20,1217
43370872,1293,963,9,972
22720294,549,442,0,442
32870066,3089,2517,9,2526
10810617,580,327,5,332
43410754,346,250,2,252
76300422,930,461,8,469
97140247,1712,1222,17,1239
43622096,657,489,8,497
98400247,2082,1484,15,1499
54540862,481,412,10,422
21990045,1521,1167,31,1198
11620886,319,223,4,227
11830250,505,333,2,335
97141697,1665,1089,15,1104
98410091,1409,959,7,966
54830077,1416,1360,10,1370
11570105,661,441,7,448
43773835,595,503,6,509
43950304,1882,1228,5,1233
32860177,850,659,1,660
22400299,248,186,7,193
43410417,644,463,8,471
10790210,477,285,7,292
43361614,2152,1460,26,1486
86741332,514,327,7,334
33090050,1956,1527,9,1536
32890350,1497,1027,4,1031
10820067,343,265,4,269
43350544,1439,1258,16,1274
76481152,399,328,4,332
43620746,759,520,0,520
98420126,321,245,1,246
54610455,283,263,6,269
43620296,513,353,4,357
10430097,461,287,2,289
97520250,1248,756,8,764
86820240,229,144,2,146
43414624,1134,871,15,886
10110058,1665,1402,29,1431
76290611,993,370,8,378
97090218,2266,1428,18,1446
32861246,4200,3019,0,3019
54610400,285,346,4,350
33030548,1135,1000,9,1009
10820326,666,471,4,475
43390593,1436,1212,0,1212
10920013,1014,668,12,680
97800127,2208,1064,10,1074
43622276,1241,872,17,889
21861615,722,624,11,635
11810168,408,189,5,194
97640017,2041,1350,11,1361
10871276,544,357,5,362
10110036,1635,1203,19,1222
76370711,371,176,3,179
76160404,562,366,7,373
11780748,749,520,9,529
32850446,3128,1700,25,1725
11811103,189,127,4,131
43583160,587,491,20,511
43625213,364,252,2,254
22590064,1921,1210,10,1220
33240181,1547,934,11,945
10920248,315,202,2,204
10560024,1313,895,9,904
11770118,1479,814,8,822
32890844,796,607,22,629
22400378,486,327,9,336
76160651,660,414,9,423
86590154,1847,1342,33,1375
54230138,724,636,4,640
11590411,339,202,6,208
11820956,457,318,7,325
22100128,349,205,5,210
33060338,2512,1812,13,1825
11831510,276,234,0,234
43772744,678,487,3,490
32952067,3569,2438,15,2453
66000035,35,23,1,24
43950562,1749,1429,13,1442
43900152,1072,894,23,917
43503308,174,136,2,138
43580673,2192,1631,19,1650
10250345,4455,3174,0,3174
86742546,156,92,2,94
33190084,1394,1438,5,1443
86910082,2282,1544,18,1562
86741703,285,168,2,170
10820360,956,747,6,753
11610841,714,419,10,429
43504084,161,114,0,114
43622872,358,244,0,244
76090091,2738,1821,19,1840
10850138,509,357,3,360
76130120,486,281,2,283
86662143,2077,1442,25,1467
76490286,700,481,5,486
22400345,195,139,1,140
76100802,1489,927,12,939
11040040,850,652,12,664
76290116,738,391,5,396
11590905,276,180,0,180
10840597,457,276,39,315
43501003,1061,672,18,690
54620344,923,352,8,360
33020581,4119,3361,17,3378
43371255,6656,6009,77,6086
65800043,106,103,1,104
43900051,3614,1973,14,1987
43504219,404,304,5,309
86550813,1644,75,1,76
54620478,123,71,0,71
11030016,1341,815,14,829
33260352,751,723,5,728
11830430,607,396,8,404
97130134,1616,1277,4,1281
76341135,80,68,1,69
21930038,1936,1393,12,1405
43414163,876,571,16,587
76270338,445,280,2,282
54570326,1565,887,12,899
76320749,882,591,4,595
86840062,843,519,12,531
54880252,758,545,1,546
43480335,716,681,1,682
22760029,1581,1050,15,1065
43415726,1346,1032,17,1049
11790637,419,263,6,269
10700019,646,449,4,453
33020266,1606,1400,16,1416
43411216,499,378,13,391
11771029,586,344,4,348
22430146,98,56,2,58
54320161,637,607,16,623
87020445,2470,1647,5,1652
76360732,450,312,8,320
43622355,876,660,8,668
10570047,1516,875,13,888
32951022,3219,2377,15,2392
86662907,612,408,10,418
43361669,2348,1849,20,1869
43417885,518,422,5,427
86662615,888,585,19,604
11080268,722,498,9,507
86821128,1526,1492,26,1518
22410335,209,104,0,104
43362019,313,141,2,143
43990353,1420,1133,17,1150
22421179,212,141,2,143
11100069,346,206,1,207
86990428,477,267,6,273
76220940,570,348,4,352
54650392,2297,1792,16,1808
86820194,350,236,0,236
43774689,331,254,14,268
32861088,1852,1491,22,1513
76290813,1459,508,6,514
43580314,1091,943,0,943
86992015,334,176,10,186
11591232,398,244,1,245
54620210,1879,1032,23,1055
32890046,2943,2296,8,2304
11770051,959,444,3,447
76370429,276,261,7,268
54880511,769,615,10,625
10820494,200,132,2,134
97092030,2733,2010,29,2039
76260102,631,379,2,381
10450044,95,43,0,43
76230356,382,153,3,156
43583261,274,166,1,167
22200130,1632,1179,32,1211
43480290,1679,1621,16,1637
76211670,295,251,1,252
43621747,444,294,9,303
10840115,383,247,7,254
86630014,1773,1146,0,1146
10670431,545,497,4,501
43360343,1362,716,8,724
11800011,509,348,2,350
54620232,235,80,0,80
43690967,931,713,6,719
22120254,120,95,0,95
22421438,257,202,4,206
22090227,103,76,0,76
11070256,458,308,6,314
11750925,677,469,10,479
43415894,664,517,11,528
76140479,1261,840,11,851
76220861,1269,726,6,732
97100311,3325,2359,12,2371
76220906,811,450,4,454
11591209,328,205,1,206
43370322,2481,1691,22,1713
22600303,1932,1371,9,1380
11810450,606,377,1,378
54610567,222,261,5,266
97141552,1291,926,5,931
11210027,1714,1161,17,1178
86741400,1072,686,20,706
10840148,312,208,10,218
43580055,668,413,1,414
76450439,673,693,7,700
76291050,167,173,0,173
11820428,619,349,14,363
76520101,606,419,6,425
33240248,913,545,11,556
76150391,1630,879,15,894
11780838,347,263,3,266
97140843,1575,1369,7,1376
11751566,651,486,15,501
33200075,319,237,0,237
86743132,296,214,8,222
65330164,56,36,1,37
76290374,1325,457,6,463
76400377,1211,736,5,741
54880410,1735,1397,31,1428
54540558,943,768,12,780
76160415,1375,824,23,847
86990068,542,363,3,366
76130670,200,129,0,129
43690518,1285,931,0,931
11590477,532,307,6,313
11750262,445,265,9,274
43417043,1189,1017,11,1028
86991384,215,321,6,327
11751836,724,463,12,475
76160123,1877,1068,16,1084
21861839,491,573,21,594
43417773,519,314,10,324
76211096,865,535,6,541
65250019,1217,891,8,899
33050056,2158,1406,7,1413
11460338,266,158,0,158
11590286,650,392,7,399
98250026,2449,1611,25,1636
11590073,498,294,4,298
97141743,2945,2093,27,2120
76400535,172,146,8,154
86552398,284,123,7,130
76190193,1446,875,16,891
86991597,2187,1396,22,1418
86663234,80,74,2,76
54760035,1421,959,3,962
86661467,663,445,5,450
76211029,1312,400,2,402
76230299,439,205,3,208
11071482,300,220,5,225
54540121,2223,1478,32,1510
76220850,618,416,4,420
22170068,1215,929,17,946
10520020,888,627,3,630
54650055,2726,2043,36,2079
32940930,570,704,11,715
21861198,1202,912,11,923
65160020,729,572,5,577
10930159,508,342,1,343
11770488,337,179,1,180
22650241,291,127,0,127
76190632,208,172,3,175
10300284,3742,2613,44,2657
43501508,1280,801,6,807
64930024,183,134,1,135
76170067,545,336,1,337
43417504,523,399,8,407
97092423,1968,1489,10,1499
76160426,1788,1262,20,1282
86992701,387,357,0,357
97142058,2678,2110,24,2134
86660488,996,505,9,514
76450068,2135,1127,13,1140
11780658,261,177,5,182
54620311,896,551,15,566
43371671,1279,858,3,861
76300545,590,356,4,360
76290341,960,299,5,304
43625965,1533,1278,33,1311
43371503,3112,2591,19,2610
76210938,882,485,3,488
10810145,429,218,1,219
32910106,3548,2197,42,2239
43416569,449,328,10,338
86730059,3342,2399,21,2420
54890365,705,545,3,548
22200185,926,818,13,831
54680070,2954,1891,40,1931
76180215,212,26,2,28
97142339,1640,1355,4,1359
10890457,197,118,3,121
43410507,1330,952,0,952
22770097,522,391,5,396
11070177,409,266,2,268
11070201,410,276,8,284
43412363,822,495,7,502
11600727,216,114,2,116
33020176,3918,2663,38,2701
43584284,369,265,2,267
43362345,878,924,14,938
11750723,542,346,3,349
76210545,435,273,1,274
86552185,1333,748,20,768
32940840,1139,979,16,995
86840073,293,185,6,191
86741501,91,46,0,46
76141100,214,177,3,180
54420050,383,205,0,205
76211085,2242,1411,21,1432
22600785,967,809,17,826
98050057,3492,2375,42,2417
65900022,2890,2014,28,2042
32841648,2619,2187,16,2203
43413005,379,250,7,257
11070672,272,165,21,186
43361366,1325,1173,9,1182
97710138,1200,904,9,913
11830980,830,595,17,612
76270046,1040,556,0,556
86552961,627,388,10,398
43771620,899,684,9,693
76340123,277,133,1,134
65810033,1316,993,10,1003
86661041,1204,832,9,841
43600272,2202,2062,49,2111
11780243,1188,835,0,835
33120065,732,633,2,635
22270047,1668,1097,10,1107
43994616,406,259,4,263
11820507,910,523,33,556
22430225,213,141,0,141
10251807,2204,1319,7,1326
11830216,776,531,3,534
10100237,540,523,7,530
97091680,2364,1719,20,1739
43900062,1138,821,10,831
22640240,78,46,0,46
86660129,428,263,5,268
33090397,1848,1231,5,1236
43410732,837,497,6,503
76470161,55,64,0,64
32950447,2613,1385,8,1393
43360130,2240,1648,11,1659
76200522,185,134,2,136
54910896,774,679,11,690
76260269,1263,766,11,777
86740948,1086,582,13,595
10870332,408,243,3,246
11761006,601,391,10,401
11631226,372,247,2,249
10590443,2803,1892,13,1905
54650202,2332,1564,16,1580
76060638,392,591,1,592
76340819,191,132,0,132
22110231,134,88,0,88
43994403,338,264,5,269
65350043,100,60,0,60
10940183,563,304,4,308
43362053,3933,3454,45,3499
22630148,96,50,1,51
10770072,411,378,1,379
43950472,3301,2493,5,2498
43503588,505,338,4,342
43620487,570,438,3,441
86742007,218,110,2,112
54910177,1558,908,11,919
43504949,278,228,2,230
11780344,554,276,9,285
22400402,102,56,0,56
86991755,1941,1145,15,1160
43504499,839,674,9,683
10850239,390,242,2,244
11780603,487,308,5,313
43771484,681,650,2,652
97100467,2999,2463,2,2465
43362187,1464,1300,13,1313
86870223,2191,1506,22,1528
86661221,1205,835,4,839
32840546,3124,2292,6,2298
33010850,3078,2227,22,2249
65980132,95,51,0,51
32930153,2508,1929,10,1939
76211490,277,244,2,246
32870864,1723,1260,19,1279
11720056,726,791,14,805
76060076,1355,810,7,817
76170562,1168,938,4,942
43410383,2202,1143,18,1161
10940059,210,120,2,122
76290206,1520,769,5,774
10841138,176,115,5,120
33010951,470,523,0,523
86553917,123,118,1,119
76350191,957,555,39,594
43411126,604,440,5,445
97140595,1615,1103,6,1109
43414691,812,537,13,550
54700095,1456,798,25,823
76110049,1868,1136,1,1137
32940873,3040,2383,31,2414
86553591,284,215,3,218
43360545,2524,2325,27,2352
43361108,2449,1939,15,1954
11781222,248,169,8,177
97141507,3430,2720,23,2743
32871270,954,756,14,770
43390942,3889,3039,57,3096
11590927,342,227,4,231
43772384,579,441,4,445
43360196,646,639,0,639
33020187,3136,2460,18,2478
43992388,268,197,5,202
11750396,213,155,1,156
10840351,427,269,0,269
10790254,402,241,29,270
10870747,711,477,3,480
97090690,2327,1747,14,1761
86552499,639,276,2,278
11740036,513,619,6,625
11690018,1740,1065,7,1072
97540207,952,383,4,387
10870893,455,315,4,319
76290431,901,249,1,250
76080528,200,198,3,201
32840186,3351,2207,11,2218
11800819,271,191,1,192
54890501,729,527,7,534
43415737,1974,1516,18,1534
11620842,229,171,0,171
43417414,1336,1144,23,1167
86551162,874,455,32,487
76100712,1091,718,9,727
33030021,2324,1449,11,1460
54620445,925,622,6,628
10100169,4096,2484,60,2544
10591275,967,784,7,791
11780401,942,532,9,541
11600738,474,226,7,233
43993097,437,237,3,240
86743345,441,287,3,290
32840782,1804,1295,12,1307
10870792,593,371,0,371
10820900,372,288,6,294
11770220,586,343,5,348
22400121,264,173,3,176
97830120,433,263,5,268
76380611,514,394,3,397
10890334,264,175,4,179
76190137,1853,1260,14,1274
76480072,449,243,1,244
11621056,122,100,2,102
86820026,189,68,0,68
22600831,1055,925,12,937
86670311,443,420,1,421
43994199,92,70,2,72
11080370,462,272,5,277
43417223,1119,1051,19,1070
11591052,715,412,8,420
11760049,411,270,1,271
22421449,236,202,0,202
43370108,1773,1229,11,1240
33270184,2379,1610,24,1634
10280012,2565,1569,3,1572
86663201,802,842,10,852
32863136,1997,1572,27,1599
98380378,2474,1877,35,1912
76260506,971,753,3,756
86661052,1898,1265,12,1277
76100510,1254,760,0,760
43950102,2127,1630,15,1645
43625055,1175,924,18,942
43400034,4746,3691,60,3751
43418864,689,669,12,681
76240290,441,271,5,276
10620043,612,518,8,526
43371862,2391,1770,0,1770
86580322,1177,867,21,888
11640473,313,191,1,192
32860997,964,764,15,779
11631675,282,163,5,168
76221086,451,327,0,327
76220164,1294,682,8,690
10810178,628,399,4,403
10251043,2134,1746,22,1768
11771805,758,537,8,545
97130145,3031,2156,4,2160
97800150,1740,1142,8,1150
76360855,365,276,4,280
97310044,581,527,3,530
65440021,2327,1364,23,1387
22110297,159,106,2,108
54840067,638,343,8,351
33060169,3157,2392,31,2423
76100598,515,267,1,268
21861334,298,279,1,280
33010478,1647,1252,10,1262
76140884,550,353,13,366
10850206,487,231,20,251
43750010,715,441,8,449
76450170,2569,1471,10,1481
11200093,1314,876,16,892
65440526,707,550,8,558
10590061,1679,1261,16,1277
21920026,1091,817,24,841
22400367,240,178,4,182
43992816,632,390,9,399
21860265,723,159,3,162
43994076,371,277,3,280
43500215,656,519,3,522
10250884,2216,1852,24,1876
76370801,195,109,0,109
76220490,837,506,0,506
43950089,1390,1073,5,1078
54750045,982,774,11,785
43415827,811,457,31,488
33030403,2692,2183,8,2191
76101072,714,387,7,394
86551982,1314,808,11,819
76210972,356,188,1,189
86580119,1019,496,8,504
43390201,3000,2271,5,2276
86554097,442,383,23,406
11770309,660,387,3,390
76330032,1472,796,16,812
10890525,296,215,0,215
43730030,2021,1568,10,1578
22630069,107,61,3,64
97790057,1493,950,9,959
86743301,615,412,58,470
54330229,1007,928,19,947
54680250,371,290,6,296
43371648,1946,1341,24,1365
43775332,377,338,3,341
76270013,979,509,10,519
11620651,345,170,3,173
76400029,1349,767,10,777
43772508,1382,1022,14,1036
86743356,588,401,12,413
11500018,1335,1085,11,1096
11071167,550,360,0,360
32910094,4396,3015,27,3042
43360499,3195,2718,10,2728
86990709,372,136,4,140
43583171,1094,886,14,900
43416200,1390,951,2,953
10100125,2529,2019,18,2037
54911077,341,331,9,340
33110042,633,412,3,415
43580280,875,710,10,720
33020198,2430,1882,12,1894
86661917,384,204,11,215
76180068,961,478,5,483
97130998,1535,1183,5,1188
11080224,540,313,5,318
43417526,212,160,4,164
11830643,963,705,2,707
43690530,818,531,5,536
65000214,170,152,3,155
86900160,1595,870,7,877
11560081,2440,1789,88,1877
97092265,2140,1653,21,1674
22340135,730,605,10,615
43504433,714,533,6,539
97140089,3282,2682,7,2689
76070011,1727,783,26,809
11780502,996,696,12,708
11761286,135,107,0,107
10680038,336,230,2,232
43992478,720,539,2,541
11820338,422,242,5,247
22620057,38,31,0,31
32851245,1598,1238,18,1256
43391101,775,850,12,862
76160202,1852,973,18,991
76400399,479,217,1,218
22430113,211,144,2,146
97110110,1996,1426,10,1436
54600106,3037,2202,20,2222
54630031,2995,1933,28,1961
97130684,3122,1935,16,1951
43622591,279,171,4,175
11781053,863,597,22,619
32851199,1250,1030,11,1041
22020253,575,410,4,414
76450057,1844,981,0,981
54910368,1267,948,16,964
11070526,529,325,7,332
43960068,1089,812,10,822
43583003,816,619,6,625
76360079,961,462,3,465
10840205,295,172,3,175
43621275,740,13,0,13
65980031,329,200,1,201
33240316,2317,1212,5,1217
22150279,1106,910,20,930
97680033,205,151,4,155
43625460,375,248,4,252
22380072,200,185,0,185
86900036,2628,1844,16,1860
43692026,484,357,9,366
54660179,305,271,4,275
43400663,950,697,26,723
11830711,633,406,3,409
33080295,1289,1230,29,1259
86661535,1205,796,17,813
10810257,898,630,9,639
97230034,1578,1367,3,1370
22770053,1515,1032,8,1040
54590160,1425,876,41,917
65020115,330,300,3,303
98280120,2811,951,2,953
76200915,459,423,4,427
43500934,1432,923,14,937
86990811,1107,708,14,722
97820039,446,244,3,247
32931053,1002,900,60,960
43620386,349,256,4,260
86770064,2535,1677,21,1698
32850794,3999,2612,36,2648
10930328,154,143,1,144
76190531,643,395,1,396
54430073,332,231,5,236
11150075,837,590,9,599
98400315,992,922,20,942
43775017,413,299,6,305
86690043,2358,1662,18,1680
97400022,2923,2001,19,2020
86870447,1456,1162,20,1182
43584352,377,349,5,354
11820394,513,304,5,309
76150650,1301,887,7,894
76200184,817,438,9,447
10210026,2361,1572,17,1589
11800392,513,334,5,339
54650369,2118,1714,9,1723
10860296,170,108,5,113
86980012,1156,826,5,831
76500176,1522,642,7,649
22450058,1214,825,9,834
86992835,708,549,12,561
10910898,167,105,3,108
10910607,720,464,0,464
43580448,1150,882,0,882
11620099,685,411,1,412
43504129,276,223,0,223
43360725,2413,1910,12,1922
54360075,642,421,4,425
43951316,786,713,2,715
21860175,1866,1499,4,1503
32841424,2420,1731,23,1754
86920139,575,487,9,496
76480117,529,259,2,261
22610012,1223,918,9,927
22600471,487,222,7,229
22570039,1239,827,20,847
86741680,396,235,6,241
76380295,270,165,6,171
86870234,2267,1385,23,1408
10080100,3407,2284,41,2325
11390015,170,90,3,93
76110106,1406,877,14,891
21861682,641,715,2,717
76251179,457,389,5,394
10950027,935,625,9,634
11751386,686,558,10,568
43773015,671,467,5,472
86551869,467,333,4,337
76150122,983,598,5,603
43992928,413,293,4,297
86553906,460,297,5,302
32841581,4859,4211,11,4222
32862933,828,549,5,554
97092052,4164,2817,14,2831
65870051,731,502,6,508
86930040,2922,1927,11,1938
43503207,410,339,2,341
76250954,116,77,1,78
43690147,544,407,9,416
76330481,508,402,5,407
11380036,98,66,0,66
43990993,484,355,5,360
43416783,479,367,8,375
33250328,3045,2206,22,2228
76540215,429,261,2,263
43770900,851,668,16,684
22410166,166,126,1,127
86551241,586,424,2,426
65340086,44,33,0,33
97090960,5948,3638,22,3660
76100778,1673,980,8,988
76380846,250,210,2,212
10140039,1723,1383,1,1384
86550363,338,164,3,167
86992767,384,320,5,325
33010210,1495,1397,14,1411
86660297,663,370,5,375
33070092,2289,1772,68,1840
76360709,706,450,4,454
54860306,150,103,1,104
11770770,809,621,13,634
54120046,970,576,11,587
21861435,345,291,3,294
76170113,810,535,6,541
76200689,312,252,3,255
54320048,1980,1270,15,1285
32863024,995,856,6,862
97091051,3421,2348,23,2371
22690010,1676,1318,9,1327
54540604,323,278,4,282
54190043,2483,1610,25,1635
10250121,3321,2523,3,2526
54300024,1294,1080,0,1080
43620476,489,334,4,338
76211041,1022,641,7,648
11571308,179,103,3,106
32863372,1031,1054,17,1071
76240155,601,313,2,315
11050029,1265,837,14,851
86560027,1477,964,7,971
11820170,760,484,5,489
76150368,530,269,8,277
43581113,202,144,1,145
43414893,430,312,4,316
11821025,131,8,0,8
43774487,317,243,4,247
11030151,1927,1362,17,1379
10840317,402,241,1,242
10680049,1521,1014,20,1034
11590747,418,263,1,264
32930984,304,274,2,276
33060967,1840,1378,15,1393
97142418,2803,2166,16,2182
43370906,3226,2602,49,2651
76480566,749,446,4,450
76200791,244,197,1,198
11071112,205,133,4,137
97130561,1331,1105,2,1107
22750411,368,315,3,318
76160370,1091,612,33,645
76200577,556,500,0,500
76211018,1313,713,3,716
76321346,160,87,2,89
10251447,1649,1182,20,1202
76480241,1310,742,7,749
11390251,654,377,5,382
86741433,1095,709,11,720
10851173,319,247,3,250
10860140,601,399,7,406
33260239,942,540,2,542
32861527,2167,1617,18,1635
43350140,1481,1071,10,1081
32861684,3092,2294,58,2352
10250738,1622,1190,16,1206
76130681,895,550,11,561
43600384,327,281,3,284
10950230,547,360,6,366
65530065,298,192,4,196
22400198,245,185,2,187
11590804,355,225,0,225
54650729,370,401,1,402
76101375,435,227,1,228
54870172,630,442,5,447
43360512,1466,1153,1,1154
97130460,2194,1743,2,1745
76351170,553,386,11,397
76250347,564,316,7,323
86770110,2322,1522,29,1551
86663133,313,271,4,275
98080072,218,133,0,133
11080392,606,355,10,365
32861314,2184,1472,19,1491
54510128,683,508,2,510
11751869,585,379,9,388
86990585,835,555,11,566
76350023,1373,664,21,685
54430039,909,506,3,509
22210197,473,397,7,404
11030319,778,571,1,572
21950018,746,432,3,435
86991980,1391,873,6,879
22090137,98,66,0,66
97140304,2310,1608,11,1619
11610526,345,201,4,205
43775411,686,574,13,587
76110027,807,295,9,304
32980192,5767,4668,36,4704
86992149,237,134,3,137
11600828,381,183,22,205
43414242,1170,637,22,659
33270229,2043,1230,28,1258
33240372,1278,1008,7,1015
43370580,3023,2624,24,2648
76200241,948,610,17,627
43371042,2659,2086,61,2147
97530037,920,440,22,462
33060383,2620,1869,19,1888
11600312,568,296,6,302
43621905,167,56,5,61
43690787,935,639,1,640
54660078,190,123,9,132
33200176,463,270,2,272
10890468,179,108,0,108
10930092,181,115,1,116
11071763,298,187,0,187
32951268,2316,1523,6,1529
10250592,2642,1871,28,1899
76370485,1577,838,3,841
32940895,1827,1202,2,1204
22620024,1121,735,6,741
87000027,1747,1182,5,1187
11830531,617,363,9,372
76300556,875,444,12,456
32952012,4202,2260,22,2282
86930039,3088,1521,15,1536
54400058,294,184,4,188
54790038,1792,1391,8,1399
43350263,2882,1747,23,1770
65000089,2638,1546,15,1561
86553142,271,123,1,124
43580369,1402,1355,22,1377
22100140,64,53,2,55
76070033,2572,1517,16,1533
54540086,1460,858,21,879
33250171,2197,1737,3,1740
86740218,629,392,8,400
21860603,1434,1041,14,1055
10911013,272,131,1,132
43994515,227,195,0,195
43620713,654,392,6,398
33070216,525,446,4,450
98280074,2561,1574,32,1606
43371288,1899,1505,26,1531
10590645,4502,3440,22,3462
10820225,915,631,15,646
22420178,1100,662,14,676
86551735,977,566,17,583
54790140,2458,1620,16,1636
10250457,3929,2751,27,2778
43590056,3957,2764,59,2823
33000220,4100,2970,7,2977
43580066,405,568,24,592
43691722,802,497,6,503
22600853,545,600,1,601
21870277,1192,860,14,874
43411744,432,280,1,281
86553018,281,175,7,182
22540126,1375,929,17,946
76210848,1011,592,1,593
43584419,389,323,4,327
32870741,1476,1118,9,1127
65250031,174,141,32,173
76100453,1716,958,3,961
11080965,212,166,5,171
43415254,671,443,3,446
10840193,744,463,6,469
10251313,2989,1997,34,2031
76320378,637,329,9,338
86551533,394,285,8,293
22450092,515,476,8,484
43417122,930,666,5,671
43693207,610,478,12,490
10980109,818,597,10,607
43413511,2635,1839,33,1872
43993716,566,470,4,474
43730085,773,613,0,613
32851278,3220,1918,36,1954
32910162,4814,3123,19,3142
86550105,186,110,3,113
32950470,8567,4286,0,4286
97530071,780,434,10,444
11800448,191,119,5,124
11150042,865,580,9,589
76320514,1093,707,6,713
97520025,2377,1618,1,1619
43774791,398,291,3,294
11630045,635,296,5,301
86730284,715,622,2,624
11810977,370,237,13,250
76341056,225,154,1,155
43362075,1292,1120,20,1140
43414770,704,439,29,468
97091545,3852,2762,29,2791
76280700,475,406,8,414
43774870,1110,900,5,905
43582798,926,704,7,711
22320032,1730,1178,13,1191
97720038,3026,1932,24,1956
43360321,2925,1961,54,2015
97540049,301,128,1,129
10841374,347,232,8,240
65310016,865,646,18,664
76220625,1186,735,5,740
76150863,391,308,1,309
11640181,306,173,1,174
76310243,1102,594,8,602
54130070,1399,1043,12,1055
97700025,1009,624,13,637
22720485,365,306,6,312
76340404,1227,686,4,690
76321133,191,98,1,99
33070104,1556,1074,6,1080
21861581,346,298,0,298
33060990,5033,3396,19,3415
86920050,1429,1117,7,1124
43414219,2259,784,9,793
10790580,442,267,8,275
54570438,398,340,6,346
97140179,3919,3183,23,3206
33270230,526,276,3,279
76481051,561,416,6,422
11070717,464,301,0,301
54690026,198,61,1,62
10870286,456,299,3,302
54220351,323,254,3,257
22700113,690,603,5,608
76480959,213,136,3,139
11071471,198,142,1,143
54890567,1470,1062,15,1077
43621679,937,718,16,734
22510099,224,224,13,237
43582686,697,530,16,546
97131089,4197,2793,13,2806
22320010,1463,945,15,960
97100412,2331,1152,4,1156
76280722,349,215,6,221
97130493,2570,2118,4,2122
98420070,762,484,6,490
43625684,617,473,35,508
65520097,478,241,4,245
22090159,73,57,0,57
32863394,1630,1577,14,1591
76210769,1818,940,9,949
22470173,487,364,4,368
43950742,1145,995,13,1008
76370867,186,104,5,109
86580287,513,441,3,444
65690039,128,48,0,48
22600404,2126,1471,0,1471
76190441,1345,820,14,834
43501586,260,182,0,182
76190597,645,561,14,575
11610100,867,505,6,511
86743165,414,270,11,281
11761297,273,216,3,219
76470228,552,431,5,436
97220123,67,65,2,67
43584509,471,542,15,557
22320100,857,647,5,652
11831374,680,549,5,554
10810437,363,246,3,249
98430093,1024,708,4,712
97300032,1636,1293,2,1295
86740319,803,516,13,529
10640023,181,148,0,148
54590418,684,498,14,512
54580226,119,65,3,68
54220126,1326,735,10,745
87020300,2809,1629,23,1652
97130268,2549,2048,10,2058
54890253,1132,778,12,790
76100745,1238,790,10,800
76320525,922,459,7,466
10810189,711,430,1,431
32861101,3792,2482,0,2482
11570655,523,301,0,301
43692127,352,221,1,222
98320013,446,309,2,311
97200031,3423,2747,2,2749
32961001,153,364,5,369
11801270,114,91,1,92
22740083,1249,852,14,866
43775275,575,560,6,566
10850048,279,132,4,136
98430037,1077,751,5,756
86850085,1411,1028,1,1029
11580353,835,568,14,582
86661737,1332,971,17,988
43583924,705,487,1,488
11070638,663,397,0,397
43371075,3175,2331,32,2363
43772957,1072,789,13,802
97550163,1164,690,24,714
97550073,933,453,11,464
65530278,24,44,0,44
43361502,1815,1225,20,1245
43390289,2759,2005,32,2037
32871359,1500,1227,15,1242
22330066,702,532,2,534
54900121,295,117,5,122
43581089,1497,1058,18,1076
65420041,1593,974,33,1007
43622131,237,186,4,190
11760083,595,297,7,304
11390666,467,305,6,311
21861806,936,758,21,779
22421270,1337,1003,17,1020
22600752,503,451,4,455
76130467,762,299,6,305
32950672,2540,1848,14,1862
11590589,639,377,1,378
43501676,673,443,7,450
11570947,352,202,1,203
54620333,1609,826,11,837
86560016,1616,1041,16,1057
32940154,1634,1305,10,1315
86553467,464,316,8,324
43411294,574,386,8,394
54880566,424,365,4,369
97091365,2378,1769,4,1773
43582002,1520,1316,3,1319
43870024,3133,2116,35,2151
11831093,351,233,5,238
76270282,1983,1434,8,1442
21861121,937,706,9,715
22170057,1759,1151,32,1183
11610997,410,259,0,259
11820877,270,196,1,197
43580785,1334,1112,22,1134
11780119,1733,1112,26,1138
32890181,3201,1623,23,1646
86554176,184,165,3,168
11600592,1054,544,2,546
10570081,1610,1034,13,1047
32860458,3898,1956,19,1975
54280100,897,763,6,769
32952326,1157,961,9,970
76370294,378,181,1,182
11610043,515,303,0,303
43625651,391,298,3,301
43418842,337,262,2,264
33020503,3715,1879,27,1906
11800459,476,294,4,298
11780850,224,180,6,186
10840126,271,163,2,165
54660203,170,168,2,170
43504152,654,533,2,535
32840894,2436,1225,14,1239
43582541,517,421,9,430
43772126,1506,1009,23,1032
32930939,1843,1645,21,1666
97141013,3092,2280,6,2286
97100300,1800,1206,10,1216
11650159,783,452,9,461
11610436,383,250,8,258
97710150,1034,1148,16,1164
76130175,1179,627,1,628
33020031,2454,1892,28,1920
97091871,2644,1898,26,1924
43570043,1584,1098,8,1106
33250137,1400,960,17,977
76480544,903,447,4,451
76350090,833,455,6,461
11580702,357,230,5,235
43991938,1335,905,19,924
32851021,569,509,4,513
43419045,509,545,7,552
11030331,620,429,6,435
11710055,533,400,8,408
11620189,883,520,3,523
10100204,1683,1467,34,1501
97680011,1279,928,8,936
11620246,574,360,11,371
43600182,2697,1700,27,1727
54790511,1178,880,4,884
43502442,899,572,6,578
86661333,641,413,6,419
11610199,706,411,1,412
43770775,1070,774,21,795
11460192,374,235,6,241
86820273,726,459,24,483
11771704,574,386,4,390
11820642,532,258,0,258
54740101,957,875,15,890
33090207,2697,1688,15,1703
43650020,3018,2061,30,2091
86740252,939,580,15,595
86551319,701,410,13,423
76390263,297,227,5,232
65530267,642,604,0,604
86552253,213,119,2,121
43930032,587,476,1,477
43772991,841,590,4,594
76290352,1157,379,3,382
43581977,794,565,9,574
11780681,347,183,5,188
33060709,3097,2307,54,2361
86660073,1236,722,9,731
54330230,1125,1193,107,1300
33250407,1994,1538,23,1561
10810853,317,242,5,247
10250569,4437,2898,60,2958
10540033,1506,943,13,956
43620128,854,577,12,589
76510223,511,290,3,293
54540772,954,715,5,720
10430110,451,399,4,403
65680072,59,180,0,180
22630306,32,37,0,37
43480201,2737,1889,1,1890
10100068,2280,1488,32,1520
43503814,219,176,0,176
76300354,954,596,4,600
22240077,984,706,6,712
76190508,688,395,0,395
11600154,900,609,0,609
76211119,1031,662,13,675
43413757,537,350,6,356
76280744,701,529,4,533
11790031,517,313,0,313
76480386,228,131,1,132
54790319,3575,2387,24,2411
97140203,2457,1613,10,1623
43503634,222,144,0,144
11390497,1177,718,11,729
11640406,570,345,46,391
98100020,447,187,3,190
43410855,646,517,1,518
86552107,986,625,17,642
10820292,297,161,0,161
10250996,2164,1362,19,1381
43991286,2197,1645,24,1669
86990417,977,522,12,534
11810056,761,460,6,466
43502295,357,263,5,268
76350179,996,616,5,621
86554132,302,299,0,299
11790626,910,656,8,664
33000455,1455,1373,5,1378
43773059,584,359,7,366
21870031,3006,1885,13,1898
76220355,1197,791,7,798
43770607,239,191,1,192
32862720,150,284,16,300
76210332,873,446,5,451
76200892,468,479,24,503
22020163,1653,1128,19,1147
43621433,685,19,0,19
86550273,870,470,18,488
32910331,3775,3944,17,3961
65550056,1067,1093,14,1107
43390661,5026,3661,42,3703
97141169,1934,1197,5,1202
43580831,2313,1925,25,1950
10570104,1323,675,30,705
86990260,1026,642,14,656
54880498,782,663,0,663
98380075,1964,1488,7,1495
43502431,464,299,4,303
32870088,1836,1443,7,1450
43950203,1489,1094,6,1100
43580178,1425,1185,7,1192
97140809,2382,1995,4,1999
76210871,1186,644,8,652
97142429,1350,1139,8,1147
76320222,754,407,1,408
76200353,862,591,0,591
43774612,616,482,11,493
54900053,895,536,7,543
43992546,314,194,7,201
11420031,137,61,2,63
76400232,753,386,17,403
86551173,842,546,11,557
33180049,871,793,6,799
22590198,428,287,2,289
76450091,1811,1062,17,1079
86661715,1480,1091,16,1107
43625178,498,343,3,346
32840254,2360,1471,23,1494
98090040,1546,1278,7,1285
43501238,2445,1630,0,1630
76400120,1335,637,4,641
43992120,477,362,2,364
33250890,394,418,6,424
10590780,3468,3055,0,3055
10251672,1149,1246,8,1254
76230479,494,292,5,297
43413263,781,517,8,525
43361850,2389,1614,10,1624
43774724,297,230,2,232
54540693,789,707,14,721
22421326,680,516,12,528
97141631,2341,1493,22,1515
43360680,4431,3581,66,3647
43480021,2503,2503,10,2513
22530046,809,664,4,668
54880207,992,784,10,794
22650151,462,308,12,320
97141237,2532,1736,16,1752
97131078,1569,1521,2,1523
43412037,317,183,1,184
11150143,611,403,9,412
43890026,2893,1879,32,1911
10850453,406,229,8,237
43692655,510,430,2,432
10770050,906,800,0,800
10390092,91,89,3,92
43691092,291,199,4,203
11761130,343,219,4,223
32890620,3012,2948,11,2959
43503027,431,265,5,270
10820966,246,215,4,219
43413645,1267,810,7,817
76321177,291,182,5,187
33240338,2990,2015,30,2045
97141967,3812,2620,0,2620
10790490,333,260,3,263
21870042,1834,1164,16,1180
43772159,858,616,13,629
54880061,1181,754,6,760
32930670,1341,970,25,995
43400898,1002,929,16,945
97380030,598,439,5,444
33060855,2523,2083,7,2090
32951280,1263,845,4,849
54740178,672,697,6,703
76211243,777,405,5,410
86850041,1387,1072,17,1089
10590926,1303,996,23,1019
86553399,176,109,3,112
43773857,181,122,0,122
32862360,1763,1423,26,1449
97142171,912,1310,22,1332
10910933,320,228,4,232
97091613,2959,2239,22,2261
43581663,693,529,19,548
32871450,1614,1563,26,1589
98370041,780,612,5,617
11620190,565,321,6,327
11770769,1096,592,11,603
97110389,1599,1242,3,1245
43775073,307,275,3,278
32840175,3716,2908,25,2933
43503959,677,435,14,449
54640032,1060,873,12,885
10810101,658,458,4,462
22720384,694,692,0,692
43410967,1013,558,5,563
11751038,505,301,12,313
86580120,924,597,4,601
54890646,1005,792,10,802
97091411,2770,1858,11,1869
43416648,525,404,9,413
43990825,914,719,12,731
97091006,2306,1555,10,1565
86551858,1219,759,18,777
33010771,1524,1082,14,1096
76250178,654,320,6,326
76351237,309,264,2,266
86742625,378,261,7,268
11610201,671,477,9,486
98400168,2515,2138,2,2140
43950810,1203,896,4,900
10810392,577,328,1,329
76180136,509,268,1,269
76101285,858,587,2,589
98010019,1564,1148,0,1148
32930513,3017,1784,29,1813
43413858,202,81,4,85
86900227,2634,1449,31,1480
98380301,2222,1509,15,1524
11831352,321,255,0,255
21860973,3029,1830,4,1834
33010940,713,907,14,921
76090259,1542,1253,4,1257
76080179,2373,1518,3,1521
97091826,1817,1331,17,1348
10820922,284,227,2,229
43415018,1143,763,25,788
10810066,179,86,3,89
86690133,2808,1852,15,1867
97920052,1844,1361,25,1386
11750745,953,582,12,594
11290025,1520,929,24,953
11611033,111,59,1,60
54860272,281,219,8,227
86554121,436,294,2,296
97200019,2968,1917,33,1950
65870062,1867,1308,14,1322
11571139,505,340,5,345
76380284,899,568,4,572
43774522,556,400,6,406
10730067,464,332,3,335
54340062,689,538,7,545
43622434,583,369,9,378
43416367,822,601,6,607
97093435,1139,1082,28,1110
11780827,380,262,6,268
98380323,1303,834,7,841
86821050,408,483,6,489
10870130,564,383,8,391
11090034,351,207,2,209
54440153,1002,681,7,688
11590770,429,249,2,251
43771529,583,457,13,470
76150223,862,451,8,459
76060155,837,530,1,531
54470189,477,424,14,438
22470027,1299,801,13,814
54540097,2306,1371,69,1440
11560283,601,264,6,270
43503869,1337,995,12,1007
76370968,800,575,6,581
54580114,440,270,8,278
33060136,2970,1794,29,1823
21860197,3732,2643,6,2649
76351226,411,348,1,349
65220027,2426,1699,20,1719
10100158,1968,1560,4,1564
76380644,127,97,9,106
11620279,424,230,0,230
76480724,1007,564,7,571
22450069,498,326,4,330
43500552,523,348,2,350
54670035,271,146,4,150
86663391,182,149,5,154
76200533,312,231,2,233
98270017,3209,2121,13,2134
65330029,54,18,0,18
76360956,198,136,20,156
43500260,653,465,0,465
21870682,256,226,7,233
43504837,319,247,4,251
86552736,355,177,0,177
11631495,758,475,11,486
54890602,537,403,13,416
97710093,2649,1667,25,1692
33260060,1932,1373,1,1374
86670164,4182,2553,15,2568
11750318,510,239,8,247
86551364,829,569,7,576
76130434,574,269,8,277
32850895,5258,3047,53,3100
32890428,3176,1823,18,1841
43350128,1166,940,13,953
11080886,191,127,0,127
10590847,2637,1561,30,1591
76300770,536,427,7,434
97530015,853,552,4,556
22590211,848,419,5,424
54260423,662,616,7,623
76320682,624,408,10,418
98400191,1883,1518,5,1523
43503296,411,283,2,285
65980042,95,61,0,61
11630270,937,560,5,565
97800082,1484,957,8,965
87020579,435,496,17,513
54420162,965,1023,19,1042
33250306,2926,2033,0,2033
86700270,2482,1439,17,1456
54890523,1005,898,7,905
32850378,2613,1817,44,1861
11780456,573,339,5,344
21870198,1890,1351,17,1368
43771619,525,302,14,316
11830441,279,203,2,205
22520023,2819,2020,48,2068
86590121,1475,1296,3,1299
10430064,1128,837,10,847
98340048,320,220,1,221
76230390,472,253,4,257
11830564,672,483,2,485
97130246,1461,1058,7,1065
76211579,372,277,7,284
11070267,458,313,9,322
43990072,398,268,2,270
43774825,155,116,1,117
11070908,359,191,0,191
32862191,1016,792,8,800
97142542,636,561,3,564
43370737,2149,1679,17,1696
33030212,1380,1151,9,1160
76170641,379,285,3,288
32930603,3208,2517,3,2520
22590086,1908,1393,31,1424
10790276,506,299,7,306
11811181,281,181,4,185
11610144,472,278,1,279
86730183,1047,565,12,577
32863316,630,1022,1,1023
76160820,1158,711,14,725
87020221,2033,1349,14,1363
43622568,404,252,3,255
11560441,864,591,10,601
11831172,191,122,1,123
76470015,1697,1081,16,1097
43994694,346,336,6,342
32851267,1948,1096,32,1128
54840203,282,331,7,338
22100094,173,127,2,129
43417683,110,96,2,98
43584576,427,489,5,494
97100108,3883,2950,2,2952
43504938,955,719,5,724
54670079,407,254,10,264
43370647,2518,1892,24,1916
32960291,1985,1391,3,1394
43692420,639,457,3,460
32910016,2984,2377,9,2386
76220704,924,567,5,572
76140996,389,297,1,298
54790847,477,558,5,563
76130030,931,512,3,515
32851133,1973,1198,11,1209
65040038,540,429,7,436
43692149,1735,1272,11,1283
11650351,245,132,1,133
98370029,1623,1332,6,1338
43501788,997,604,12,616
43360231,1634,1145,14,1159
86550633,584,365,5,370
86880022,2354,1447,29,1476
43581382,532,335,23,358
43410013,1184,683,16,699
33060765,3921,2269,18,2287
54160062,296,326,5,331
76130748,782,740,3,743
10850778,410,290,6,296
76200432,658,505,6,511
11831329,154,121,0,121
11580904,882,485,14,499
97460017,1550,1202,16,1218
44030124,955,906,15,921
43360949,2476,1946,1,1947
43361254,3561,2482,37,2519
11070515,364,204,6,210
54740189,727,700,11,711
11390183,641,360,14,374
33250609,539,380,0,380
86553478,70,49,0,49
11650283,509,322,6,328
22421775,548,513,8,521
97141978,2222,1436,8,1444
43360400,2673,2059,4,2063
11820372,474,206,5,211
98140035,1320,1022,15,1037
43582282,2350,1717,38,1755
11380058,276,178,1,179
65530054,279,168,2,170
43414534,1073,564,0,564
86700012,3203,1880,22,1902
43622254,747,457,0,457
32951875,976,890,3,893
97090476,2762,1861,11,1872
87070035,888,803,10,813
76101320,797,519,2,521
76350618,555,354,13,367
11770950,1438,871,12,883
11630775,665,394,1,395
32871449,1845,1718,7,1725
11770242,825,493,9,502
97120133,3152,2607,0,2607
43774881,240,183,2,185
10830057,778,420,7,427
43460052,2661,2100,22,2122
11070313,469,306,8,314
32871292,4215,3428,0,3428
43951158,1375,1263,7,1270
43400539,1533,1363,5,1368
22410447,99,71,0,71
10570171,576,485,8,493
86830016,1102,811,8,819
43361096,2227,1818,31,1849
33270083,2386,1739,28,1767
76200465,561,440,5,445
76540080,529,277,0,277
43692699,341,268,1,269
22650386,198,120,2,122
10790120,124,49,0,49
11640192,325,176,11,187
11071640,270,185,6,191
54540705,1630,1296,19,1315
54320138,1740,1350,31,1381
54220395,575,602,0,602
86550408,1159,761,17,778
32861954,3037,2162,21,2183
11750879,909,563,4,567
76340190,390,214,0,214
43621141,541,345,11,356
10871366,673,498,7,505
76300220,502,269,1,270
11650441,605,417,17,434
33160025,1878,1363,9,1372
76510100,564,313,13,326
97091983,4146,3010,33,3043
43772463,995,776,13,789
22600493,875,360,5,365
11591221,172,102,0,102
97200402,1252,1169,3,1172
97140720,3388,2750,15,2765
76280193,1792,1083,1,1084
98170016,1502,874,11,885
21920048,25,36,0,36
43503555,688,509,6,515
54860070,1167,833,9,842
43584037,1245,1002,20,1022
76340291,1117,519,0,519
11600929,568,315,4,319
54120125,1685,1140,14,1154
97100535,2184,1507,14,1521
76290060,693,261,6,267
65140051,1949,1021,13,1034
54420072,482,358,7,365
76150885,184,159,2,161
86800013,354,158,3,161
86553322,1041,779,13,792
43371222,1188,1093,16,1109
11820978,371,254,7,261
43622029,372,240,7,247
97142025,1454,1056,31,1087
22421315,249,177,2,179
86660691,1019,744,10,754
54910346,1633,1086,15,1101
10870679,523,401,3,404
86660208,433,245,1,246
76520077,360,137,2,139
11831419,248,185,7,192
54540446,1175,915,14,929
33020514,4017,2293,41,2334
65020047,534,345,2,347
76190564,431,337,3,340
76260225,1297,335,6,341
97141899,1838,1269,6,1275
76220142,1261,740,11,751
54220384,368,284,5,289
32980417,2704,1860,30,1890
32850198,3877,2702,13,2715
43622210,501,354,5,359
76510278,517,285,2,287
76460025,2633,1846,27,1873
11170011,102,79,0,79
43870091,1845,1483,5,1488
43500394,958,647,0,647
11390217,919,515,8,523
10910360,365,195,8,203
11750442,746,425,6,431
43410563,2226,1538,21,1559
54600027,2563,2010,4,2014
43774476,225,177,0,177
43418796,137,209,1,210
76360866,313,232,22,254
21860018,932,454,7,461
11020059,716,518,5,523
54230082,2485,1749,22,1771
86663458,761,591,7,598
32890327,3654,2275,15,2290
43413072,414,268,4,272
11620572,399,252,0,252
43370535,1396,1107,11,1118
86742164,578,296,4,300
43500989,661,417,7,424
43582710,737,581,8,589
43501935,652,388,7,395
76100813,950,624,4,628
76351271,340,286,2,288
43626102,272,229,1,230
10250929,3018,2195,52,2247
86570040,118,31,0,31
76211232,255,125,0,125
11080213,937,588,15,603
97520115,1330,1046,16,1062
43390436,2905,2044,65,2109
43416176,780,606,0,606
32862269,2285,1440,5,1445
76230570,275,171,24,195
43412082,188,53,3,56
43418549,175,195,2,197
54540299,2573,1651,39,1690
54650303,2263,1265,24,1289
22421393,232,127,2,129
54890938,348,284,10,294
54580057,1324,668,17,685
54700051,2508,1909,32,1941
43417100,202,151,0,151
54610152,1510,988,20,1008
76150627,1330,548,4,552
76321470,361,314,3,317
11071190,309,218,4,222
10670307,1759,1247,21,1268
32863169,383,475,2,477
43361333,1522,1335,15,1350
98380424,1226,1150,7,1157
76400276,652,333,4,337
43412419,1147,778,27,805
10790603,376,237,5,242
22650050,112,59,1,60
11780962,645,471,6,477
11571320,302,205,2,207
76481130,486,452,5,457
11460574,120,89,4,93
11390240,766,492,6,498
76150302,1087,646,11,657
22600167,1525,1091,21,1112
97730039,1851,1333,4,1337
11780423,360,231,2,233
10950049,504,310,0,310
43371761,2481,1943,22,1965
97090566,969,804,7,811
43840054,484,394,14,408
22310020,1537,1137,24,1161
22210164,544,483,10,493
10850105,496,279,1,280
32960279,1973,1383,11,1394
76350056,827,404,4,408
86870256,2420,1407,17,1424
86990855,309,199,0,199
22020310,213,170,2,172
32930344,1078,828,9,837
22340056,1150,503,4,507
11071156,265,184,4,188
43670415,1789,1416,24,1440
11610896,143,89,1,90
76370856,1274,862,13,875
11790266,615,368,9,377
43582181,479,333,6,339
97300043,1327,994,17,1011
43362222,4275,3641,59,3700
43411889,495,309,8,317
76320020,929,561,10,571
11771614,509,342,3,345
43690361,1265,848,4,852
97091444,2438,1671,24,1695
22540092,709,514,5,519
33020716,1896,1245,15,1260
33090285,2267,1988,2,1990
97650018,3668,2749,24,2773
22640228,144,84,2,86
10840474,614,369,7,376
43772979,673,483,5,488
76200601,224,177,3,180
43620702,565,363,5,368
76310355,993,576,7,583
43504242,634,486,15,501
10251111,3118,1918,16,1934
43416749,470,338,4,342
33020604,3870,2626,56,2682
65440403,113,130,4,134
43370265,4050,3388,0,3388
10670228,1329,963,5,968
33080105,1674,1455,14,1469
43581517,858,630,12,642
54580013,1200,674,11,685
76320648,689,379,2,381
43581539,246,163,3,166
65290068,56,40,0,40
98400146,2308,1649,16,1665
11830733,383,279,3,282
98130135,893,896,9,905
54590328,905,530,13,543
76050086,549,347,2,349
76240458,616,386,5,391
64940036,744,649,4,653
10250176,3925,3199,9,3208
76290509,1106,438,2,440
21870165,1987,1223,28,1251
32841277,3476,2407,20,2427
11610795,802,505,5,510
43502600,1858,1367,13,1380
76080157,2467,1363,24,1387
22740162,1461,1095,11,1106
10390081,202,152,5,157
11430032,102,62,1,63
54790555,1386,1182,14,1196
11631765,405,257,2,259
65390081,1115,818,12,830
76370553,616,321,5,326
43360624,3495,2696,12,2708
97142395,1163,1155,0,1155
43413016,627,429,4,433
65530111,352,186,5,191
32900194,3631,2586,24,2610
43670561,1764,1305,16,1321
86661995,1009,675,10,685
11631743,355,218,4,222
76320907,1118,745,10,755
76510436,462,319,2,321
43690888,2311,1868,24,1892
97092131,2109,1466,15,1481
11220040,1132,731,7,738
43413173,352,249,1,250
54770036,670,650,5,655
76340763,492,306,6,312
97142632,3377,2530,18,2548
97200301,2294,1470,0,1470
11610289,640,405,0,405
10840508,258,183,1,184
11200138,543,404,4,408
54880342,2726,1898,37,1935
54190021,2411,1390,17,1407
54590317,1058,661,9,670
97960034,4064,2654,42,2696
76140198,1246,590,4,594
43400573,4535,3426,23,3449
11750464,761,472,10,482
43360185,2481,1638,8,1646
54910650,874,729,4,733
21870233,1099,720,10,730
97090836,1772,1298,11,1309
32950425,4405,3167,12,3179
54260074,2440,1427,4,1431
11821014,267,165,1,166
10920361,417,295,2,297
33061250,1622,1400,22,1422
76180158,1017,531,14,545
43371154,5360,3845,31,3876
76190104,1195,686,2,688
98130012,2135,980,10,990
32950908,2556,1807,11,1818
10300105,1949,1561,36,1597
22110062,78,99,0,99
98350016,780,466,6,472
33250485,2619,1675,11,1686
43411755,1068,821,10,831
11770107,674,351,13,364
86661489,1082,737,27,764
43670617,1124,842,7,849
43370311,1061,853,6,859
54610163,1938,1103,14,1117
11631428,338,190,4,194
11460394,217,160,9,169
97910040,3395,2183,35,2218
54790195,785,637,5,642
43370940,2990,2282,35,2317
76101386,534,325,6,331
11761118,250,154,14,168
76160460,1280,659,10,669
33200053,525,378,5,383
54540895,776,716,14,730
86620013,1577,889,14,903
32950256,2269,1794,2,1796
76140705,757,476,4,480
21860366,4051,2574,1,2575
98420036,1139,757,12,769
54610422,946,741,11,752
54230183,1066,1045,17,1062
32952742,467,664,4,668
11831318,207,153,2,155
11820293,1080,605,20,625
11591210,254,162,1,163
43581067,428,239,12,251
43580392,3179,2233,0,2233
43621826,522,450,14,464
43770269,1715,1236,63,1299
22410188,62,42,1,43
65140017,2744,1865,6,1871
54410396,130,171,2,173
86821162,749,458,9,467
43503678,1018,817,7,824
43775242,374,171,0,171
22240055,2113,1258,27,1285
76150379,766,440,7,447
54660034,116,91,0,91
11610324,945,552,4,556
86992194,440,331,3,334
11570622,674,423,11,434
97420013,976,797,10,807
32841402,8146,4951,71,5022
76090260,1508,1464,4,1468
11030386,1459,1262,21,1283
86821038,260,163,1,164
10250288,2293,1607,12,1619
97090230,1971,1361,21,1382
76170360,1464,1034,23,1057
43670718,561,505,9,514
54350029,1384,984,6,990
76340651,630,306,4,310
33030582,875,842,8,850
43583519,588,416,8,424
76150560,1203,706,15,721
76110229,520,471,11,482
10920158,368,255,3,258
97141181,2065,1248,17,1265
54610466,640,503,2,505
76320941,1209,822,3,825
86742940,190,127,1,128
86820879,158,114,3,117
10980154,579,418,5,423
97141125,3676,2341,15,2356
11570442,641,421,5,426
32860964,1932,1600,14,1614
98410125,1815,1378,15,1393
64950026,2492,1838,15,1853
86661490,403,278,3,281
86600022,1441,781,25,806
10850273,493,263,4,267
43622119,116,75,0,75
76310322,526,342,3,345
76280586,578,377,2,379
43583700,464,311,2,313
43362008,2599,1788,20,1808
43480357,551,406,10,416
97550196,234,195,5,200
43412981,642,424,8,432
97093424,467,416,2,418
97520283,1845,1275,16,1291
65790029,2051,1518,13,1531
22720441,295,275,0,275
43503117,872,714,6,720
32870493,1255,1392,16,1408
76300804,284,198,10,208
11770893,817,513,6,519
33010861,3276,2395,8,2403
97410089,2665,1426,29,1455
43600137,2522,1674,14,1688
32841110,2155,1671,13,1684
43361467,4228,3252,38,3290
22400569,62,45,1,46
76250538,765,456,7,463
33090140,1000,808,12,820
43502767,902,642,8,650
11771333,525,333,3,336
43503083,599,450,3,453
65430020,1556,1230,22,1252
76200768,438,231,1,232
43771462,366,255,3,258
43390010,2337,1806,28,1834
32870684,2843,2193,18,2211
86690166,2845,2099,23,2122
11580421,595,383,0,383
11820327,702,365,9,374
86740713,1042,658,20,678
65560035,167,260,3,263
97440015,1488,1224,3,1227
86741668,127,32,0,32
97090072,1616,1206,9,1215
22320054,1287,973,10,983
21870570,224,199,1,200
76130108,461,244,3,247
43418594,370,370,5,375
76200342,602,363,7,370
86743097,773,524,0,524
11640170,785,450,27,477
11390194,1158,622,12,634
86900126,2134,1200,0,1200
21860883,1977,1367,15,1382
43600227,549,582,2,584
86553557,229,141,7,148
11770400,1181,661,10,671
10850262,565,213,2,215
65280012,124,69,4,73
76190014,439,298,2,300
33020233,2498,1845,0,1845
43692374,359,256,4,260
32850132,4172,3063,19,3082
43771967,1046,790,2,792
10251649,1911,1569,31,1600
43370850,1616,1345,8,1353
43580460,563,461,9,470
97090858,2932,2200,21,2221
43620465,726,507,3,510
43621792,1234,965,31,996
54910649,658,501,5,506
22330022,2130,1456,13,1469
11761039,661,398,36,434
22720092,994,554,6,560
65000168,2288,1745,16,1761
76480904,544,338,2,340
10910304,866,552,2,554
98210011,629,550,2,552
97093457,560,872,12,884
32940806,2454,1780,28,1808
54790869,382,645,9,654
32953068,691,932,9,941
22160012,1786,1364,0,1364
11640282,601,364,26,390
76150728,284,245,2,247
43504578,456,407,7,414
11752253,328,248,7,255
76510155,636,323,8,331
43625493,93,73,1,74
43621804,174,119,2,121
10810482,467,330,0,330
76130311,354,194,1,195
98430228,1036,675,8,683
54910515,1043,806,11,817
11600301,737,421,9,430
33060417,1886,1664,9,1673
32952269,3005,2119,27,2146
11760320,583,329,6,335
76220579,1268,621,3,624
22120243,125,94,4,98
76160998,472,363,2,365
11752040,428,306,6,312
43410978,326,179,1,180
33040055,1930,1368,17,1385
97800093,2079,1282,52,1334
97091927,2785,1714,30,1744
43411575,910,600,11,611
86550532,818,462,7,469
43417021,701,531,7,538
43690653,587,388,0,388
76530180,168,89,1,90
43621488,916,639,7,646
76440045,2151,1628,18,1646
65000023,2517,1535,4,1539
11771197,445,313,8,321
32940121,2091,1591,16,1607
22590121,1720,971,24,995
32870460,3239,2186,5,2191
86820655,326,267,5,272
43501654,439,312,0,312
65390058,854,663,24,687
43583856,287,208,2,210
21861592,537,578,17,595
10940284,465,294,9,303
11600895,470,301,7,308
76250583,919,430,9,439
22470106,1576,999,12,1011
86660714,1570,1120,11,1131
76120118,1440,740,15,755
43692037,124,77,4,81
76321571,269,220,4,224
97200468,1460,1086,12,1098
54820043,425,445,0,445
86600044,917,688,0,688
97200424,1558,1129,6,1135
43620285,548,404,8,412
76200713,309,232,4,236
11771995,929,633,13,646
65830024,110,67,3,70
43690406,608,426,18,444
32861695,1844,1499,6,1505
97170015,430,307,3,310
98050013,1665,931,20,951
76080472,917,597,17,614
86553928,249,125,0,125
86580186,766,561,5,566
33020761,214,200,0,200
86740049,877,570,8,578
97131056,1929,1308,13,1321
76170157,1657,1118,9,1127
64970017,2893,2072,17,2089
11771951,751,547,0,547
32841468,2030,1572,25,1597
43693016,276,223,8,231
86580377,214,237,4,241
11630405,814,441,4,445
32863103,1378,1362,4,1366
11650496,443,304,7,311
43503779,255,175,1,176
97120346,2075,1257,14,1271
32960392,3004,2166,15,2181
76100374,1803,1006,10,1016
86660725,2128,1417,18,1435
11600479,767,502,6,508
32861099,1324,1473,15,1488
11801056,238,163,8,171
21860737,1443,973,5,978
54910740,982,752,8,760
43412778,671,668,2,670
86580164,1021,713,9,722
11570677,677,473,8,481
11030195,1081,777,18,795
54760046,3234,2028,6,2034
11810573,397,237,0,237
97131236,1037,1216,12,1228
86551803,600,336,3,339
86742726,364,252,8,260
11570598,547,334,3,337
76360811,437,323,6,329
33250889,1033,1033,18,1051
11620134,843,507,11,518
76260258,1559,429,7,436
86870188,1682,1094,18,1112
76280317,1235,756,5,761
86960100,900,733,9,742
11760689,450,319,5,324
54790601,711,573,10,583
76321357,380,211,19,230
33010467,1654,1273,0,1273
43412699,3059,1632,24,1656
11590466,325,191,6,197
76150470,2144,1363,14,1377
54140071,1739,1328,17,1345
98430239,785,486,12,498
86550475,728,466,13,479
54580136,1522,937,11,948
86890012,2416,1464,31,1495
43774094,702,417,7,424
86743581,211,183,2,185
76200139,647,433,11,444
43775141,616,561,5,566
43503599,427,332,9,341
11830362,914,662,3,665
32890642,2758,2175,22,2197
65440425,2650,1815,47,1862
54640010,1727,1233,10,1243
32960606,2892,1960,10,1970
11620673,296,192,4,196
32960224,1671,1211,9,1220
32860098,6324,3132,31,3163
43580549,740,678,7,685
33110198,427,290,5,295
76130018,808,425,8,433
22421472,275,179,5,184
22400075,78,80,1,81
11590095,743,412,6,418
54660067,1191,936,3,939
33030267,1890,1684,15,1699
11071235,381,274,7,281
76470194,814,715,11,726
11630900,816,460,0,460
76280014,1379,793,8,801
32910049,7575,3451,37,3488
11770185,922,575,12,587
11591513,204,125,3,128
97090847,1210,925,7,932
10810831,336,237,4,241
11800404,374,235,8,243
86992790,255,199,0,199
32952315,6406,5583,26,5609
22421371,417,321,2,323
22720474,453,364,2,366
97142036,1814,1454,19,1473
65600052,1181,936,19,955
10390104,196,122,5,127
43670730,565,660,4,664
33010401,1570,1190,7,1197
43691025,356,225,5,230
11070100,653,407,0,407
33170183,950,849,7,856
43773644,884,606,5,611
43771103,743,564,9,573
22400211,137,84,1,85
33110301,610,572,6,578
11700010,3212,2402,27,2429
10910438,354,218,6,224
76380543,354,239,1,240
10850958,214,147,0,147
76321559,256,211,1,212
11390565,429,283,8,291
32952821,1294,1258,24,1282
54260029,3018,1998,19,2017
11610807,374,250,1,251
10810594,487,328,7,335
11270012,1193,790,12,802
11600862,203,132,0,132
21920015,2033,1487,23,1510
22790011,1904,1167,17,1184
76210422,1020,666,8,674
43775477,246,240,6,246
32861583,1533,1200,35,1235
32953080,723,894,2,896
76200757,60,45,1,46
86720025,1251,921,2,923
97360050,639,436,5,441
86992475,80,26,0,26
76230671,197,136,1,137
10590296,2235,1514,13,1527
22810070,243,128,3,131
97141024,4267,3529,8,3537
11570318,369,223,4,227
76390241,424,288,22,310
10841420,247,189,2,191
43692587,512,290,6,296
10590320,2120,1823,3,1826
33000286,3657,2995,11,3006
33200064,228,161,5,166
86730262,1686,1341,21,1362
54170029,785,637,11,648
43770933,643,585,2,587
43691272,659,465,4,469
54220171,643,422,10,432
98100109,934,557,14,571
65440492,1797,1467,28,1495
33200132,1264,862,8,870
33030199,2441,1869,16,1885
54910830,1179,1035,18,1053
43990724,239,139,2,141
11700021,416,310,4,314
11040028,500,350,4,354
43690035,218,145,2,147
33250317,1911,1453,10,1463
11760443,370,202,2,204
54590261,1188,781,15,796
32841738,693,707,1,708
97550040,671,368,6,374
97100906,1590,1681,1,1682
11771041,913,501,3,504
10910258,282,200,0,200
43418033,265,194,4,198
43416222,349,255,0,255
86700113,1584,1200,7,1207
76310423,641,475,7,482
11830889,345,262,5,267
32980158,4455,3458,10,3468
54610220,100,23,2,25
11821339,81,47,1,48
43690293,403,274,4,278
11800257,291,160,8,168
11630034,388,212,2,214
22320144,1784,1141,10,1151
76190643,537,644,2,646
98400258,2740,1755,36,1791
76100969,1835,970,8,978
86742962,578,419,9,428
33110211,343,232,0,232
76170371,2475,1395,23,1418
33080082,1600,1234,1,1235
97800059,2158,1499,5,1504
54520017,3000,1548,16,1564
86662693,1105,826,11,837
11780883,689,502,13,515
11650182,344,207,4,211
54370054,192,107,1,108
76480162,546,285,4,289
86553287,576,430,13,443
43772733,731,433,13,446
11760577,106,64,2,66
33160014,1958,1321,12,1333
43410585,509,307,10,317
98060014,1443,1111,3,1114
32863350,915,1070,10,1080
10920114,943,627,13,640
11770275,588,434,11,445
43419012,225,174,2,176
76130513,523,325,8,333
76350821,995,649,12,661
65130049,1621,1168,14,1182
76320671,692,401,4,405
11610234,489,296,2,298
11060020,501,376,4,380
43410372,248,78,0,78
86580298,788,705,2,707
43570111,1657,714,6,720
86730127,1374,977,24,1001
32841053,3187,2328,27,2355
43584273,135,90,1,91
43621567,679,425,7,432
22140010,1535,890,9,899
86660231,434,251,2,253
76320503,1325,824,16,840
22150088,1159,852,10,862
22600437,2130,1486,16,1502
76210231,1252,687,8,695
65190034,678,478,7,485
10180044,1056,929,7,936
11770130,579,298,6,304
43502486,745,529,7,536
76190340,1011,624,1,625
43390087,5333,4592,24,4616
98350050,148,98,4,102
22420831,1164,760,24,784
97142328,326,285,1,286
97141215,3648,2046,20,2066
11810786,565,418,7,425
43502183,352,199,9,208
43620993,1056,726,1,727
11571140,563,355,14,369
11630832,432,266,7,273
11100340,110,79,0,79
21860759,1207,827,11,838
65980019,136,162,1,163
11580522,366,256,5,261
97140719,2303,1694,27,1721
11630180,476,279,7,286
76160213,929,518,57,575
32910498,2356,1719,6,1725
43670482,1630,1097,28,1125
86870302,1406,1484,13,1497
76120253,379,225,22,247
54570146,1101,581,7,588
43890037,871,909,10,919
97091860,3036,2240,15,2255
43582114,502,377,12,389
11730013,1423,1169,23,1192
86992228,480,321,2,323
65290114,81,22,6,28
76230121,483,250,1,251
43691104,925,589,8,597
97120021,1305,995,5,1000
43550085,1086,821,9,830
43992467,914,607,4,611
22380050,1875,1136,14,1150
97141394,2452,1520,9,1529
33050090,1068,884,6,890
86560049,1120,773,14,787
32980046,3590,2987,6,2993
97091185,2474,1576,10,1586
65530155,429,297,3,300
43990511,1459,1065,13,1078
76170405,817,485,4,489
11781165,681,502,8,510
86940029,1929,1241,14,1255
11580612,810,509,7,516
43770146,361,316,0,316
97092412,1794,1357,15,1372
76320323,300,180,0,180
54380044,245,151,2,153
32951099,2288,1840,8,1848
54160073,176,176,3,179
65610019,930,714,18,732
76250594,664,415,2,417
76080034,1308,653,5,658
43371738,1335,1190,5,1195
10790164,397,208,10,218
86740915,345,241,3,244
11760836,225,135,1,136
76330234,897,552,7,559
76310096,751,458,9,467
54590407,552,457,7,464
76270495,510,462,6,468
33050113,499,453,4,457
43500068,448,382,2,384
76291005,416,261,0,261
10270022,1382,1153,4,1157
11071549,328,233,5,238
76211614,244,156,2,158
43771776,553,442,6,448
10850026,769,514,6,520
54900075,273,147,3,150
43950427,3566,2857,11,2868
43420036,3070,2932,9,2941
33260385,981,957,17,974
43991804,733,570,12,582
76210534,1232,649,17,666
76170494,2027,1133,28,1161
43691115,2795,1593,24,1617
43991040,640,392,11,403
76330313,1378,697,2,699
86661805,1505,971,20,991
76320750,1260,696,10,706
97141754,1103,943,0,943
43740143,2748,2187,12,2199
33260419,1116,1064,16,1080
43774993,294,244,1,245
97100580,1996,1474,16,1490
54140138,2473,1965,60,2025
54570359,1026,735,5,740
32870932,3116,2257,26,2283
76321076,840,465,12,477
98430194,618,453,14,467
43993053,1317,1004,0,1004
76280496,1381,642,11,653
22430315,220,143,2,145
76251135,488,372,11,383
54650033,3304,2417,8,2425
54911000,507,576,1,577
54360121,110,85,5,90
54580181,399,269,3,272
11800224,405,240,6,246
43991589,1650,1187,21,1208
21860120,1791,1198,18,1216
76220096,947,633,0,633
54650404,554,713,2,715
43950696,1848,1494,2,1496
97092355,1530,1107,15,1122
54320105,1323,1069,3,1072
86992093,621,532,6,538
32840298,1723,1027,10,1037
86663481,390,388,5,393
76340853,569,353,7,360
33050089,1949,1428,15,1443
43621219,395,244,6,250
76450507,613,541,13,554
32910252,3863,2664,22,2686
10910742,219,158,0,158
22770121,686,762,3,765
43773318,591,446,6,452
43950865,1226,1042,16,1058
33060642,2724,1689,12,1701
11591344,267,152,3,155
86742052,872,572,18,590
76200106,540,256,3,259
86690144,2158,1470,19,1489
22650094,210,119,1,120
76211625,327,300,2,302
22210186,430,347,4,351
86740847,1074,607,12,619
11610616,302,193,0,193
10820854,927,717,9,726
11631620,407,272,4,276
11610256,769,491,6,497
22450025,1124,742,14,756
86552433,788,489,0,489
43360466,1740,1241,69,1310
76300365,1792,1057,9,1066
54840180,175,140,1,141
10890514,154,106,1,107
76400186,1054,501,8,509
43504039,221,170,2,172
65550045,219,272,2,274
86660174,829,555,4,559
10590308,2049,1369,21,1390
32940929,588,617,2,619
11830373,662,486,6,492
86992048,732,544,5,549
21860322,2860,2007,17,2024
76140109,966,596,7,603
43361568,2145,1560,18,1578
11071000,1374,950,12,962
54670316,327,211,5,216
54540783,553,504,8,512
86820295,638,329,4,333
11030274,543,411,5,416
22400086,52,21,0,21
33030278,2147,1644,9,1653
10610019,797,565,3,568
11800112,577,365,6,371
11820945,467,364,5,369
43420159,452,645,2,647
10790692,331,254,1,255
54790623,1302,1069,2,1071
97800161,2784,1456,21,1477
54350018,1066,760,10,770
11610627,552,399,4,403
76240447,440,401,2,403
43584385,392,287,3,290
76400434,679,465,7,472
43691340,260,184,3,187
43690440,1098,826,0,826
11071404,224,134,2,136
43670022,2210,1236,13,1249
11650339,812,503,4,507
76230435,438,216,3,219
65750014,2083,1249,7,1256
11760252,708,442,6,448
10900055,148,46,0,46
54450176,226,158,6,164
76150290,899,612,11,623
76100464,1434,652,7,659
21860434,2191,1429,18,1447
76510368,377,235,5,240
65440683,732,637,5,642
10080087,1380,1134,13,1147
11800763,160,103,2,105
43413308,865,464,4,468
32890462,2087,1544,13,1557
97090432,2135,1554,16,1570
43691575,845,437,5,442
97100603,2622,2284,5,2289
22410379,126,88,6,94
76500187,1115,594,0,594
10251559,1562,1226,20,1246
76510357,421,164,5,169
32850288,4317,3011,18,3029
10790737,141,97,0,97
11810315,469,284,7,291
76351147,336,204,4,208
97110424,2498,2003,5,2008
43417403,230,152,2,154
76290307,1134,345,2,347
11781277,188,163,1,164
10890132,283,148,4,152
22430168,220,149,1,150
54540334,2386,1410,13,1423
10870859,462,335,13,348
97520339,742,568,8,576
21960031,1150,960,11,971
65290013,157,43,1,44
86992756,1000,875,23,898
43390537,4934,2943,65,3008
86553838,488,416,15,431
86550958,149,78,2,80
10851061,493,329,7,336
86743716,401,365,11,376
97090443,2353,1711,6,1717
43361535,1482,986,14,1000
54270042,1382,1362,7,1369
76160145,907,407,4,411
76370238,1600,791,5,796
86940030,1643,1076,10,1086
10500017,114,56,1,57
11771298,277,190,3,193
54790443,2723,1963,16,1979
97270049,1376,880,8,888
22590031,1783,1122,13,1135
54620861,171,86,0,86
43992311,1494,1021,17,1038
11560496,648,610,12,622
43360983,1694,1389,9,1398
11600109,347,222,2,224
22500032,580,522,14,536
11581107,233,171,0,171
10850150,498,331,3,334
43501979,1716,1015,7,1022
32980237,4007,3481,16,3497
10840520,315,168,0,168
10910810,277,174,6,180
43504365,169,122,1,123
11821227,329,200,11,211
76210387,773,483,1,484
43621084,739,442,1,443
54890512,1476,951,21,972
76480678,503,328,4,332
76140435,746,377,6,383
43503386,1789,1211,11,1222
43502059,1164,792,4,796
43583205,1191,1064,15,1079
21861659,514,533,4,537
10910180,215,132,0,132
43350421,1270,938,13,951
10910900,115,72,2,74
86950019,2651,1851,17,1868
54540109,1293,918,18,936
32861000,2853,1290,14,1304
32840142,3628,3040,16,3056
43994223,329,255,7,262
76230536,185,122,1,123
11760229,434,198,12,210
97090915,3280,2225,36,2261
43390380,1818,1457,21,1478
43362121,667,551,11,562
11570543,963,569,4,573
43360332,2699,2151,29,2180
97410023,1431,841,6,847
76230547,253,168,2,170
97142081,1645,1190,17,1207
22320234,465,607,15,622
54790768,461,450,8,458
43625864,234,177,5,182
22410155,215,141,5,146
11770567,1457,728,8,736
10840025,366,247,1,248
97141248,1801,1253,9,1262
22110220,147,89,2,91
43620690,629,474,14,488
11610560,211,125,8,133
43990858,1300,935,20,955
43370489,3407,2732,38,2770
86553052,693,558,12,570
97142676,1056,831,9,840
76310456,414,337,0,337
11790165,487,159,3,162
11070199,618,403,4,407
11770343,766,458,6,464
97141462,2513,1781,6,1787
43772250,765,555,6,561
86670186,3021,2157,28,2185
86910341,574,463,14,477
86661984,1784,1079,12,1091
43610026,366,316,2,318
86990934,308,186,2,188
22320188,2394,1794,27,1821
32871214,5367,3994,22,4016
43624931,305,172,5,177
43620667,715,467,11,478
98400179,2398,2003,2,2005
11070616,570,397,6,403
11620033,298,182,0,182
43950977,2788,2155,34,2189
11810214,273,167,5,172
22400570,1332,1027,36,1063
76400445,364,309,6,315
76240076,1489,990,13,1003
97100030,3552,2625,7,2632
33060170,2356,2017,14,2031
11590826,321,169,7,176
22650106,116,75,0,75
43370984,3440,2774,33,2807
22420808,775,558,27,585
86551083,992,665,15,680
43990959,952,692,10,702
76080281,705,728,6,734
33240204,1601,987,14,1001
11750105,301,152,3,155
11760645,221,132,0,132
10920428,137,115,2,117
22420628,503,184,3,187
86662536,266,149,1,150
43581270,326,205,3,208
65090347,230,149,6,155
54420128,353,184,2,186
10890097,450,243,2,245
32840940,2596,1838,16,1854
11810292,717,422,11,433
11591119,386,268,8,276
97530251,900,611,15,626
43390650,5072,3335,87,3422
54680036,589,348,8,356
10580015,1116,699,10,709
43502307,381,274,2,276
43621253,550,364,5,369
11631833,388,248,2,250
11580364,311,213,2,215
76360350,1011,520,10,530
33010063,2421,2096,25,2121
11590309,390,207,8,215
97410034,1102,561,3,564
11810326,783,378,10,388
43503443,538,400,6,406
11610267,616,355,7,362
76221187,558,454,1,455
86741646,188,114,2,116
76500110,499,341,2,343
43410619,637,270,1,271
54260401,1098,1009,14,1023
32951493,1767,1478,12,1490
11820147,931,547,11,558
76130153,494,215,1,216
54910324,848,649,4,653
33110312,898,540,8,548
43416536,720,600,8,608
76120275,744,428,4,432
76220276,1392,706,3,709
43503612,455,304,0,304
22100162,27,14,0,14
43691384,1057,802,0,802
76250730,392,255,3,258
22400457,310,251,4,255
76480870,382,217,3,220
11630225,470,271,2,273
43413454,1180,906,11,917
33240293,1948,1218,10,1228
43480391,698,755,6,761
33000297,3583,2981,3,2984
43412116,528,365,1,366
43670774,604,633,19,652
32950289,3476,1224,3,1227
22650263,86,41,2,43
11820068,941,497,6,503
86990383,459,293,3,296
43622478,908,637,10,647
11620932,812,544,7,551
43770438,90,52,2,54
11071022,163,128,0,128
65640045,601,488,9,497
54700084,1085,562,9,571
21860906,1678,1346,13,1359
11150165,114,89,2,91
76130715,395,234,3,237
54360086,1070,749,16,765
11590231,449,264,3,267
65440290,2870,2035,45,2080
43990139,234,134,3,137
10591141,873,994,4,998
32871168,5216,3463,70,3533
11610751,649,454,6,460
76350719,1131,726,6,732
54330151,2701,1915,26,1941
76291139,212,38,0,38
10841228,97,71,0,71
65030138,29,42,0,42
32961089,766,831,2,833
22020297,386,369,8,377
10890064,848,563,8,571
11390396,779,538,5,543
54450042,451,307,4,311
43691339,827,612,10,622
10251391,2968,1731,26,1757
32930861,1037,902,13,915
11760959,156,101,0,101
97100894,1011,1387,6,1393
11751678,263,175,3,178
86820138,360,68,2,70
11830755,822,424,12,436
97141305,842,890,9,899
86742513,231,161,2,163
43411306,689,541,1,542
22240134,772,611,4,615
11830238,586,373,10,383
32862135,2461,1896,17,1913
21861367,828,901,2,903
11750037,406,242,3,245
22530035,2122,1573,21,1594
97220112,1057,675,8,683
10870714,467,285,2,287
43416570,272,225,3,228
33010119,2211,1805,39,1844
86730228,2256,1790,28,1818
43411733,628,434,13,447
11800550,295,196,1,197
86742467,182,99,2,101
10980064,1591,968,19,987
43504107,197,161,2,163
43770124,1665,1207,14,1221
86552095,302,180,3,183
43371727,3769,2739,13,2752
76160730,849,433,8,441
76230064,901,453,10,463
43950326,2884,1849,6,1855
11580397,637,348,37,385
54720075,787,536,4,540
11610010,239,131,7,138
76250370,1439,809,22,831
10890109,831,555,8,563
43624863,462,326,9,335
97280084,3195,2502,7,2509
10850497,543,361,5,366
32870785,2834,1995,21,2016
86742984,724,531,0,531
11751993,323,211,2,213
76420065,691,726,2,728
76230626,355,263,2,265
76490343,355,229,0,229
43414714,294,202,0,202
66020060,82,59,1,60
86554233,364,315,15,330
43570223,1219,1301,19,1320
11591074,96,65,4,69
33060046,3150,2231,26,2257
10950274,219,157,1,158
33080093,1292,1461,20,1481
97140472,2153,1483,11,1494
65810044,1529,1188,17,1205
32871371,1193,1237,3,1240
86551184,1068,703,16,719
97530060,100,56,1,57
43418415,1103,1211,10,1221
87020142,2740,2207,7,2214
97140663,2267,1895,18,1913
10251841,2225,2356,31,2387
54540312,650,459,6,465
43390830,1690,1356,9,1365
32952708,488,553,23,576
86551702,1396,866,22,888
86553074,230,147,4,151
97840031,320,241,6,247
10100181,2002,1322,22,1344
97140269,2149,1349,8,1357
22090126,93,59,1,60
43992917,896,688,12,700
43360882,2139,1590,26,1616
76100767,1148,637,13,650
97540285,498,242,0,242
11071729,332,257,6,263
11600558,569,323,7,330
43415489,830,788,7,795
43620971,674,423,6,429
21860377,3881,2759,13,2772
76280676,575,380,7,387
21860872,1174,716,9,725
86550587,1059,462,5,467
32930883,1968,1365,12,1377
11631710,849,476,4,480
11080628,246,159,1,160
11790671,162,104,0,104
76321436,136,154,3,157
43990342,1031,814,12,826
97091635,2624,1855,16,1871
10910348,488,311,6,317
32960459,3138,2195,23,2218
86663278,615,537,16,553
43692217,1095,749,12,761
76170450,771,480,11,491
10250031,3809,2614,29,2643
43502385,534,372,3,375
65690040,62,52,1,53
43480234,2264,1445,23,1468
10870422,754,528,7,535
76150436,1356,717,11,728
43360613,2246,1579,18,1597
54610578,321,301,4,305
11810405,509,282,5,287
86992565,355,257,3,260
43840098,153,160,1,161
76481039,541,434,5,439
76350595,411,240,4,244
86820307,71,22,4,26
11620426,372,211,5,216
33030289,1943,1576,25,1601
21861312,401,379,0,379
43362154,2177,1859,19,1878
11570149,814,496,14,510
33010197,1530,1315,26,1341
22380016,1809,1205,2,1207
43417379,241,176,10,186
43771978,810,551,7,558
11790132,892,1202,5,1207
76140390,883,510,4,514
76150526,942,489,2,491
10810044,491,286,4,290
76510188,1107,562,7,569
22390051,1032,914,21,935
43670044,1974,1242,15,1257
65850026,231,182,3,185
76360349,461,313,2,315
54650752,526,677,5,682
43360141,2398,1826,14,1840
43690259,624,456,7,463
33250654,2991,1998,97,2095
76320581,805,464,2,466
76080629,345,560,0,560
76260090,734,417,0,417
43670101,2280,1209,1,1210
76220760,781,445,4,449
43415243,2034,1626,20,1646
43620634,311,228,4,232
10940431,405,267,5,272
97850032,239,166,1,167
11600547,801,474,11,485
76100600,647,327,4,331
43950944,1828,1541,14,1555
86730307,568,612,6,618
76380071,417,262,4,266
43390313,2281,1803,34,1837
76360024,769,366,2,368
10590870,2282,1590,28,1618
86821218,253,211,1,212
22410098,210,159,1,160
76500198,808,491,5,496
54540457,669,186,5,191
76350506,635,418,6,424
86720069,3213,2043,18,2061
43625347,187,144,8,152
43380154,4049,3358,49,3407
43581315,975,706,11,717
10490048,184,98,3,101
43870035,1297,1006,5,1011
76280092,896,637,0,637
76161034,377,230,83,313
33090263,2526,1985,19,2004
22540193,948,769,13,782
76230198,819,512,4,516
97230023,2050,1070,14,1084
76250088,1818,982,20,1002
43690204,832,568,14,582
43415579,262,199,3,202
97840176,232,176,3,179
43417672,1417,1424,13,1437
10070020,1277,896,11,907
76251078,343,248,5,253
11150031,1108,750,9,759
43992827,800,438,19,457
43415670,720,464,22,486
43581090,703,492,9,501
76060201,920,566,7,573
11780760,903,620,12,632
21861345,444,363,2,365
76160112,541,312,7,319
86570051,368,211,11,222
32940345,2673,1871,19,1890
97090667,3619,3055,14,3069
97141170,3139,2110,11,2121
76260348,691,395,2,397
76340213,951,555,5,560
11080404,602,325,4,329
43771596,967,752,2,754
22290049,608,497,7,504
76230569,152,108,3,111
43416020,427,305,4,309
76210624,948,542,4,546
76390083,1252,835,9,844
86741095,684,447,10,457
97530082,1171,619,6,625
33020570,2015,1740,3,1743
43590034,4062,2946,6,2952
10840519,422,260,4,264
86740038,371,187,3,190
32841569,1696,1301,8,1309
33090320,3281,1815,33,1848
22350035,554,398,13,411
11710044,674,515,18,533
11571207,230,143,3,146
22090193,58,39,0,39
76160392,846,522,6,528
43350285,1301,746,13,759
76140132,708,408,1,409
43691564,566,332,11,343
54120248,593,549,2,551
10880029,167,98,3,101
10841352,147,98,1,99
11610357,301,198,2,200
43360253,1198,1034,1,1035
33060664,2623,2092,2,2094
86661513,1025,647,0,647
97660031,718,527,0,527
76500086,475,234,6,240
76070099,403,490,0,490
97120188,2118,1409,5,1414
97420024,734,560,4,564
43410990,835,584,11,595
86992802,376,319,10,329
43770337,325,208,3,211
43400326,2217,1768,20,1788
10871142,243,161,0,161
65000225,1467,1196,19,1215
43580796,518,469,17,486
10760048,107,62,1,63
54900198,497,396,8,404
11570723,603,435,6,441
54790139,3743,2718,54,2772
11560261,3776,2358,37,2395
10591264,656,624,5,629
43622063,835,610,12,622
43691069,689,487,0,487
76060098,1589,875,9,884
76141021,306,244,0,244
76130827,291,191,3,194
54910111,1412,964,14,978
32960471,1516,877,14,891
97140337,1233,961,4,965
10930148,323,236,0,236
10930283,481,336,10,346
43414062,685,476,7,483
76370306,157,83,1,84
32850648,3877,3096,8,3104
97090263,3785,3065,6,3071
11770534,1357,711,7,718
97820040,483,242,4,246
22140021,594,487,7,494
54540468,752,524,11,535
97100669,1559,1360,11,1371
86820587,1345,990,19,1009
86910576,252,227,7,234
43350151,2606,2000,61,2061
10590959,484,288,47,335
86552309,1963,1383,34,1417
86662233,241,142,6,148
65910012,1856,1382,19,1401
21870660,975,819,19,838
22410458,68,26,0,26
43950540,2555,2136,15,2151
54190076,2208,1398,13,1411
43621264,486,274,4,278
97340014,1769,1338,0,1338
11811057,457,308,1,309
10250873,2795,1864,24,1888
76270091,1453,798,20,818
11390363,175,92,3,95
65020069,23,21,0,21
76340730,499,288,3,291
11630416,495,260,8,268
43771305,1326,1089,10,1099
86662367,426,263,3,266
98410024,1726,1491,3,1494
65210015,651,378,22,400
43414646,1272,918,6,924
76480342,655,296,3,299
10590364,1550,1142,13,1155
10100046,1951,1299,15,1314
10940374,226,141,4,145
86991643,843,558,2,560
33270252,3248,2291,39,2330
54910997,450,412,6,418
32953002,907,1090,6,1096
76350371,1575,845,7,852
22400479,168,129,1,130
10840294,860,549,18,567
22420820,1009,707,24,731
33100063,1644,1258,51,1309
54650460,377,387,8,395
54580125,851,440,4,444
10500051,42,35,0,35
21860243,1156,872,1,873
10820258,793,303,3,306
76530214,848,712,10,722
11780951,267,187,4,191
76321043,786,399,7,406
76221288,101,196,3,199
54880623,284,259,0,259
10920103,204,129,0,129
10790063,1074,616,10,626
33250755,359,434,4,438
97110334,2686,1897,11,1908
86910284,815,657,2,659
11631237,486,314,4,318
76360798,228,196,5,201
22720081,1304,865,10,875
22150246,1648,1327,5,1332
97090500,1485,1244,6,1250
76170461,1952,1192,7,1199
76170270,1263,675,5,680
21861222,3739,2306,44,2350
22070012,1618,956,18,974
10810011,674,424,5,429
86820600,1771,1339,49,1388
76080449,1529,1225,27,1252
43582046,606,427,13,440
43411205,1032,695,12,707
11631439,596,404,3,407
43400506,1778,1397,31,1428
43772003,1060,759,13,772
86770154,567,467,7,474
43621736,1212,866,10,876
32960729,1996,1599,18,1617
33240451,749,632,8,640
43670538,2267,1651,21,1672
43960080,376,308,5,313
43621769,117,67,1,68
11830104,705,629,6,635
76520156,1166,891,9,900
22110130,57,42,0,42
33070171,1779,1465,67,1532
76300141,1547,681,11,692
43621972,319,268,3,271
65660014,57,46,1,47
76380385,336,205,0,205
76270125,1732,687,10,697
43994177,1454,1258,16,1274
86730082,1981,1463,27,1490
76250910,432,306,7,313
43580347,2647,2095,70,2165
32862225,3278,2291,22,2313
76200814,292,215,0,215
11610403,308,154,0,154
76291094,323,174,7,181
22320076,658,308,6,314
97270094,2537,1633,8,1641
22610124,1381,951,12,963
32850749,5699,4096,12,4108
76360417,443,246,1,247
32952652,639,811,9,820
54910526,1758,1236,12,1248
43582079,543,422,9,431
43370805,3101,2649,0,2649
76060627,514,761,3,764
76340033,929,458,7,465
11830069,917,538,13,551
97090375,2164,1551,12,1563
86720159,629,524,4,528
22421652,96,69,2,71
22421214,1148,680,12,692
97130976,2531,1794,13,1807
54410240,73,83,0,83
97200345,2343,1399,28,1427
11770691,542,190,12,202
54680160,214,143,4,147
43621882,257,198,3,201
86661546,1061,758,10,768
32950706,2434,1906,21,1927
97142104,2397,1813,24,1837
11770219,802,499,10,509
33270195,1400,656,11,667
65440357,2949,2205,8,2213
65500107,55,44,0,44
10910281,537,331,0,331
97130640,1609,1247,6,1253
11070166,436,277,3,280
11571353,188,137,3,140
33060844,2928,2366,6,2372
32861617,2072,1607,14,1621
10970029,2271,1716,30,1746
11590950,303,180,2,182
43990128,504,329,7,336
21860939,2952,1800,60,1860
10790221,491,284,7,291
43620577,438,303,5,308
43993626,670,461,15,476
76290363,724,381,6,387
43362165,4378,3033,58,3091
97950044,1156,740,0,740
32870077,2936,2317,8,2325
11390048,844,414,0,414
86991351,1625,1008,9,1017
22420921,1101,654,14,668
76150065,1167,765,10,775
22650252,78,42,0,42
10590500,1704,1211,40,1251
97140797,2755,2176,2,2178
54130159,374,323,4,327
76140738,289,180,1,181
86551724,358,236,1,237
76220412,1258,749,9,758
43950595,2488,1991,23,2014
43361704,2147,1578,12,1590
86992789,391,294,10,304
11080369,371,241,1,242
43900185,1131,1004,24,1028
10830158,83,73,0,73
86991070,1073,764,14,778
76080461,287,218,10,228
65530166,423,298,6,304
11800987,331,224,4,228
10251054,2091,1667,13,1680
65400027,3533,2629,35,2664
11230030,949,655,7,662
32930647,1507,1024,11,1035
43670426,2402,1757,42,1799
76160673,407,257,2,259
54650718,728,693,24,717
32980316,1980,1464,20,1484
98100075,712,426,13,439
43411698,865,596,12,608
11811204,244,167,7,174
43740109,2141,1722,32,1754
54590429,1071,812,6,818
10600052,1573,1036,18,1054
76350708,1122,494,10,504
76450350,332,236,12,248
43360769,2419,1955,58,2013
76370249,1029,576,4,580
33030065,2946,1878,13,1891
43622759,303,202,4,206
54870048,1032,671,14,685
97091949,3055,2223,47,2270
44010054,243,185,0,185
11650205,442,296,0,296
43400720,767,668,8,676
11240086,772,551,11,562
65860038,55,40,0,40
76340741,685,390,9,399
76220647,999,618,3,621
11781154,558,406,10,416
54410194,1928,1527,16,1543
33010131,2529,2032,28,2060
33250812,753,687,22,709
10590195,2694,1645,27,1672
76520134,133,85,0,85
97120010,2737,2079,18,2097
43370030,926,581,0,581
76140862,813,544,16,560
11070289,406,234,1,235
33030054,948,802,7,809
43418976,435,379,1,380
76400041,1138,590,12,602
76140727,1251,695,7,702
76060571,789,607,7,614
76090248,2024,1216,9,1225
33060596,1136,910,11,921
43418044,457,345,7,352
33010614,2649,2114,9,2123
76220456,1221,726,4,730
43415052,732,508,6,514
33240428,412,83,3,86
76370463,316,177,6,183
43504905,317,245,0,245
76340280,557,323,5,328
10810549,241,177,1,178
76140907,680,500,3,503
11560148,1449,908,9,917
11820743,440,284,9,293
97830030,658,390,4,394
10940273,253,139,0,139
76130692,749,441,14,455
76200667,406,329,4,333
33090500,1386,518,14,532
76270428,300,180,18,198
43390627,3007,2538,52,2590
10250727,1823,1224,19,1243
32951415,2054,1431,14,1445
76321560,286,224,3,227
32930029,2228,1750,8,1758
97091264,3433,2601,17,2618
54790151,2061,1653,16,1669
22600796,1131,860,12,872
86700179,2848,1782,20,1802
54590485,563,501,9,510
86991621,876,464,14,478
10930036,648,436,5,441
43413566,952,711,15,726
43417616,1192,1041,15,1056
10940307,167,100,0,100
54220339,468,374,8,382
43772339,1497,1050,22,1072
43625774,249,181,5,186
86743772,71,71,0,71
76320019,730,455,5,460
43504343,70,62,2,64
86660332,695,367,68,435
76290194,963,406,2,408
32861189,2106,1291,3,1294
43692824,798,585,9,594
76230659,231,130,3,133
43417166,1771,1338,26,1364
43414275,612,360,8,368
43772485,1823,1504,18,1522
11460226,146,89,3,92
11650452,714,465,9,474
43691979,865,608,12,620
43418077,334,377,9,386
10850486,486,300,3,303
76210398,1267,741,5,746
11750251,751,463,4,467
86580243,216,116,0,116
54200012,422,259,4,263
76140806,578,388,2,390
33060282,2382,1858,20,1878
54540536,663,495,10,505
54270019,3203,1699,27,1726
21980011,2427,1709,43,1752
86661401,1431,941,13,954
76100105,546,296,3,299
11610021,452,252,1,253
32950223,5968,3114,6,3120
32931031,691,597,5,602
86741028,1447,892,21,913
43774667,859,746,10,756
76101296,404,237,12,249
76060616,272,199,2,201
43411946,777,554,10,564
43992197,261,193,5,198
76210163,586,341,1,342
43993570,380,259,5,264
43994526,771,737,4,741
11070818,306,169,3,172
33020222,2886,2028,9,2037
32952247,1683,1298,19,1317
54870037,988,744,5,749
43960091,960,762,12,774
86661580,1940,1289,20,1309
33061070,3152,2375,25,2400
76300501,898,490,5,495
43460085,1011,827,10,837
11571252,391,216,0,216
10591196,1154,1053,30,1083
11580937,412,259,5,264
76351316,213,175,2,177
43900095,1462,847,7,854
11810843,472,286,3,289
86580030,1163,793,13,806
76180125,1148,667,12,679
43991927,848,597,8,605
10590151,2316,1401,19,1420
22820060,130,58,3,61
10910775,284,172,4,176
76100677,2151,1225,12,1237
11620257,392,220,1,221
86730239,1874,1182,12,1194
10920383,376,251,3,254
22070034,2150,1335,26,1361
11781020,400,298,9,307
54700118,821,885,13,898
54570180,931,591,7,598
76180170,459,227,4,231
76320592,709,450,6,456
65680050,157,51,0,51
86740993,970,590,8,598
11590501,387,187,0,187
97130594,1778,1448,6,1454
11030173,1470,1095,13,1108
32850121,2115,1766,8,1774
10910225,441,281,0,281
86580131,1788,1068,0,1068
10250086,4152,3485,17,3502
11370068,114,73,3,76
54660157,212,97,1,98
10590814,1713,1131,12,1143
10840531,390,235,10,245
22630193,131,72,3,75
97110402,1734,1393,14,1407
11580151,922,573,6,579
43414703,570,362,6,368
43415366,373,271,8,279
43693285,680,630,10,640
43690877,1972,1586,29,1615
65760082,330,259,2,261
86551094,489,275,5,280
33240507,560,462,9,471
43412071,532,369,4,373
32841716,3307,3459,18,3477
54260119,2482,1730,26,1756
43690507,642,384,10,394
54910188,1153,739,10,749
32951189,1997,1330,3,1333
32952854,939,1091,3,1094
54170018,1172,852,23,875
65170010,864,639,4,643
97140416,2256,1672,7,1679
86820396,224,122,6,128
10170010,1210,989,9,998
43390368,2902,2193,10,2203
22470083,1155,780,7,787
86742636,1459,1112,17,1129
33250610,1601,1244,19,1263
86940018,2339,1538,25,1563
43621231,464,275,4,279
11591490,279,147,0,147
76490501,331,306,1,307
10890299,432,324,3,327
43361625,1802,1107,14,1121
76190249,922,585,6,591
76530124,148,67,1,68
97140731,2836,2049,17,2066
86550240,939,582,5,587
10670330,1465,1670,8,1678
32840883,1797,1348,10,1358
97090139,1857,1337,45,1382
76300613,507,340,4,344
43370074,1545,1228,22,1250
43370962,3793,2813,5,2818
76360361,1643,932,18,950
76101410,640,455,1,456
43770382,979,703,12,715
86821195,460,391,13,404
86590143,1853,1145,8,1153
76220962,752,536,0,536
10841431,230,151,7,158
43691283,690,446,1,447
86741354,455,257,3,260
76340538,972,521,5,526
43622197,691,468,7,475
11770523,668,395,12,407
43400494,686,561,0,561
54620805,137,82,1,83
54600128,2250,1631,16,1647
54410082,522,257,4,261
11760331,567,225,2,227
54720053,1427,1106,12,1118
33270049,2758,1460,14,1474
97091466,2341,1774,15,1789
11751791,541,375,7,382
86740229,809,467,5,472
32870842,2510,1537,7,1544
11571274,352,195,7,202
86742939,290,174,5,179
32960303,1869,1416,22,1438
11811136,405,260,5,265
65570047,4070,3010,35,3045
11631899,271,175,6,181
54650279,1455,1014,13,1027
43370366,1276,787,16,803
22500010,2424,1828,24,1852
32910443,773,881,3,884
11831408,483,368,2,370
11630528,522,229,3,232
54860047,323,225,3,228
54910380,1231,1042,13,1055
86580108,702,415,11,426
33200165,200,169,12,181
43690990,478,346,0,346
11760814,207,129,6,135
11580454,193,107,1,108
33060068,4068,2808,54,2862
21861648,264,358,1,359
86820835,240,127,1,128
11760151,489,282,4,286
76211186,811,416,3,419
43502273,525,464,10,474
33060114,3642,2995,5,3000
32850086,3432,2665,18,2683
22720250,838,729,9,738
11750554,387,174,1,175
32870235,1758,1391,11,1402
22170013,924,597,13,610
43690428,494,315,12,327
43350016,5338,3149,14,3163
10940060,478,291,4,295
76200690,226,196,3,199
76230154,581,281,8,289
10820540,218,131,3,134
33250508,3197,2387,35,2422
11070986,649,335,59,394
76100655,382,253,1,254
43771530,552,424,0,424
10670363,503,384,3,387
43620881,455,265,0,265
97140102,2785,2399,13,2412
10340020,515,396,4,400
86554367,60,71,0,71
43501823,837,505,7,512
76250965,512,388,4,392
21870255,1821,1277,19,1296
33250036,2358,1631,20,1651
76280766,254,220,2,222
76360462,768,377,8,385
86662053,1921,1325,7,1332
32950481,2709,1643,7,1650
21980022,590,497,6,503
33000163,2383,2123,20,2143
54190133,751,596,11,607
97091297,3178,2695,7,2702
11570756,183,102,1,103
54410138,418,297,0,297
86991801,1324,872,8,880
43870136,2177,1875,26,1901
11751342,498,317,4,321
54280043,2102,1276,11,1287
11080538,513,374,5,379
10940048,465,296,7,303
54420016,362,237,3,240
43413779,1516,931,13,944
33010625,3174,2834,8,2842
98390010,1518,1161,5,1166
97330024,1431,992,6,998
43360950,2430,1893,20,1913
11290069,388,339,9,348
76220669,778,454,5,459
11800853,262,151,6,157
32850301,4613,2511,0,2511
11751285,754,522,22,544
11560249,691,501,4,505
65000247,647,577,7,584
43412240,642,401,5,406
43503128,543,396,4,400
43950438,2455,1450,13,1463
76300152,1479,906,8,914
32860559,2960,2111,12,2123
10920237,747,393,7,400
76100576,800,433,2,435
43582529,736,596,14,610
43417278,207,150,1,151
11060110,865,603,9,612
10250097,4069,2902,9,2911
10680016,826,589,8,597
11580139,767,496,7,503
43771787,194,145,2,147
10590803,2366,1513,23,1536
11090067,472,305,6,311
86552477,350,217,5,222
10820955,408,393,6,399
54220306,692,587,12,599
97520159,911,635,0,635
76211423,131,88,0,88
86740139,1053,599,14,613
43771844,684,487,12,499
10870556,1032,624,14,638
43692936,779,623,10,633
11611011,609,404,2,406
76101083,783,445,3,448
43360657,4995,3166,52,3218
43950113,2362,1643,17,1660
86661670,1013,679,9,688
11801258,167,131,2,133
44050058,2185,1724,9,1733
11610582,327,219,2,221
54760080,1150,836,11,847
22420167,1131,726,22,748
10510029,218,87,3,90
43417571,611,505,4,509
32890237,2828,1825,35,1860
43362086,1792,1444,22,1466
54911123,452,525,7,532
10920372,428,291,5,296
32930973,1679,1590,49,1639
22410368,159,106,0,106
11571375,126,80,0,80
76200803,362,426,1,427
43771608,736,398,14,412
54600229,2195,1798,13,1811
33020064,3036,2198,62,2260
43361636,4178,3489,50,3539
22470207,122,120,2,122
32951718,2337,1802,8,1810
33150158,100,225,0,225
43501115,1092,749,15,764
54620748,223,210,4,214
43560109,344,388,5,393
86580221,961,704,7,711
11760016,654,287,5,292
11590972,839,553,8,561
97530127,860,259,6,265
76080359,282,323,1,324
43581124,506,369,4,373
43692093,1689,1224,25,1249
43771125,638,482,4,486
97370040,478,334,3,337
54910739,944,832,6,838
76221154,239,256,3,259
76380453,1018,508,6,514
76480409,962,595,6,601
43770157,492,376,3,379
76320839,723,399,1,400
86740533,1204,702,22,724
86990798,693,514,6,520
32870561,1930,1439,30,1469
43691676,323,208,3,211
97140281,4873,3222,35,3257
32862618,3444,1830,32,1862
76150593,1043,526,10,536
54890613,757,603,17,620
76190238,799,415,6,421
43950179,2504,1996,14,2010
11620415,764,408,4,412
32863293,503,703,15,718
43500990,631,439,6,445
10840340,421,281,3,284
86743569,260,176,29,205
43771057,1276,1073,19,1092
86741062,1416,796,10,806
54200056,68,67,2,69
10930182,95,85,0,85
54420049,142,86,0,86
33010085,2748,1847,15,1862
43400102,1971,1550,5,1555
97540038,123,45,3,48
11591489,388,282,0,282
10860342,341,227,2,229
11771153,357,186,4,190
54620771,291,195,4,199
33250878,382,499,2,501
54440311,497,379,6,385
76150098,508,332,2,334
43692116,1256,874,24,898
76400355,828,463,10,473
32861550,1766,1469,58,1527
43415007,633,361,36,397
11071752,322,220,1,221
86990990,878,585,1,586
76140873,513,348,4,352
10930317,84,74,1,75
43625572,599,390,7,397
22260035,1651,1114,22,1136
76240414,296,251,1,252
76160640,1285,717,10,727
43380222,1755,1062,21,1083
43621657,124,79,2,81
10251751,1187,966,14,980
22270036,934,653,14,667
33190095,281,518,3,521
32862034,2320,1828,25,1853
33020615,3876,2752,45,2797
98340037,245,141,0,141
43417942,122,93,4,97
10520075,103,77,3,80
54410442,112,135,3,138
11230041,748,570,9,579
65030149,27,34,0,34
43410989,545,368,6,374
43690989,530,257,5,262
43992760,1001,768,6,774
86662671,1447,1035,16,1051
97090409,1924,1470,5,1475
11601009,624,423,2,425
11801124,470,339,3,342
43626023,1193,1033,18,1051
43580033,619,419,2,421
65140129,411,348,5,353
32841121,2347,2092,12,2104
76291140,24,24,0,24
43690394,992,661,5,666
43581045,879,555,21,576
76290127,695,289,1,290
32841323,1463,885,13,898
54220115,1604,1209,86,1295
32862405,2309,1747,21,1768
11751106,425,234,6,240
22430304,91,57,1,58
76220636,911,552,0,552
54880645,497,504,15,519
43693072,326,283,6,289
86660264,1293,791,7,798
43772160,602,464,7,471
76380723,439,324,7,331
22240022,1363,669,9,678
33250283,2709,1829,18,1847
54540020,1801,837,15,852
11390408,637,116,1,117
43410899,875,669,10,679
33060888,3567,2898,7,2905
76290958,790,249,2,251
32860256,3843,2881,29,2910
43419090,463,379,3,382
86570039,167,69,0,69
76250202,538,337,7,344
86741477,538,318,9,327
86720036,1408,917,11,928
97092153,1159,1092,5,1097
11810461,761,481,3,484
98230024,914,703,7,710
11631798,286,174,2,176
66030038,67,51,0,51
76190025,1351,766,24,790
11071583,260,192,5,197
11770499,899,527,8,535
11821193,509,346,6,352
76330571,42,57,2,59
76380048,655,370,7,377
43410158,942,600,34,634
11830452,739,511,9,520
54440063,373,213,4,217
10430187,131,79,1,80
43991039,456,305,11,316
43410361,608,373,8,381
76220670,1046,577,13,590
22150145,1602,1104,7,1111
54410431,77,70,0,70
43400865,2601,2403,41,2444
97530150,592,326,11,337
54140127,1721,1109,15,1124
76150313,543,285,8,293
10850194,472,277,11,288
76150199,1148,476,8,484
43504893,210,323,2,325
86950031,1980,1343,46,1389
86910385,2368,2020,2,2022
11610335,488,344,5,349
54740167,521,469,2,471
22800215,1530,635,51,686
86552983,336,238,2,240
97130921,2434,1930,6,1936
43621310,669,389,10,399
97100120,1568,1257,8,1265
11630629,306,201,6,207
11780108,417,266,3,269
32850862,3985,2581,33,2614
11780209,782,450,12,462
76340246,1055,614,2,616
43413252,453,254,7,261
43693117,280,452,13,465
76150717,550,453,7,460
54790757,501,479,3,482
22810069,143,83,0,83
22600561,1188,658,17,675
10670217,1141,757,8,765
65850048,412,305,2,307
54140116,1344,940,16,956
10240041,1539,1099,23,1122
86660781,732,530,19,549
43417009,1104,929,24,953
86554312,498,432,3,435
10900022,350,215,2,217
33080060,2071,1292,13,1305
32980372,5967,3018,44,3062
32840872,2361,1819,13,1832
43415614,190,191,5,196
97800228,1116,960,12,972
86991418,1439,856,15,871
33250766,726,780,4,784
32960561,1538,935,1,936
43626113,262,247,2,249
11820833,269,174,6,180
54610174,1513,805,15,820
10870804,395,322,0,322
22110152,65,51,1,52
22090115,72,51,0,51
33060934,3171,2240,12,2252
43380200,2048,1637,3,1640
11460147,276,177,4,181
10090134,1058,636,9,645
10810224,373,257,5,262
32870347,6381,3802,16,3818
76321403,300,256,3,259
76211401,575,418,1,419
43626078,310,265,1,266
10810426,354,183,0,183
21861299,682,573,9,582
43583081,1049,836,30,866
86820981,1722,1149,22,1171
43770955,2024,1740,14,1754
86990451,377,237,5,242
76310287,1138,606,14,620
54210046,1857,1325,19,1344
11630685,639,397,1,398
43770911,360,300,5,305
86680020,4655,3217,8,3225
10841217,148,108,0,108
43360927,1881,1470,26,1496
65030059,146,120,0,120
98280041,1737,1374,8,1382
54500037,584,428,1,429
86992464,860,705,2,707
43993323,637,457,7,464
97142452,2708,2206,30,2236
43772643,525,321,1,322
86550879,223,76,4,80
76220489,774,418,6,424
54910931,420,433,3,436
43582271,1836,1326,26,1352
97700036,382,399,1,400
43412846,574,359,9,368
97100838,2962,1914,29,1943
86820172,551,369,11,380
22210041,1267,849,15,864
66020048,44,18,0,18
10830079,91,57,0,57
76200162,1355,855,15,870
76360259,1230,854,6,860
11160188,285,192,4,196
11761264,427,332,6,338
32841435,809,751,17,768
11590130,817,449,6,455
21860849,1838,1492,19,1511
76370047,548,320,0,320
11600064,744,481,18,499
11630742,188,133,2,135
43414848,438,323,5,328
86663290,367,249,5,254
11000024,1254,1005,12,1017
10591398,884,1120,14,1134
33061227,526,563,8,571
10940857,234,161,2,163
11100249,317,206,7,213
11390509,758,492,11,503
22720407,472,413,8,421
10250299,2115,1552,19,1571
76540114,265,156,0,156
86820554,198,86,1,87
98210033,77,49,0,49
97090397,5361,4183,16,4199
11080561,185,124,0,124
11831341,332,218,3,221
97110378,2295,1471,17,1488
22650038,198,113,10,123
97270184,723,495,13,508
86663504,230,289,6,295
21861705,340,394,4,398
76370227,638,343,2,345
11080291,709,411,8,419
32950751,2377,1726,8,1734
43583014,1205,935,8,943
43416019,376,230,0,230
22720148,1963,1256,23,1279
10330063,390,279,2,281
86553298,181,124,0,124
33090331,2654,2233,1,2234
43400146,3328,2595,40,2635
43771574,734,330,9,339
97093389,1371,1147,8,1155
32930726,1111,791,14,805
54470112,1793,934,14,948
11030397,296,252,1,253
86550734,658,373,8,381
76090406,165,76,0,76
76360833,182,140,1,141
76450125,1611,854,14,868
97141541,2059,1639,7,1646
43621635,266,109,1,110
86662323,575,432,4,436
11820484,773,431,4,435
22430203,221,128,3,131
21861323,2686,2086,5,2091
43501182,551,355,5,360
11400039,128,93,3,96
43680023,1034,771,9,780
54670046,595,297,4,301
22600235,1801,1243,12,1255
86821027,93,50,0,50
76141010,507,390,3,393
43413667,758,479,3,482
76200500,342,301,6,307
97830131,324,171,2,173
11460282,314,181,1,182
76211434,334,246,5,251
86992037,2214,524,20,544
11631888,223,146,4,150
65070053,260,209,2,211
98070026,334,250,0,250
76510346,359,246,0,246
97091107,1574,998,12,1010
54330207,778,755,17,772
22690065,2398,1484,28,1512
54880588,321,268,0,268
76200623,488,385,5,390
43380312,3120,2318,37,2355
54880038,1310,993,1,994
54410330,231,255,4,259
43560053,1452,1285,8,1293
54790724,307,375,1,376
43580022,504,319,0,319
54870149,764,599,6,605
11600716,597,352,2,354
43994548,400,337,5,342
54911167,159,165,1,166
10841149,186,140,0,140
11780704,211,156,3,159
33010489,2309,1525,17,1542
32952450,1343,1283,3,1286
97100614,2264,1843,4,1847
65680049,144,40,0,40
21860311,1821,1265,10,1275
43600362,1317,1215,18,1233
33070069,1319,1037,18,1055
65920013,1973,1503,5,1508
97091657,4331,3095,20,3115
22600673,1784,1228,15,1243
86742603,138,80,2,82
33250250,1865,1217,9,1226
33260183,2089,1430,21,1451
32863259,579,645,13,658
86742142,71,42,0,42
76490310,86,65,0,65
43772665,438,276,11,287
76330155,692,428,1,429
11080639,323,189,4,193
43774184,437,319,6,325
43560042,1862,1315,11,1326
43991264,564,432,8,440
97540184,1064,593,7,600
10860027,720,459,4,463
86742366,155,108,1,109
54570012,1661,654,13,667
86910408,1015,841,8,849
32940312,2352,1694,17,1711
33061036,4523,3267,25,3292
76260427,541,324,11,335
22420291,1635,1173,15,1188
43400641,953,814,9,823
33060899,2442,1947,12,1959
32960594,4084,2743,38,2781
22630070,111,60,1,61
54650651,773,826,2,828
76221132,540,422,5,427
86552871,972,736,4,740
43371019,2401,2203,40,2243
11640237,786,483,2,485
86820756,2302,1366,37,1403
11630595,417,271,9,280
43582776,1700,1251,75,1326
43994133,370,283,6,289
10250109,2690,2272,6,2278
33080194,2158,1403,13,1416
32960426,2441,1694,14,1708
43583250,642,395,5,400
97220033,2564,2129,7,2136
11801078,289,213,11,224
54570078,1524,891,11,902
86880033,860,643,6,649
97091916,1886,1568,34,1602
43625280,721,587,6,593
43993705,494,366,6,372
76520033,741,514,3,517
43992232,514,334,3,337
32951785,4503,2520,21,2541
43740244,658,581,2,583
76130366,599,279,3,282
76400175,744,409,7,416
43691755,787,585,9,594
11820934,504,327,3,330
65800021,385,205,6,211
22340102,370,297,3,300
76320435,784,488,7,495
76510087,495,265,2,267
97100782,2373,2181,6,2187
76321087,652,354,8,362
98410103,2111,1442,13,1455
10251515,1546,1077,20,1097
76250921,709,618,6,624
11830979,1126,895,17,912
97210010,621,423,2,425
43361265,2044,1383,16,1399
54210305,325,278,4,282
10900123,251,145,3,148
10850396,295,208,6,214
43625640,504,385,7,392
10910326,344,216,2,218
22290027,1061,962,19,981
76180181,637,378,5,383
43412622,1110,841,10,851
43692981,184,162,0,162
10591040,1716,1403,6,1409
86730251,1175,880,16,896
43775152,374,383,8,391
76230413,285,154,0,154
43951327,693,877,3,880
11100250,641,438,8,446
11820619,537,302,8,310
43504859,572,412,6,418
21940017,1844,1119,22,1141
32900183,4092,2851,53,2904
43416794,465,366,2,368
86550262,666,332,12,344
11831026,1069,820,10,830
43774409,478,298,4,302
11790750,310,267,0,267
43600205,514,404,2,406
43993480,811,637,12,649
76480500,976,579,5,584
11820732,314,172,4,176
43361984,877,825,10,835
11650430,161,120,1,121
97140573,2238,1488,27,1515
10250042,3979,2848,27,2875
21870086,1746,1080,17,1097
11580588,675,448,3,451
76260382,182,142,2,144
76230042,445,256,2,258
86670298,850,828,7,835
54220216,817,552,12,564
43690901,1114,826,13,839
11830081,884,596,15,611
10780039,90,64,0,64
33020457,1905,1092,17,1109
33170172,1717,1593,11,1604
10841015,527,389,10,399
86730150,1529,1125,18,1143
43581450,719,582,0,582
22800158,114,61,0,61
54570416,315,267,8,275
43414556,658,401,15,416
11630269,476,249,6,255
43370669,2823,2301,10,2311
11640158,364,234,4,238
76291117,410,281,24,305
86663212,527,435,7,442
33010344,2732,1487,15,1502
76130546,853,453,15,468
43371367,2084,1877,9,1886
22600189,1219,763,6,769
43621196,654,428,3,431
76150054,677,330,5,335
43502936,417,293,2,295
43413320,998,744,14,758
11780232,1955,1362,22,1384
43992940,103,69,1,70
21870615,374,339,3,342
76370654,466,301,4,305
33000376,2952,1788,39,1827
32950818,3514,2631,10,2641
22210119,1250,715,8,723
97200233,1629,912,5,917
86742401,193,127,16,143
43691216,618,426,12,438
43480098,835,498,5,503
43990038,595,310,4,314
43583913,791,560,9,569
43413847,1706,1104,9,1113
10870815,488,349,14,363
97950066,427,535,10,545
33020750,940,998,13,1011
33030425,2848,1761,29,1790
97142272,2050,1345,14,1359
22320177,874,511,4,515
43390166,2215,1771,12,1783
33090061,3112,2021,13,2034
43370883,797,628,6,634
76510098,256,147,4,151
98380198,1793,1143,9,1152
33280073,1285,810,13,823
22600347,2133,1416,13,1429
65440515,1646,1437,9,1446
10300363,1902,1249,20,1269
11630135,356,224,7,231
10830136,515,371,7,378
76370777,562,310,5,315
86742209,381,223,6,229
11800549,478,299,7,306
22210018,830,515,3,518
22720373,885,821,0,821
86553681,1386,961,23,984
97100029,6543,5402,4,5406
43950225,2355,2027,33,2060
11591175,339,241,7,248
76130704,570,319,22,341
97090454,3062,2464,13,2477
32860807,3030,2193,12,2205
76330425,786,570,5,575
22421382,798,696,18,714
43410451,840,496,6,502
43772902,473,317,0,317
43625314,132,95,3,98
43361221,1884,1402,22,1424
54910818,497,385,6,391
32940907,969,958,0,958
76310119,1070,484,8,492
32861606,1617,1212,10,1222
54890781,1212,915,10,925
54390056,231,145,3,148
43693296,431,366,7,373
11751588,246,152,4,156
11070649,417,263,3,266
11770668,366,238,7,245
10251548,1880,1348,17,1365
32860616,1793,1339,1,1340
76320031,506,210,1,211
66010047,45,33,0,33
11100171,491,332,21,353
43418370,381,322,6,328
10570137,518,308,34,342
11650058,698,441,2,443
11771096,1115,540,13,553
32951044,2715,2098,5,2103
43411249,672,479,3,482
32951730,2390,1793,18,1811
54750078,492,460,2,462
76060223,1777,1043,19,1062
32861718,2395,1722,10,1732
11680039,417,278,10,288
87020311,1767,1318,14,1332
54330139,2458,1536,12,1548
22080079,131,80,2,82
65210037,1219,953,14,967
11830115,389,201,5,206
54790410,2156,1467,26,1493
86554299,286,233,8,241
11760230,283,122,0,122
43951338,871,1222,28,1250
22421764,376,272,6,278
43624829,1587,1211,26,1237
76380150,1721,901,15,916
22430214,206,118,4,122
76360282,515,315,5,320
54620063,1119,548,6,554
76280283,1056,665,5,670
54540570,948,731,14,745
11580814,297,197,1,198
86740195,1222,869,9,878
10850318,345,240,4,244
22630227,87,41,2,43
11030139,1115,688,7,695
10090044,762,518,6,524
97090498,3715,2746,7,2753
11390419,739,440,4,444
11631316,286,192,1,193
10940778,362,238,2,240
11580870,418,295,5,300
43692150,1330,895,13,908
98420137,530,442,1,443
22420011,1339,778,12,790
54260467,1108,1054,5,1059
43770315,565,369,3,372
32841109,3107,2289,25,2314
10790445,267,176,2,178
22600101,2043,1390,16,1406
10920473,507,380,0,380
32890596,3749,2732,3,2735
54890477,1263,927,10,937
43990612,740,604,11,615
43500709,508,392,0,392
10841385,150,95,3,98
32870516,2383,1842,19,1861
11620594,810,430,0,430
43390032,3692,2881,33,2914
11760500,876,563,5,568
43412284,620,427,8,435
43772407,435,349,4,353
54650347,2897,1686,18,1704
32900161,3380,2376,20,2396
22450070,601,492,10,502
86662918,517,330,2,332
65660025,21,122,4,126
32851290,493,559,9,568
86740230,731,460,9,469
43503500,620,385,6,391
97141192,2712,1992,16,2008
11810731,494,339,6,345
11760117,305,168,7,175
11820383,841,494,19,513
43775220,591,547,10,557
64940025,1751,1262,8,1270
65060018,1435,907,16,923
43774555,1394,1158,23,1181
86742647,304,194,10,204
43600092,1599,975,7,982
11591478,331,216,2,218
11790356,800,459,2,461
11800358,240,153,4,157
86550790,451,337,3,340
33000185,5084,3151,58,3209
43991488,1074,735,9,744
11800099,552,294,7,301
10900066,321,165,4,169
10920136,901,653,9,662
54910504,942,683,7,690
76290071,1096,495,1,496
86742388,963,705,0,705
76310254,1170,625,13,638
22540137,1326,895,0,895
43620948,293,195,3,198
76101151,581,329,2,331
98030011,2533,1870,26,1896
43500800,514,323,9,332
43410125,1615,1087,20,1107
32890732,1810,1583,4,1587
86992587,1199,525,44,569
33020637,976,624,13,637
43350027,3106,2394,15,2409
11750767,470,286,5,291
10370012,697,550,0,550
33330013,384,194,2,196
43772238,1216,1009,7,1016
97840064,919,607,4,611
32950278,3403,2665,7,2672
33200211,237,480,13,493
43412295,911,606,7,613
11810674,599,406,3,409
43500877,1176,787,13,800
32952506,2231,2193,5,2198
22700034,1474,944,20,964
32980350,3491,1692,17,1709
54680126,605,293,1,294
21870097,2271,1432,28,1460
11250043,927,744,8,752
76530056,318,157,2,159
32951639,2147,1820,5,1825
98180039,923,704,10,714
76130524,386,214,1,215
21860715,1347,837,12,849
22400109,237,169,8,177
86742210,452,283,6,289
76221244,428,322,6,328
22800248,549,499,11,510
43993288,219,153,0,153
21870064,1261,828,11,839
76170427,422,183,4,187
97220189,1303,978,13,991
10820371,212,141,2,143
54820021,427,300,4,304
54230116,1901,1426,19,1445
54580169,1293,850,10,860
43500495,918,646,5,651
10910124,442,295,11,306
43622243,769,551,7,558
32841233,1902,1363,21,1384
43504714,339,279,5,284
43501597,217,136,0,136
43380109,3259,2348,37,2385
54900064,1312,874,21,895
21861749,790,698,98,796
86662457,104,69,0,69
32870123,2654,1907,13,1920
98210022,207,107,0,107
22750220,1092,769,13,782
43416086,497,370,3,373
43993592,372,246,10,256
97093468,705,603,5,608
11790693,430,316,2,318
97800239,847,620,2,622
21861301,492,367,5,372
43361591,2432,1713,31,1744
43380255,3258,2576,65,2641
22590097,1492,988,18,1006
97141406,1950,1239,17,1256
86553973,585,504,11,515
11600749,697,470,4,474
43391022,950,983,16,999
86553377,276,176,2,178
86662862,716,493,6,499
76290992,721,242,1,243
22600325,2769,1718,16,1734
32910285,4331,2932,44,2976
76211108,652,362,0,362
54540413,295,261,7,268
43380198,3526,3007,36,3043
54840056,171,86,6,92
65030127,53,34,5,39
43773442,349,262,4,266
76210736,797,393,8,401
11821272,293,181,4,185
43560086,522,523,3,526
86991722,527,358,5,363
76170607,778,583,0,583
76540181,1098,821,2,823
11611077,163,132,0,132
10950319,165,127,0,127
86700258,1734,1380,20,1400
10780017,165,90,1,91
11830160,642,448,14,462
65090112,453,295,4,299
43480155,355,252,4,256
43774780,237,174,3,177
43503533,1004,781,9,790
10251436,2124,1570,4,1574
32930704,2138,1559,18,1577
11390116,312,154,9,163
11570611,516,269,8,277
97130347,4216,3259,11,3270
11631529,519,325,9,334
43990904,1072,670,22,692
11140018,680,524,5,529
10250367,2546,1763,21,1784
43584217,276,178,0,178
76090204,824,786,13,799
32841288,2740,2558,39,2597
76190261,765,408,2,410
65040027,923,691,6,697
97300010,2791,2012,23,2035
76140424,1148,754,18,772
76190047,1140,711,4,715
11650632,524,349,7,356
43772632,777,526,5,531
33020143,1773,1427,18,1445
10250581,2541,1636,7,1643
43870158,1054,980,14,994
43416121,436,356,5,361
11020116,71,59,2,61
10410051,99,90,1,91
43583430,597,407,13,420
76100408,1655,835,6,841
86990743,677,472,7,479
97850021,297,116,3,119
32861460,1921,1600,10,1610
98380064,2540,2165,1,2166
86900148,2355,1185,12,1197
65990032,59,44,4,48
43400405,2978,2028,8,2036
10850251,471,293,4,297
76100127,1589,824,18,842
97710116,1683,1083,12,1095
32850222,2062,1529,12,1541
33020075,2467,1898,20,1918
43361951,1797,1384,0,1384
33250430,2506,1509,15,1524
32850716,4569,2983,0,2983
32930401,1060,673,8,681
97091242,4330,3252,16,3268
43501531,588,334,2,336
11390543,191,125,1,126
54540738,581,420,5,425
65660092,21,9,0,9
11761242,301,227,2,229
43770719,87,66,3,69
32861921,2919,2011,21,2032
22430258,145,73,0,73
33090016,2635,1631,14,1645
43410103,1283,881,13,894
43413780,1616,1040,9,1049
11751319,442,286,10,296
11810742,146,99,0,99
33240529,254,198,2,200
43500440,583,452,0,452
32871146,1493,1256,13,1269
32850053,2245,2312,22,2334
43411812,998,653,5,658
43416503,554,441,5,446
97140584,1971,1455,10,1465
21860029,1727,1284,11,1295
54120114,833,604,4,608
22060044,853,652,12,664
76490084,94,61,0,61
43411193,799,567,4,571
76310276,1410,798,15,813
76480926,428,272,2,274
43581427,496,321,6,327
76110162,1408,940,8,948
86690122,1973,1340,5,1345
86743525,296,223,0,223
98280153,863,492,4,496
43415636,1034,782,8,790
76480847,208,144,1,145
76160189,1000,547,14,561
11060042,532,469,2,471
86553344,612,418,4,422
86660376,750,444,5,449
10940127,479,278,1,279
43990892,763,512,19,531
11600323,783,429,3,432
54540547,785,657,18,675
43771439,1088,837,15,852
11250010,1890,1182,19,1201
97100298,1744,1213,13,1226
33150013,1112,563,5,568
43412330,854,615,24,639
97141956,4373,3264,8,3272
76210725,1147,681,5,686
10250390,2061,1508,17,1525
43412789,1002,714,8,722
76260494,1044,773,5,778
76220287,1651,811,4,815
86554020,239,165,2,167
97240035,286,258,0,258
32861123,2730,1997,35,2032
97092142,2108,1376,18,1394
11071325,278,173,5,178
76450169,1270,782,13,795
97110200,2039,1697,0,1697
86662154,2920,2141,30,2171
54790229,1073,775,7,782
11771940,431,295,5,300
76400197,1137,681,5,686
32940446,3733,2682,6,2688
43773082,703,509,6,515
76320479,1365,957,7,964
10871377,173,109,3,112
54890455,1647,1287,11,1298
43990915,635,441,3,444
76480791,1597,853,3,856
97110457,1514,1286,12,1298
43371963,977,863,14,877
43580516,1828,1480,38,1518
86741882,1389,607,28,635
43415793,1623,1290,26,1316
86552590,465,330,13,343
86551678,664,438,12,450
76360754,698,426,0,426
32850334,2291,1843,20,1863
32951628,6923,4924,13,4937
97110086,5083,3540,56,3596
65000012,2505,1716,9,1725
10910809,211,154,3,157
86960098,815,829,13,842
86552578,484,295,12,307
43416952,495,376,5,381
11810922,127,96,0,96
43950078,1069,735,17,752
76240302,1000,660,16,676
86870133,1195,935,4,939
32952191,870,802,3,805
33060776,5229,2592,37,2629
76130232,861,471,5,476
22720070,1859,1034,0,1034
10510085,186,129,0,129
76350674,1210,692,2,694
54610545,542,428,5,433
11780692,487,331,4,335
76520088,429,239,7,246
10910618,282,153,3,156
11811002,364,235,2,237
54720097,2620,2021,33,2054
43370658,1802,1566,14,1580
86990697,1194,646,10,656
76450271,1144,785,8,793
32871090,4471,2917,58,2975
43620353,1002,758,6,764
32890259,2006,1467,20,1487
32910195,4313,3073,21,3094
22060033,1510,854,30,884
10760059,176,120,2,122
32940581,2624,1712,23,1735
43416345,969,667,8,675
22420909,919,686,11,697
11640068,282,189,1,190
43502228,453,312,7,319
43620230,382,234,3,237
11390206,911,559,0,559
43775208,507,475,4,479
98180073,113,55,0,55
11370024,162,121,1,122
43582888,1754,1498,14,1512
32841200,3215,2126,22,2148
43670033,2924,1985,38,2023
32951684,3855,3021,4,3025
43430059,1145,888,14,902
76200555,282,184,0,184
54540817,662,604,10,614
22421090,405,268,8,276
43581999,1015,762,11,773
11460439,154,95,1,96
10490037,101,30,0,30
65980097,58,39,0,39
43416941,802,600,8,608
76130579,269,127,1,128
65200014,1058,719,14,733
65440560,790,666,4,670
10250323,2299,1660,15,1675
54630020,2728,1462,421,1883
54260186,2951,1439,15,1454
11030230,1660,1136,8,1144
10810730,293,191,2,193
11570879,642,396,3,399
32860201,4124,2677,28,2705
97240013,3462,2657,34,2691
10840227,262,173,7,180
76510414,307,210,1,211
86580041,852,555,12,567
43581337,588,410,3,413
76101274,431,267,2,269
43360376,3940,2662,25,2687
97090274,2778,2068,4,2072
11811147,309,236,0,236
11770354,317,219,4,223
54600320,1159,1146,4,1150
32952168,3068,1996,24,2020
97110143,1008,828,9,837
76350966,744,475,8,483
76140570,938,581,6,587
43360589,2587,1756,17,1773
10870185,874,629,2,631
43371592,1474,1021,9,1030
76161045,209,227,4,231
97142430,1392,1450,16,1466
76270316,948,663,46,709
11200172,1219,785,4,789
22640307,59,28,0,28
10890288,509,251,13,264
76351091,426,364,2,366
10820898,1589,1271,12,1283
11571263,372,243,3,246
32951763,2657,1705,17,1722
98400023,3490,2257,24,2281
33030504,1207,1320,2,1322
86550318,160,66,3,69
11780917,331,244,0,244
43370276,1778,1552,13,1565
43994188,1444,1092,19,1111
43994447,62,44,0,44
43370715,2090,1482,21,1503
33010142,3037,1666,0,1666
54230206,1399,1202,10,1212
54620142,1189,624,27,651
76500019,155,89,1,90
76400085,1374,784,9,793
43416615,544,439,9,448
11820350,514,261,3,264
76310344,401,278,9,287
97380029,657,455,3,458
86870100,2685,1821,25,1846
10910540,358,202,26,228
10591028,1322,1318,7,1325
22420156,742,431,5,436
97520216,1633,1078,2,1080
43775051,692,636,7,643
86990899,2600,1130,19,1149
76370766,199,123,1,124
43411081,1353,813,8,821
43600070,1524,1062,8,1070
11570914,654,391,2,393
97270151,387,322,0,322
54570348,321,202,0,202
32861156,2057,1612,15,1627
21860591,1534,1213,16,1229
21870424,1441,833,0,833
98180040,154,107,2,109
86661018,2027,1163,13,1176
43691430,551,350,3,353
22750354,397,463,3,466
10250075,3974,3205,10,3215
98210055,133,105,0,105
43416817,593,412,5,417
43994661,446,319,1,320
97130033,4303,3243,18,3261
43950922,1876,1411,12,1423
11580599,279,168,4,172
76370193,686,380,1,381
32870550,2296,1762,14,1776
43361771,2152,1376,0,1376
43774768,380,286,3,289
76070123,709,839,17,856
43770652,617,339,5,344
76370036,1115,642,8,650
43770449,1366,1032,17,1049
86661849,2834,1414,16,1430
43991354,508,386,14,400
10841330,162,103,2,105
43993446,803,622,8,630
43624919,1546,1047,8,1055
98380389,1640,1250,6,1256
11770398,834,441,3,444
86580276,579,404,7,411
10910102,436,267,5,272
21861378,455,482,1,483
11560159,2961,1600,20,1620
22690087,742,557,7,564
76300736,431,354,0,354
76130276,1338,537,9,546
32840793,2040,1531,18,1549
54260120,2269,1390,22,1412
22630261,108,38,0,38
76130355,1060,639,7,646
32840434,3011,2284,5,2289
76250369,935,597,13,610
86990079,958,484,10,494
43991668,184,113,1,114
76290497,815,266,6,272
11460046,482,311,3,314
10290013,1540,915,16,931
43530016,2577,1997,29,2026
10250064,4069,3215,9,3224
76250572,1872,936,18,954
22810216,120,68,2,70
65500084,37,24,0,24
10850217,346,208,5,213
76250684,359,227,5,232
10820315,497,358,0,358
43993862,679,498,11,509
54530029,2385,1776,43,1819
98330025,610,295,4,299
97100489,2250,1419,12,1431
86620046,1790,1078,18,1096
43370401,2621,2054,18,2072
21860782,3517,2059,43,2102
32980473,1259,1496,2,1498
11570251,404,202,9,211
22400019,287,154,9,163
76160381,994,627,11,638
43400540,1754,1505,21,1526
54911022,389,364,2,366
76490477,400,339,2,341
10590588,2118,1520,5,1525
76120309,395,272,4,276
32871348,1507,1436,18,1454
22810171,278,172,5,177
54620085,1261,671,7,678
54760103,1316,1018,14,1032
54220104,1344,1012,12,1024
11751689,410,277,4,281
32900105,1773,1463,0,1463
54190144,1513,1413,16,1429
76490309,43,26,0,26
33290085,1156,961,19,980
54600117,1069,591,10,601
86821173,468,134,5,139
43690169,252,196,0,196
86551421,2320,1417,26,1443
43400203,2886,2303,28,2331
10030015,1637,1234,18,1252
43775321,361,319,3,322
76250707,523,341,6,347
10940824,186,123,2,125
54470202,384,312,6,318
43501373,521,288,2,290
11570408,636,337,7,344
76530090,187,125,2,127
65370045,1057,695,5,700
97610014,2279,1345,13,1358
22640071,67,31,0,31
76200320,1414,874,3,877
76230200,1168,648,11,659
76351068,300,205,3,208
11771906,208,138,4,142
43692969,208,209,4,213
97670010,719,489,4,493
43501036,1156,809,15,824
10841093,230,159,0,159
65470068,1327,836,9,845
76170438,610,411,3,414
54580068,1639,974,9,983
76280216,945,494,7,501
54620850,327,245,2,247
43582697,948,681,7,688
11611088,196,111,4,115
10920046,706,440,25,465
32910027,6234,3807,14,3821
32951820,2797,1224,18,1242
76140750,656,431,5,436
43774904,381,309,5,314
54620872,324,311,12,323
43621174,662,430,2,432
32861785,2780,1732,0,1732
43600339,1018,952,13,965
33060507,1609,1203,10,1213
86742186,807,475,15,490
22600549,1869,894,13,907
97120414,5271,4210,11,4221
76490499,175,140,3,143
10920507,166,141,3,144
11580498,273,174,0,174
11571230,637,407,8,415
86550453,279,142,3,145
65530302,59,35,6,41
32860313,3746,2828,6,2834
43621242,341,229,4,233
33050045,1885,1351,5,1356
33000321,3787,2751,23,2774
32840669,3085,2220,9,2229
76090282,1629,1608,5,1613
11830485,417,261,6,267
54880443,764,545,6,551
86910149,1702,1132,17,1149
10890075,279,160,0,160
32861280,2279,1745,25,1770
22421753,567,474,0,474
76190171,818,552,1,553
32900015,3193,2520,4,2524
97092287,3381,1314,16,1330
65820045,349,233,1,234
43360354,1154,762,4,766
32861752,445,423,6,429
43690956,2324,1868,30,1898
10820528,327,292,1,293
97100221,2289,1566,12,1578
65760071,351,300,1,301
76350180,1103,564,9,573
10910034,389,228,0,228
10840137,840,542,8,550
43774432,461,244,2,246
43390100,1349,1077,13,1090
33010872,2673,4382,63,4445
43503836,560,435,7,442
43774230,770,584,8,592
43410147,1090,727,23,750
65440324,2455,1798,5,1803
22640217,143,51,0,51
76321122,382,225,3,228
11631035,537,294,5,299
43621466,563,350,16,366
32951831,1757,1298,0,1298
43416480,522,358,6,364
10940251,286,192,1,193
43950247,3200,2669,30,2699
97131023,1697,1331,6,1337
65910034,137,110,1,111
43691621,774,551,12,563
97790046,1638,768,15,783
43400630,523,450,2,452
43622445,1671,1230,30,1260
76140828,355,228,5,233
43414174,703,461,11,472
97093367,1179,1020,10,1030
86741297,1882,1237,26,1263
11650834,226,167,4,171
43410035,599,350,5,355
43992939,828,508,4,512
32861224,2645,2024,16,2040
86661478,688,482,7,489
76450417,1568,1407,3,1410
11790738,109,81,2,83
76291049,444,194,2,196
32862911,2158,1671,17,1688
43480144,1969,1388,3,1391
10251683,1513,1945,2,1947
65720011,3510,2399,14,2413
11640349,830,528,7,535
22630160,141,67,2,69
11630337,779,443,2,445
11601199,289,169,5,174
76250066,532,305,7,312
43692992,727,621,14,635
97140258,2449,1720,14,1734
98380390,1505,1199,25,1224
32952933,834,1030,7,1037
76380677,483,373,6,379
54220238,399,309,3,312
97100355,2285,1470,8,1478
11591063,350,203,2,205
86743288,723,522,10,532
76080382,872,718,12,730
43774308,1006,883,10,893
11071684,275,172,5,177
97410090,864,816,44,860
10800010,361,85,3,88
97140214,2369,1393,19,1412
97120436,803,608,6,614
76350900,538,343,5,348
76350225,866,482,7,489
43400911,646,638,0,638
11770444,735,407,9,416
43581416,426,288,5,293
43581797,368,236,3,239
10430200,1115,932,14,946
54230071,2268,1618,20,1638
11390622,121,98,1,99
76160707,329,226,3,229
22210265,349,396,6,402
11771401,467,285,10,295
43693162,608,542,6,548
10490015,196,141,2,143
11080257,365,224,8,232
86741051,967,444,20,464
43580437,1398,1064,16,1080
97820129,1225,635,12,647
54130104,900,723,7,730
43416211,596,427,8,435
43775455,243,213,0,213
32961067,717,911,11,922
54870116,1239,930,4,934
43380064,6305,4336,27,4363
86992880,588,534,0,534
76321111,270,144,0,144
33090106,2234,1809,11,1820
76160527,654,400,2,402
76360484,595,257,7,264
43413869,830,586,0,586
43994100,890,764,9,773
32860650,1647,1224,6,1230
43480289,1381,926,12,938
43994155,280,234,2,236
22400468,240,163,5,168
33060147,1695,1316,16,1332
86662660,1122,781,20,801
54840012,496,276,3,279
11781086,231,130,10,140
11820888,132,87,0,87
98110043,1179,832,12,844
76290790,662,288,3,291
97970013,1404,954,8,962
65680106,86,76,0,76
76480139,244,120,2,122
43691890,816,479,8,487
32871472,695,821,7,828
43415658,913,549,4,553
22560038,1771,1052,68,1120
43772115,501,352,7,359
22750309,726,596,0,596
22740173,986,709,18,727
11600389,1166,631,5,636
22800024,75,39,0,39
43990487,353,251,4,255
97141473,2468,1609,11,1620
33120032,1288,1010,10,1020
11750307,648,377,4,381
54620849,303,245,1,246
76270541,268,216,0,216
11780939,541,357,5,362
97540218,1217,571,19,590
33310189,413,305,5,310
43413656,817,420,2,422
43419034,372,343,3,346
33250520,1872,1361,13,1374
32862180,1915,1445,17,1462
43582361,403,241,9,250
10810695,175,118,2,120
76350764,935,583,8,591
86742445,1060,746,10,756
43410709,633,349,4,353
54900176,328,187,3,190
22810115,154,89,0,89
33010287,1944,1525,12,1537
98130124,546,469,3,472
44030102,386,449,2,451
54210260,322,318,5,323
86551498,2475,1376,12,1388
43520048,458,378,6,384
54860014,1055,802,18,820
76250314,306,200,1,201
97131203,611,587,5,592
10860061,304,181,4,185
86553333,1047,691,10,701
43621871,416,282,12,294
32951459,2237,1558,12,1570
43417975,448,382,1,383
76230604,298,199,6,205
11760522,608,309,1,310
86663414,578,442,5,447
86590020,4262,2732,15,2747
11390228,829,470,14,484
43417818,465,445,6,451
43350342,312,220,3,223
54650606,454,349,2,351
22750152,2348,1361,10,1371
76270552,295,253,3,256
86870043,3240,1982,12,1994
76080203,1880,1071,11,1082
54880308,1809,1367,18,1385
43950382,656,676,3,679
43692611,41,53,1,54
10850903,643,436,5,441
98380097,2343,1863,14,1877
22421292,1075,716,12,728
76330133,797,431,4,435
32951347,2879,1131,8,1139
43621073,632,356,6,362
32890394,3495,2391,22,2413
32860571,6076,4331,8,4339
43775130,327,273,1,274
86660219,738,397,2,399
98130023,1202,1006,1,1007
43416996,1557,1308,2,1310
54590519,579,545,9,554
10270044,1459,952,17,969
76270136,554,280,10,290
54760057,1655,1052,12,1064
86742973,570,430,11,441
10570036,1800,1120,14,1134
86580265,696,535,5,540
97090296,3133,2255,3,2258
11070728,360,234,3,237
43416402,584,434,10,444
97140966,2880,2375,1,2376
43773712,1339,1119,13,1132
54450053,347,260,11,271
10940666,361,251,4,255
54620883,312,253,1,254
43582170,235,149,2,151
76250752,973,795,9,804
54590014,1538,941,1,942
21860838,1277,956,10,966
43490011,888,809,5,814
86660118,656,395,6,401
54210316,518,526,3,529
22510066,462,473,1,474
86663010,917,712,14,726
65760093,258,211,0,211
43730119,1320,1035,11,1046
76340639,934,597,2,599
98250048,1804,1224,19,1243
33110266,1666,1356,15,1371
10870680,690,423,5,428
43994289,691,531,6,537
11810663,395,267,1,268
76280069,495,424,6,430
10840496,384,238,2,240
10840429,503,316,4,320
32930175,2879,2205,19,2224
11460057,463,268,11,279
65480036,488,422,16,438
76200656,209,134,4,138
43410800,559,418,12,430
86663256,447,314,5,319
33240473,151,149,0,149
76321009,368,185,3,188
10850037,448,291,5,296
86742658,292,178,4,182
86743121,563,387,7,394
11750903,262,163,3,166
86910587,649,564,15,579
10600096,533,485,12,497
43501766,1784,1081,15,1096
97140270,1982,1333,10,1343
32862416,3087,2194,12,2206
86550510,757,474,15,489
76290295,1183,342,3,345
43993031,1639,1257,12,1269
76160853,727,734,18,752
22320245,623,557,29,586
97740018,2693,1935,27,1962
97770033,681,544,12,556
97141002,3925,3341,3,3344
33270140,2531,1397,22,1419
43991826,465,325,7,332
54610062,1676,1025,7,1032
86740803,321,213,3,216
32863451,365,401,2,403
98080038,514,319,5,324
33260341,1025,976,9,985
86820284,224,107,1,108
97141721,1601,1084,14,1098
76321368,204,121,0,121
33030302,2305,1856,7,1863
54410284,475,401,5,406
32930748,2971,1930,18,1948
22110253,70,35,0,35
76500222,580,266,2,268
11820811,423,255,5,260
54610253,2012,1378,28,1406
76360800,502,371,2,373
43620870,399,250,12,262
43991680,768,544,7,551
43773408,674,475,4,479
54880487,1213,937,16,953
97100131,1513,1432,10,1442
10100136,947,840,1,841
76251214,235,185,6,191
43510014,2073,1396,23,1419
76351057,481,410,2,412
11590657,313,222,4,226
65090066,741,587,6,593
43413083,775,508,12,520
22180014,1119,731,27,758
11600132,778,420,12,432
22200095,1035,573,13,586
33150147,53,87,1,88
86743075,97,65,1,66
86741129,868,538,5,543
43770203,372,83,1,84
86670096,3203,2463,5,2468
11570273,452,287,1,288
43583957,1304,1083,17,1100
43692206,564,395,2,397
54510027,2808,1997,0,1997
97130123,2101,1759,1,1760
10890356,265,172,4,176
65430042,1674,1144,17,1161
32960123,1919,1248,13,1261
11800505,442,297,14,311
11790446,529,359,2,361
11070740,343,228,0,228
97910073,784,638,11,649
11750688,250,181,1,182
54600252,4564,3812,43,3855
11800921,271,195,8,203
65420029,1876,1316,27,1343
10591017,1841,1549,24,1573
33090533,975,896,10,906
76140312,833,489,0,489
76130568,342,208,6,214
11590499,309,172,2,174
11610706,127,74,2,76
10170021,2103,1517,21,1538
43691586,750,488,13,501
76351204,264,200,3,203
43691834,1316,961,15,976
11750611,699,437,4,441
43994537,535,467,11,478
43622658,1212,790,16,806
76330492,432,330,7,337
43950416,2631,2157,17,2174
32952023,4247,1942,27,1969
33060631,3708,2505,11,2516
43414286,1107,625,10,635
97160014,3526,1908,23,1931
11600693,943,523,10,533
11800752,158,119,2,121
10560046,662,615,9,624
33070159,1205,929,20,949
44070038,2458,1643,25,1668
11831015,292,219,2,221
43361423,3878,2937,54,2991
43350173,3996,2848,56,2904
86870010,2552,1955,9,1964
43771114,902,744,0,744
86990822,736,570,6,576
43690372,674,419,8,427
76360383,727,436,4,440
43361243,1786,1186,12,1198
22150099,1325,884,7,891
43773453,743,554,10,564
54540075,2438,1280,16,1296
54600296,649,683,3,686
43990151,452,305,3,308
76150278,1946,1146,19,1165
43993604,301,217,2,219
54800018,2319,1387,23,1410
86743615,510,458,6,464
43414792,712,446,0,446
11830597,294,212,0,212
32960527,6145,3152,1,3153
76240481,1005,834,14,848
11601021,627,464,5,469
54740088,1799,1194,14,1208
86663368,408,271,5,276
33060923,1949,1545,19,1564
33310235,336,302,5,307
22421911,375,292,4,296
76370609,1043,565,2,567
11810528,976,513,12,525
43692688,278,242,4,246
11610032,383,246,4,250
43420070,884,731,3,734
43583227,519,435,4,439
86910543,378,367,3,370
86900081,1487,952,8,960
32863361,1372,1101,15,1116
22410133,377,296,6,302
43415142,878,662,8,670
22040019,1065,763,14,777
22720126,1491,967,8,975
32840625,1586,1073,1,1074
22670029,1867,1351,15,1366
76321605,340,272,1,273
43501339,293,230,6,236
76510492,541,318,27,345
10300127,2300,1512,112,1624
11240020,773,504,3,507
43501159,703,460,6,466
11830429,322,205,2,207
65980086,32,24,0,24
11080707,170,105,0,105
22750253,1297,968,11,979
97130471,1859,1843,10,1853
11830182,402,273,6,279
33000242,4265,3507,9,3516
11650463,487,315,5,320
32861448,765,780,5,785
43625785,199,137,3,140
32890574,4225,3285,10,3295
76360158,492,291,0,291
10810820,217,147,2,149
43771013,907,724,12,736
32951066,2584,1926,5,1931
32930355,2007,1547,27,1574
43412352,732,397,9,406
43774982,382,307,6,313
76370137,1072,511,6,517
11581073,368,255,0,255
10810561,301,169,3,172
43990263,352,255,1,256
86960087,2566,1750,80,1830
86720148,2548,1450,14,1464
87020322,1893,1028,0,1028
43371389,1731,1239,8,1247
11752073,389,238,7,245
43410204,570,338,2,340
43670134,1858,1349,17,1366
43990836,674,506,7,513
32850569,4382,2923,33,2956
86551623,828,583,16,599
32950335,1868,1529,8,1537
10251245,2624,1926,19,1945
65820023,2688,1821,15,1836
11751915,247,144,3,147
43370232,2538,1885,0,1885
76320110,462,250,7,257
54650426,2914,1583,35,1618
87020401,4121,3482,64,3546
76321504,100,75,0,75
97930020,1919,1336,5,1341
43390807,3467,2502,49,2551
43583609,1037,901,12,913
76100565,1539,909,8,917
76310366,526,323,3,326
98340105,422,255,3,258
43774937,175,133,2,135
76211513,307,308,7,315
43772430,1135,906,16,922
54890680,1041,698,8,706
76280890,102,163,7,170
54900154,121,71,2,73
76251124,295,207,4,211
76221097,480,314,4,318
10820191,284,224,2,226
33270207,387,220,5,225
43690158,914,662,15,677
76160088,603,351,6,357
10871164,376,271,4,275
11770264,1016,708,2,710
22210108,1508,1014,6,1020
76380486,368,245,0,245
87020120,4458,3019,24,3043
65930014,2034,1536,10,1546
76280205,1605,881,12,893
33170161,989,858,10,868
10810550,565,347,3,350
43411430,325,174,1,175
43771642,767,568,1,569
76290969,199,90,1,91
43390526,3878,2988,0,2988
11800808,128,73,3,76
76490321,65,52,0,52
97360094,207,142,2,144
33090027,2221,1775,37,1812
10740024,394,248,3,251
43370287,1769,1461,12,1473
97200020,1771,1363,4,1367
10940745,281,198,2,200
21860478,1904,1453,14,1467
43772597,838,649,1,650
22400334,203,144,5,149
43992647,1300,1122,14,1136
32960808,2103,1710,21,1731
43691542,861,628,16,644
43670381,2904,1995,40,2035
76350359,454,263,1,264
54210226,954,834,0,834
86661759,463,285,3,288
11620527,455,254,0,254
86660084,295,179,2,181
32871461,1562,1538,7,1545
97130651,1699,1273,19,1292
43501463,793,496,7,503
11630607,530,320,3,323
11760588,405,242,2,244
86743255,952,615,12,627
86741534,245,82,0,82
43412161,893,536,11,547
43417829,488,441,7,448
11760421,362,180,23,203
86991508,598,375,3,378
43691519,802,585,9,594
76210950,883,458,2,460
11790468,319,157,0,157
86991003,1640,884,5,889
43416884,847,721,5,726
76360440,608,367,3,370
97090410,3520,2470,6,2476
32890776,497,438,4,442
98040012,814,423,4,427
76120354,488,372,0,372
11581141,267,193,2,195
10910203,500,286,8,294
43774139,741,574,15,589
76250976,258,201,6,207
86920117,809,628,5,633
97142351,1527,1173,3,1176
43625279,526,348,8,356
76200476,281,231,0,231
32870886,2332,1500,22,1522
76380082,837,515,4,519
22340089,633,452,7,459
43503689,232,167,0,167
98400236,1805,1367,27,1394
97890014,2194,1319,23,1342
54410352,80,139,1,140
76510054,398,274,0,274
22310019,1196,773,12,785
22810104,310,208,4,212
54540165,1916,1602,20,1622
10251122,3744,2481,41,2522
11460125,747,516,10,526
98100198,517,262,8,270
76280250,1059,498,8,506
43400876,1784,1432,37,1469
11010025,3037,1780,47,1827
11640541,172,110,12,122
10590836,2077,1784,16,1800
11630641,355,222,8,230
22030029,2233,1401,24,1425
97130752,3384,2289,15,2304
11591434,228,141,4,145
86553546,753,488,15,503
86990686,300,207,6,213
11760870,375,321,7,328
43380323,4420,3641,0,3641
65000191,1337,1061,10,1071
33240158,1181,771,14,785
54110023,2510,1651,60,1711
43950955,1768,1478,29,1507
43750021,1654,1236,19,1255
43501643,532,373,3,376
87020153,2568,1950,0,1950
76400052,1380,707,13,720
11801045,252,192,0,192
76280755,667,476,5,481
32860896,1597,1575,14,1589
65700019,696,461,7,468
43690473,2075,1581,33,1614
65440335,3164,2320,2,2322
87030042,539,400,17,417
10300239,2201,1599,17,1616
11450012,106,58,0,58
22421696,575,439,0,439
43500529,685,498,6,504
22600257,983,518,9,527
43992524,869,658,9,667
43371581,2968,2041,25,2066
32951707,3771,2751,12,2763
21860344,3445,2536,9,2545
43650019,2152,1625,22,1647
65530290,221,226,2,228
43774511,161,91,1,92
43775444,401,343,9,352
22020309,519,480,7,487
97141428,5086,3645,22,3667
43622322,1314,1026,21,1047
97220077,523,398,1,399
11071628,395,258,3,261
76220243,1319,778,9,787
10790186,643,354,5,359
43503038,249,183,0,183
21860502,1459,637,3,640
65460012,3434,2502,27,2529
10950106,193,129,1,130
76130760,168,126,0,126
86570062,2263,1411,5,1416
11611066,188,144,4,148
97091309,3082,2396,28,2424
32952977,1327,1150,9,1159
43993637,591,395,5,400
76250482,1761,870,9,879
76210602,1322,621,6,627
76510324,460,350,7,357
22410267,240,155,4,159
43770887,390,305,10,315
32860289,709,436,5,441
54440131,978,739,9,748
43415096,828,595,8,603
76130658,362,234,8,242
43830019,1395,1153,13,1166
54490013,2218,1557,20,1577
76250897,231,184,0,184
76490387,634,463,3,466
21860704,2042,1481,20,1501
33310246,775,641,13,654
76110207,790,683,9,692
54460076,188,101,2,103
76210040,1210,630,24,654
22670074,430,389,0,389
43991781,1643,1117,20,1137
97220022,1635,848,6,854
97141642,1575,1128,7,1135
43691867,1172,853,21,874
76221020,222,154,0,154
11751500,311,200,2,202
10590106,1532,958,8,966
32960932,373,363,6,369
43502363,1025,715,5,720
54680104,276,178,3,181
32980170,4531,3751,41,3792
10140028,2585,1725,3,1728
11030038,2165,1581,29,1610
33060608,2624,1918,21,1939
11801269,127,110,4,114
43690754,261,190,3,193
76291027,405,266,1,267
11800965,282,187,9,196
22090261,84,58,2,60
43500259,1054,762,8,770
76330065,1201,589,17,606
76140165,1176,677,17,694
22110208,103,108,0,108
11580566,609,407,4,411
22740151,1545,1089,27,1116
32951224,2961,893,3,896
33040167,444,360,2,362
11110026,110,108,2,110
11601122,353,196,1,197
43581584,407,277,6,283
11210049,1517,1301,10,1311
43390098,2301,1704,13,1717
76210084,744,365,6,371
11620145,339,191,0,191
32960190,1763,1325,13,1338
76240391,406,237,1,238
11800235,144,86,0,86
11600930,688,399,4,403
65050028,1823,1351,10,1361
43991422,535,406,6,412
10940688,74,55,1,56
97550084,528,178,3,181
33110389,3434,1786,72,1858
10870152,1254,912,12,924
43693151,173,157,5,162
76250516,895,519,0,519
22720328,1632,1235,26,1261
76320918,927,602,5,607
76351293,158,137,1,138
11600682,758,443,7,450
43620678,932,614,13,627
43362367,1376,1557,20,1577
97360016,577,359,5,364
32930906,1739,1285,22,1307
43411711,1020,791,14,805
43774926,139,122,2,124
43500406,466,295,2,297
33240057,3308,1928,6,1934
22770042,1334,894,1,895
43773161,666,587,8,595
32890541,3905,2765,5,2770
54910234,1735,1120,11,1131
43503094,834,674,1,675
11610548,150,76,1,77
32951404,1443,1106,7,1113
10591321,223,107,2,109
86742377,681,465,5,470
33000275,3605,2922,0,2922
76270024,924,509,10,519
43991129,770,587,10,597
11751780,540,327,8,335
11640204,1018,653,14,667
43416895,494,353,7,360
76390117,899,602,1,603
33090522,1184,1024,21,1045
11570644,373,250,3,253
97092164,1224,943,6,949
54600241,1287,1139,16,1155
43502970,162,84,0,84
43480212,207,191,4,195
22190015,1235,508,0,508
43370760,1704,1298,20,1318
11570048,273,149,2,151
11761220,191,127,2,129
54440120,651,416,11,427
86910329,704,541,6,547
43770562,485,317,6,323
65440144,1990,1492,21,1513
33270274,1463,874,19,893
21870413,1593,1418,14,1432
86660534,496,266,14,280
76350933,463,330,9,339
10251560,1564,1158,10,1168
97580021,301,199,0,199
98400102,2379,1614,1,1615
33010838,2338,1345,24,1369
43370120,3269,2219,9,2228
11560014,4254,3392,34,3426
22800169,106,26,0,26
11070087,561,345,7,352
10840395,477,311,6,317
86740421,1198,842,30,872
76050064,1705,755,9,764
43570076,2186,1747,13,1760
32951213,2566,1276,10,1286
43411340,531,388,5,393
97090285,2481,1967,28,1995
54570113,992,523,9,532
22400648,742,609,13,622
10730113,585,416,0,416
65330108,109,59,0,59
86930174,917,890,13,903
11761253,160,104,6,110
97700014,2130,1208,18,1226
10890042,431,245,5,250
11590534,774,421,6,427
32951651,2697,1938,10,1948
76490297,470,339,1,340
44040024,1216,874,6,880
22250045,1537,831,10,841
76370182,943,458,5,463
11630652,447,274,0,274
22820273,32,18,1,19
76260135,1330,752,5,757
10480014,1705,1384,1,1385
10870129,1107,718,5,723
43770326,344,233,19,252
11390352,1163,561,5,566
43370175,4070,3026,18,3044
11750330,595,396,10,406
86990945,577,295,5,300
76221075,269,238,2,240
43951293,869,1106,4,1110
43993457,1212,940,5,945
10840250,303,195,0,195
22320256,160,46,3,49
98070105,131,82,0,82
76300691,307,245,4,249
22240112,678,558,5,563
54450143,330,201,5,206
11790053,518,354,5,359
76200140,760,334,2,336
32890170,4803,1618,0,1618
76340909,94,70,2,72
54650459,1364,1215,33,1248
32870527,3081,2571,22,2593
43502172,137,102,4,106
76260146,811,554,5,559
10850330,327,219,5,224
10840069,740,467,4,471
43412307,484,349,5,354
11650171,541,367,3,370
86790033,1936,1254,23,1277
76350753,780,510,5,515
21960042,614,482,28,510
76150571,418,244,2,246
11780221,432,244,3,247
43420014,1059,860,3,863
97140674,2733,2111,18,2129
54870295,387,384,4,388
11810966,407,237,2,239
54260018,3467,2154,11,2165
76220917,562,336,1,337
97120166,2783,2371,3,2374
97100041,1868,1477,6,1483
10670273,1775,1285,36,1321
76250774,227,158,3,161
32951538,1472,997,14,1011
86830083,123,65,1,66
43416097,546,417,4,421
76360136,806,463,9,472
86640015,1872,1377,25,1402
76400456,232,159,3,162
98110021,278,144,2,146
76160639,1471,930,17,947
43371312,2002,1433,17,1450
43580932,598,323,16,339
86870021,4510,3330,9,3339
97100456,2058,1587,99,1686
32863125,468,312,3,315
22110275,136,96,2,98
86910059,2110,1328,3,1331
43372100,530,924,5,929
54560022,659,500,9,509
54680407,384,323,10,333
22800091,110,42,0,42
65440166,2286,1577,17,1594
22421168,934,619,4,623
54410183,278,202,5,207
65440694,1893,1450,24,1474
86992307,350,301,1,302
97090555,2467,2035,11,2046
32951167,2426,1388,2,1390
97140483,2243,1398,25,1423
76480858,345,180,2,182
10820382,422,321,11,332
98430105,987,571,17,588
11620460,201,121,3,124
43621444,689,374,13,387
10020014,2078,1302,23,1325
43501980,1874,1301,24,1325
22820284,3466,2300,22,2322
76210365,1015,621,3,624
97093413,1005,887,3,890
65000102,2498,1408,7,1415
54540222,1627,1058,14,1072
76270068,933,572,15,587
54260377,863,791,0,791
86553939,328,228,5,233
43620083,252,141,1,142
76450136,1882,914,15,929
22430270,126,56,0,56
43502037,1210,796,11,807
97110176,2859,1910,20,1930
54260153,3011,1582,409,1991
54910920,258,257,1,258
43693038,1143,849,8,857
22400604,155,129,0,129
43362109,2445,1779,0,1779
43583610,1200,961,17,978
32862236,2752,1782,18,1800
10350032,369,254,2,256
11560070,944,626,4,630
43414039,1162,554,6,560
10841273,303,217,2,219
10860308,366,251,1,252
43417212,744,625,6,631
22540069,1640,1105,15,1120
76080191,1424,916,10,926
76180260,282,193,4,197
76360248,646,340,0,340
11781097,211,113,1,114
86850096,1335,1087,11,1098
43362334,1323,1311,20,1331
54190054,2139,1610,38,1648
11830542,718,492,6,498
54680351,124,97,2,99
43583979,1112,955,2,957
76321492,136,82,2,84
54590227,1597,1098,11,1109
22240101,478,416,6,422
98280030,2583,1317,0,1317
11420042,113,68,1,69
10870523,1233,998,8,1006
98190052,338,211,4,215
11030049,1075,789,4,793
76140637,577,375,1,376
11320030,879,564,10,574
76090170,4294,3170,12,3182
33110075,214,152,0,152
43371244,6726,3568,29,3597
76330289,966,468,1,469
76370946,83,52,0,52
76300095,1081,578,18,596
10870769,718,503,4,507
43691520,559,373,10,383
76240537,393,385,2,387
32950661,1436,973,6,979
43772092,286,191,1,192
33020659,1716,1374,5,1379
11811013,432,266,6,272
43417436,225,164,2,166
65330018,121,48,1,49
21861446,325,328,3,331
10911002,222,164,3,167
11780052,1028,613,12,625
86663346,355,287,9,296
43370041,2113,1471,12,1483
22670030,1523,1012,22,1034
11090056,120,84,3,87
76321021,846,404,4,408
22720238,1796,975,19,994
22710046,1515,1143,18,1161
11830340,469,313,0,313
86550161,1030,625,12,637
43584329,400,310,5,315
32870134,1556,758,0,758
22810159,191,118,0,118
33110413,1398,1572,3,1575
33240282,1253,424,7,431
43690574,862,581,12,593
11771254,88,62,2,64
11030083,1522,1213,7,1220
76100622,609,287,0,287
32890721,2510,1372,12,1384
43690675,705,439,11,450
54450198,115,68,1,69
76220513,1130,732,14,746
22700012,1139,648,2,650
22650229,106,49,1,50
33080037,2864,2149,3,2152
65440504,1411,1197,11,1208
76480746,887,517,5,522
33240518,934,991,9,1000
65600030,1849,1340,6,1346
97100399,1225,890,0,890
11180045,1201,879,17,896
86740645,957,578,11,589
97550118,356,222,4,226
43502857,626,474,4,478
10871074,551,349,2,351
11030263,1686,1215,14,1229
86553108,303,174,4,178
33061126,482,782,6,788
76150762,318,238,0,238
22080057,530,410,7,417
97830052,273,148,7,155
43620780,1084,678,9,687
76240425,653,586,2,588
76280788,442,375,2,377
54900020,2031,1212,32,1244
11620864,174,98,3,101
76200421,358,251,1,252
10810459,269,169,8,177
32870022,4424,3486,13,3499
32862584,2961,1743,28,1771
86800024,842,632,17,649
32960763,2914,1416,24,1440
43418167,348,297,4,301
10940475,206,139,1,140
22630092,93,52,0,52
11610919,176,119,2,121
11610830,787,463,10,473
76330582,449,356,4,360
11800774,202,122,0,122
43670347,1658,804,8,812
87060023,1215,644,2,646
32930085,3412,2420,24,2444
10870387,339,186,0,186
11810360,212,102,1,103
43503690,811,623,6,629
43773723,1093,857,11,868
76230097,552,333,3,336
22320199,945,830,10,840
54880184,873,620,9,629
76510267,346,152,2,154
76300455,1745,878,12,890
33140023,3132,2176,8,2184
43626089,383,345,4,349
76230615,332,260,4,264
76211063,1194,777,8,785
21861109,1193,949,8,957
32870459,1297,926,16,942
43620982,439,263,0,263
76320064,223,111,0,111
11831127,330,274,6,280
76240548,431,523,5,528
32890877,1431,1591,4,1595
86950020,1243,702,6,708
43480403,770,960,16,976
10840339,248,179,3,182
43581472,445,313,3,316
33020109,3538,2119,27,2146
97110064,2646,1717,20,1737
97100388,3396,2356,9,2365
54910919,302,213,1,214
32861729,1984,1415,15,1430
43400731,559,493,3,496
43773600,981,745,9,754
43993682,1573,1287,11,1298
10850969,395,285,2,287
86700168,2039,1363,10,1373
32960066,1570,1129,8,1137
43770573,341,237,6,243
11610762,175,109,0,109
43770360,1359,796,7,803
33250261,1787,1340,10,1350
22420202,1288,753,14,767
11830946,450,315,3,318
43413555,790,565,6,571
33060945,4161,2428,24,2452
11580252,765,460,10,470
43584239,559,394,3,397
97092366,2834,2076,9,2085
10950218,656,459,9,468
43400078,5146,4130,7,4137
43621499,722,491,2,493
86821139,1535,1208,47,1255
43502239,1204,757,14,771
98110054,299,252,5,257
32861112,4353,2815,33,2848
54400070,756,518,8,526
43771518,193,152,2,154
22690043,3723,2525,97,2622
65130027,970,695,7,702
43390784,1726,1374,5,1379
54590474,343,293,4,297
76310186,1014,609,11,620
22430034,65,44,1,45
10080054,2658,2023,6,2029
76220221,1125,697,3,700
43991196,1928,1514,22,1536
33030166,2442,1296,51,1347
32861864,2519,1915,22,1937
76430077,367,240,2,242
11030140,1341,825,11,836
43994425,703,629,14,643
86970022,325,231,12,243
98130090,1470,1001,13,1014
11751814,672,419,9,428
32850772,4235,3424,12,3436
11760476,450,295,2,297
11811046,299,204,1,205
10900033,431,236,1,237
10820562,517,313,2,315
33170037,686,453,4,457
43625583,401,300,9,309
76220018,1405,786,6,792
43416772,770,626,14,640
43419179,538,525,1,526
43991411,665,479,9,488
76140536,556,396,7,403
10860050,675,491,13,504
21870604,427,390,11,401
97130101,2300,1723,3,1726
11650047,610,407,7,414
97090971,960,671,5,676
22310042,655,449,6,455
11800662,56,42,1,43
10950117,692,439,21,460
54570315,747,401,8,409
33090308,2930,2022,11,2033
86662288,225,140,2,142
10310027,993,584,2,586
43691935,1602,1137,16,1153
32950111,1646,1433,3,1436
43583092,483,372,6,378
76200083,933,400,3,403
65520042,323,179,1,180
65290079,47,29,1,30
11600121,612,398,14,412
22430326,119,88,2,90
76240492,339,231,2,233
10810369,444,206,0,206
43361276,2568,1812,13,1825
33270296,833,651,8,659
43580921,443,321,3,324
32950436,2313,1652,5,1657
22720193,1931,1339,16,1355
11831082,370,248,3,251
43772294,887,658,13,671
43691126,563,351,12,363
43584318,264,178,2,180
43502734,709,508,7,515
76260270,1101,586,5,591
22490096,558,445,6,451
76210297,1937,1032,14,1046
32850019,4526,3006,18,3024
32930557,3057,1898,21,1919
54360053,604,421,14,435
54540211,1634,983,23,1006
11761017,257,163,2,165
32952685,1252,1120,119,1239
76250853,829,520,6,526
76290329,1032,427,5,432
11080145,886,596,4,600
32862258,1791,1140,2,1142
97090656,3106,2505,7,2512
33050102,1211,956,13,969
33250564,1663,1360,17,1377
76300332,1380,816,15,831
22080181,149,107,2,109
43360174,3414,2635,6,2641
33250104,3329,2717,6,2723
22540025,1378,996,9,1005
11070593,314,206,2,208
32850435,2351,1155,85,1240
21861817,703,573,6,579
11780906,444,264,10,274
76260292,1167,611,8,619
43371176,2088,1553,7,1560
43415715,1741,1303,25,1328
76300578,1153,713,9,722
10180055,1106,957,16,973
43625673,501,388,6,394
76110241,337,323,6,329
76330087,946,515,7,522
11620606,232,141,2,143
43692789,164,128,3,131
43503072,565,386,1,387
43417751,617,477,4,481
11670038,324,269,2,271
32951392,2484,1637,7,1644
43502004,564,413,2,415
76310210,599,384,5,389
32861459,3326,2349,2,2351
10630022,1032,764,10,774
43774566,276,195,1,196
11630854,244,142,2,144
43622647,1755,1271,24,1295
11100261,211,146,3,149
86553412,125,97,1,98
32890798,1593,1136,7,1143
10840621,232,160,9,169
32840962,2281,1820,14,1834
32860199,2779,1886,15,1901
33270094,1314,1020,16,1036
87000049,1262,954,19,973
11821126,411,281,3,284
76210185,667,252,3,255
10590577,2450,1821,9,1830
22800080,144,69,2,71
22800136,96,64,1,65
97500045,2075,1125,180,1305
43991905,1312,976,17,993
86880011,1986,1137,20,1157
76510469,575,360,11,371
76510245,608,355,0,355
10940105,369,217,1,218
43993109,1332,1004,0,1004
43774454,584,477,13,490
11620112,840,506,14,520
43411508,556,376,5,381
43501834,767,508,4,512
97120492,3223,1922,0,1922
43503106,863,621,12,633
11610065,314,206,3,209
22510011,1804,1244,7,1251
32862461,5375,3319,55,3374
76320200,913,530,17,547
97100928,1074,1221,0,1221
54260355,470,458,3,461
32851166,943,794,9,803
76400074,1076,595,7,602
11630764,363,227,5,232
11430010,115,69,0,69
76160505,723,419,16,435
43584240,726,646,3,649
32870549,2861,1772,27,1799
76210466,2443,1234,14,1248
11830913,323,226,9,235
54890499,754,569,7,576
86740162,1666,1042,38,1080
32930119,1660,1297,9,1306
76280351,562,322,8,330
97141608,2347,1607,0,1607
76360080,313,168,2,170
11751825,641,419,2,421
54590373,251,138,5,143
86690054,2545,1667,19,1686
76220265,1763,968,10,978
22110039,107,84,1,85
43413689,1632,869,16,885
43504691,431,379,5,384
11580959,1069,805,8,813
54790386,2110,1406,14,1420
43503050,566,458,5,463
32850783,3710,3077,5,3082
43993851,285,171,1,172
54890400,1464,1072,22,1094
10910955,246,155,4,159
11831442,241,162,5,167
11810900,275,183,6,189
76130456,963,560,4,564
43640063,2266,1721,41,1762
43670156,1398,1125,14,1139
76100037,1065,685,3,688
43500271,625,452,2,454
76330335,259,141,0,141
33250069,2746,2284,16,2300
22421641,424,222,3,225
86670029,1519,995,2,997
32850154,3428,2393,25,2418
76270451,224,135,0,135
32930232,1275,1055,11,1066
43400562,1518,1355,8,1363
33170150,1794,1271,14,1285
86663054,910,629,68,697
32841042,1916,1284,24,1308
54620603,669,447,5,452
54650099,3123,1971,9,1980
87020063,3466,2013,40,2053
43502015,536,384,5,389
76240245,1847,951,12,963
43500945,563,369,3,372
11771838,983,608,16,624
76230020,1081,573,9,582
43418145,345,271,1,272
10100147,1816,1191,9,1200
10300318,2475,1641,18,1659
32860302,2292,1984,5,1989
86553210,779,492,3,495
10790232,294,206,2,208
10871423,393,311,4,315
54590216,1521,756,5,761
22650061,149,87,5,92
43362323,1259,1274,5,1279
43774353,255,203,3,206
86742894,22,0,0,0
54540064,1628,890,13,903
11770084,301,144,9,153
10940116,449,286,3,289
76490488,240,233,2,235
10250851,2427,1654,43,1697
76220546,803,537,2,539
43504736,450,398,6,404
10300341,2283,1538,16,1554
22600820,891,817,7,824
32870617,2897,2124,27,2151
10980042,863,546,4,550
43362233,569,565,0,565
22100050,171,126,8,134
76170135,1149,794,8,802
43771833,704,518,5,523
43418291,301,222,4,226
32930298,3223,2124,15,2139
43993794,630,466,9,475
43400124,1796,1457,17,1474
43411980,898,630,12,642
76150256,1928,1082,13,1095
10730023,1404,1006,2,1008
43410259,584,429,8,437
76280452,1309,981,16,997
54740099,2047,1518,23,1541
86554064,230,172,3,175
86552770,416,272,5,277
76371026,239,153,1,154
32861055,3790,2891,20,2911
10251256,2466,1742,32,1774
43580246,923,734,10,744
97910028,893,664,9,673
10230017,919,595,10,605
43775433,151,137,1,138
86662211,764,474,4,478
54410262,302,291,1,292
43416299,1173,953,4,957
33060787,3292,2115,8,2123
86742771,559,308,12,320
54540378,115,76,1,77
43670572,2071,1549,19,1568
43414602,1562,1015,13,1028
11590815,438,251,6,257
98140013,810,421,4,425
22650274,123,69,3,72
11751892,391,279,2,281
21860579,974,714,11,725
97470030,2759,2035,36,2071
76210028,480,233,4,237
76341157,338,274,1,275
32862304,4149,3154,14,3168
11800932,176,123,2,125
43693319,485,398,3,401
32860919,2414,1973,13,1986
98100143,753,504,10,514
43583115,1160,970,22,992
43503397,1141,867,37,904
76300747,228,179,4,183
76320255,453,167,0,167
43774690,1052,885,14,899
11820091,537,312,6,318
10871265,343,248,4,252
43350498,800,651,13,664
76190362,1209,691,20,711
11772019,239,155,1,156
76300635,290,198,7,205
11640259,218,135,1,136
21861693,350,379,2,381
11570307,548,331,6,337
43580527,1740,1350,29,1379
43771440,1545,923,22,945
43503960,361,206,2,208
11030353,1009,668,10,678
11760971,741,446,12,458
43370085,2352,1621,13,1634
54440164,549,464,9,473
86660882,499,397,1,398
32840827,1529,1282,24,1306
97090937,1638,1196,0,1196
76150087,714,416,6,422
10300431,1850,1340,19,1359
76351125,180,147,3,150
11780568,516,317,3,320
10810370,296,164,4,168
43691946,1929,1310,37,1347
97140012,3154,3741,0,3741
76380194,1459,779,14,793
76350304,1067,597,12,609
97141822,659,564,4,568
97130280,3567,2635,8,2643
43418268,530,408,0,408
33110356,107,63,1,64
22280015,2054,1127,12,1139
86730026,2103,1618,23,1641
10140051,2820,2204,20,2224
11571151,229,139,3,142
32840120,2749,2041,9,2050
11670027,1234,734,7,741
65520143,174,112,2,114
11760803,245,152,8,160
64960027,954,692,6,698
54870105,107,76,1,77
86550509,596,370,14,384
43413421,505,393,6,399
97320012,1719,1289,6,1295
11800718,456,294,4,298
43360804,2871,2331,50,2381
11831521,469,409,2,411
76200364,498,282,31,313
21861828,1000,984,12,996
11790648,503,317,6,323
76130759,293,193,7,200
11560115,1067,687,5,692
10841026,130,83,1,84
76540169,291,111,1,112
76290712,643,188,0,188
43771226,849,694,8,702
76200746,249,164,3,167
54910403,1255,870,6,876
43412857,859,600,15,615
86740780,1206,706,6,712
76380420,1851,725,5,730
32930445,1754,1288,9,1297
43480368,741,888,14,902
43992018,880,713,13,726
54910661,545,437,5,442
54900019,676,444,2,446
76370812,663,361,7,368
11610784,497,319,9,328
86910071,1328,709,2,711
98340015,314,149,2,151
11781187,164,122,4,126
11820079,565,348,2,350
86690100,2994,2104,11,2115
32960033,1936,1404,18,1422
54790476,52,40,0,40
11390712,538,329,17,346
43371952,1575,1155,16,1171
43361401,1929,1603,22,1625
21870457,2159,1532,23,1555
33070238,507,417,3,420
76160932,383,312,14,326
11770039,1260,600,19,619
32950975,1284,1085,3,1088
86860042,514,447,5,452
43620140,528,378,4,382
43772676,1121,734,19,753
54860250,470,393,3,396
76321593,206,149,3,152
10590690,4306,3524,10,3534
43990409,1350,1032,23,1055
32960831,3556,2870,37,2907
11080167,644,403,13,416
10120048,1847,1280,14,1294
86570095,341,273,5,278
33110176,931,643,7,650
11830665,580,364,1,365
22810160,185,162,5,167
97120032,2007,1446,7,1453
43581821,583,416,4,420
32863440,485,494,5,499
33061025,3942,3122,39,3161
65440593,1130,972,8,980
97091646,2616,1862,15,1877
97470041,1588,868,6,874
97500012,1021,712,2,714
43418459,701,705,10,715
86743648,23,24,0,24
32870965,4335,3446,27,3473
43771798,570,435,2,437
76251034,480,339,7,346
86661726,401,210,5,215
21910014,746,474,1,475
10840586,405,277,0,277
86890023,605,426,4,430
10890165,202,157,1,158
86991856,1448,814,9,823
43504657,307,271,1,272
43772788,503,316,5,321
11780287,960,554,17,571
11750510,1096,616,10,626
76360192,669,389,5,394
54540198,1241,713,29,742
76211311,619,367,1,368
10810763,64,36,1,37
86661298,851,460,10,470
97120335,1776,1559,6,1565
76490130,840,368,9,377
11070368,336,192,5,197
76510234,622,347,8,355
43950887,1558,1210,18,1228
65430019,1224,893,0,893
43570098,2127,1117,14,1131
32841660,838,950,8,958
43380121,2046,1554,13,1567
43570065,1782,1185,15,1200
97100265,2571,1906,0,1906
43690439,1040,712,12,724
86992891,431,554,218,772
10590702,2100,1872,11,1883
22720047,1948,1190,24,1214
43500035,656,374,12,386
11080011,445,287,0,287
76250257,966,567,6,573
11590365,305,173,1,174
76230334,778,424,5,429
43774128,299,206,6,212
76200049,677,300,6,306
54890871,309,281,6,287
76321289,271,187,2,189
11790255,334,149,3,152
43500204,866,644,9,653
76320356,1276,860,13,873
43504073,969,780,1,781
97093345,791,692,7,699
76300602,428,238,1,239
65660036,111,76,1,77
11420020,79,54,1,55
43411722,493,391,8,399
32862821,429,570,5,575
10670082,1660,1061,12,1073
76360619,694,421,4,425
10750014,1825,1545,19,1564
65840036,127,51,0,51
32862089,2391,1699,14,1713
43361412,2183,1933,15,1948
65350166,44,38,0,38
43501014,397,270,4,274
10100170,1644,1169,28,1197
11780063,528,299,7,306
43584532,687,786,13,799
43770225,157,68,2,70
86830050,1253,306,7,313
32952584,760,815,4,819
11600907,678,434,5,439
76500064,175,112,1,113
11620538,788,502,0,502
43413241,1313,876,1,877
43583317,695,514,4,518
43740176,2909,2222,0,2222
32871001,1115,792,10,802
10400117,264,230,2,232
43400269,3781,2945,0,2945
76180248,179,122,1,123
76490231,912,579,1,580
86553243,888,459,13,472
43414635,530,336,6,342
33010579,4651,3312,83,3395
43414882,643,481,9,490
76110184,987,949,6,955
97340036,268,240,0,240
54340051,1770,1335,9,1344
11751577,393,253,6,259
86743693,161,129,6,135
54650190,2446,1702,22,1724
97091219,134,75,0,75
76310232,325,182,4,186
11200071,604,393,2,395
86742344,307,192,2,194
65440661,839,789,13,802
86820329,314,177,2,179
97141776,901,414,27,441
11800077,414,268,3,271
76350214,1153,617,4,621
32871337,1062,772,7,779
86930152,1189,1086,2,1088
32980271,1645,1124,18,1142
86910228,2703,1948,41,1989
43691508,549,399,9,408
76080562,227,179,3,182
76250123,946,525,0,525
10790119,544,320,13,333
86662198,1126,785,9,794
43771743,1441,1087,38,1125
33020705,1864,1405,24,1429
43371020,8094,4388,138,4526
33300010,2052,1428,18,1446
33110390,1199,1257,3,1260
22421494,427,288,1,289
11630506,816,442,4,446
43460041,2632,1875,11,1886
76510199,495,349,9,358
33050034,2884,1861,24,1885
43390605,3490,2606,13,2619
43360387,1827,1404,4,1408
11570509,844,496,12,508
22420460,1245,782,12,794
32841154,2499,1929,28,1957
22020107,1507,1085,20,1105
43413106,958,738,11,749
10860117,422,268,4,272
76290239,961,339,7,346
76330111,1470,730,7,737
43501913,350,256,1,257
11571319,314,204,2,206
43774207,243,201,2,203
21860658,2245,1429,17,1446
43582158,658,428,22,450
11780715,547,338,9,347
11580140,671,410,4,414
76390072,1014,750,4,754
22640273,174,100,1,101
22110286,137,67,1,68
11820013,528,355,4,359
33020389,6494,4086,2,4088
54740044,2037,1482,6,1488
43620836,675,443,1,444
97200165,2287,1413,9,1422
11071099,377,264,7,271
76100341,1298,732,1,733
86900047,1598,1087,22,1109
76150155,1156,671,10,681
76490466,271,260,0,260
97142586,2139,1881,17,1898
43770393,1217,790,4,794
22080158,200,124,3,127
76370261,1377,800,7,807
10820179,933,770,1,771
10591006,621,521,3,524
32951673,2140,1692,9,1701
54860182,219,145,0,145
98110032,338,201,0,201
86741848,1440,980,40,1020
54610084,2123,1387,25,1412
43417313,259,192,3,195
76120343,160,134,0,134
11330042,1933,1458,19,1477
86743671,439,522,10,532
76260595,319,295,4,299
22600336,2052,1478,10,1488
54410149,276,208,3,211
10570092,2030,1347,26,1373
22421135,1140,718,18,736
21861761,1241,1163,17,1180
54870251,297,328,6,334
11240031,744,477,5,482
32871393,2491,2017,24,2041
32930311,2010,1495,24,1519
21860771,1999,1339,7,1346
10870477,757,562,8,570
32930805,856,740,13,753
86552466,539,357,7,364
43951394,1113,1140,14,1154
86660804,1553,1124,12,1136
32870314,4210,3239,9,3248
43620050,444,349,5,354
33080071,3656,2361,48,2409
33020727,1188,876,7,883
22230054,721,666,11,677
86551296,905,534,9,543
32861965,1913,1641,16,1657
43691485,503,290,8,298
33030324,3234,2045,24,2069
11771164,208,119,3,122
43361760,1609,1159,18,1177
54120259,294,298,0,298
32871326,1861,1771,8,1779
86741219,713,461,21,482
43418246,653,618,15,633
86991474,2222,572,16,588
33020648,2143,1612,3,1615
43415478,837,695,14,709
43771901,295,180,0,180
76510391,614,351,2,353
43693027,505,385,3,388
33250025,1798,977,20,997
11080077,840,585,10,595
65830013,1105,762,8,770
11000013,901,680,5,685
76230165,294,126,1,127
32860436,10702,5174,66,5240
32910465,2937,2097,6,2103
22600729,1769,1388,15,1403
22421427,354,251,10,261
10790513,271,166,6,172
32870853,2680,1991,16,2007
76320075,513,289,2,291
43582844,4878,3713,115,3828
76360406,617,362,5,367
76321223,564,374,5,379
22420684,566,315,4,319
33310033,2386,1553,29,1582
22150347,488,444,2,446
97800071,2329,1287,15,1302
98380446,2276,1676,21,1697
43670189,1600,1044,13,1057
76150852,443,375,3,378
97141271,2283,1526,29,1555
43410822,488,271,4,275
11580106,945,570,5,575
97820141,171,126,0,126
54670305,345,242,1,243
32940413,3275,2175,8,2183
32871269,630,789,6,795
43400157,2117,1689,29,1718
43370861,2428,1779,13,1792
43670369,1811,1169,38,1207
43411823,2543,1814,100,1914
76230558,78,56,0,56
11180012,208,154,1,155
10940228,265,125,17,142
11570453,434,267,5,272
11760162,782,465,14,479
86910622,731,719,17,736
43418224,361,344,6,350
22560050,1787,1284,43,1327
11750914,695,431,6,437
43410697,742,544,4,548
11760847,165,94,0,94
43417201,992,842,20,862
86552242,154,54,1,55
97140371,2341,1570,11,1581
43503476,944,673,4,677
86990259,685,444,7,451
65740013,654,492,5,497
76270484,204,155,0,155
10130027,1633,1293,15,1308
43418673,582,676,5,681
33040044,2110,1405,26,1431
10900134,300,220,3,223
11070784,411,262,1,263
32940525,2082,1641,24,1665
10251021,3122,1929,37,1966
10290024,759,628,19,647
98260016,1292,804,13,817
97091062,1345,766,9,775
97820130,143,101,0,101
97142069,1569,1238,13,1251
32860324,2807,2065,20,2085
11750598,973,559,9,568
43693184,306,252,2,254
76230367,581,310,10,320
86740476,1098,745,21,766
32840423,3150,2146,0,2146
54600083,2483,1631,18,1649
10840687,705,458,18,476
43991310,306,202,4,206
11761051,325,220,0,220
43350162,1840,1232,12,1244
10340042,157,113,1,114
10591062,2102,1546,16,1562
86992813,327,218,4,222
86660163,838,376,8,384
32841480,675,782,8,790
98420047,1931,1208,11,1219
10460078,1803,1655,22,1677
76321537,243,184,1,185
22120108,239,154,2,156
76170449,851,524,3,527
21870121,1689,1231,29,1260
86910217,1864,1052,83,1135
54140026,975,755,16,771
76291151,158,135,1,136
22190048,814,696,9,705
76480825,417,231,4,235
54530041,1389,1155,9,1164
65440605,1413,1274,3,1277
54670260,165,143,0,143
43419001,570,700,7,707
43730164,2414,1624,27,1651
97130392,1593,1606,7,1613
11800145,295,182,4,186
10250806,2411,1736,34,1770
11820990,215,115,3,118
97530273,367,216,7,223
43900107,4071,2280,32,2312
33060237,3060,2274,43,2317
11220039,1173,778,9,787
11150053,829,531,6,537
22421809,189,87,2,89
11770613,1322,819,3,822
33060518,2285,1692,24,1716
32840489,2807,2020,7,2027
11070504,738,517,3,520
76280902,353,301,3,304
22600202,1388,937,11,948
33060697,2460,1997,6,2003
97091691,1653,1099,9,1108
11071459,353,244,16,260
33090432,3560,2835,45,2880
10250952,2707,1847,37,1884
86551601,561,336,8,344
97092108,2585,1504,12,1516
43504006,443,377,2,379
10940453,363,258,2,260
86560038,1612,1022,20,1042
43581629,645,408,10,418
22420066,428,278,4,282
32952988,1073,1247,5,1252
76270080,658,381,4,385
43503522,459,272,6,278
86741107,877,606,20,626
22110141,88,61,0,61
64960016,2169,1249,15,1264
97200457,997,801,9,810
54720019,2992,1881,7,1888
54870059,297,201,1,202
54790645,1188,1064,8,1072
43417289,269,175,2,177
21870468,1975,1399,29,1428
43771495,207,120,3,123
21861176,2143,1330,21,1351
32861291,2002,1426,15,1441
97200390,1981,1257,11,1268
76490152,1098,672,4,676
54670204,558,396,11,407
76101005,459,298,3,301
76221008,91,70,1,71
76090013,1427,857,10,867
43390706,2749,2118,51,2169
97200288,2395,1506,0,1506
11570880,510,303,4,307
54680148,1730,1358,37,1395
11752275,265,233,5,238
86743402,88,59,0,59
97830041,343,252,1,253
11790312,432,262,5,267
11070425,533,332,5,337
86743480,193,135,4,139
76130490,725,327,3,330
43361311,2075,1793,28,1821
43772834,466,438,7,445
32952887,436,521,4,525
76340965,261,148,1,149
43625482,310,245,5,250
32870167,1888,1640,12,1652
76100059,2335,1253,9,1262
43502543,405,232,3,235
76360653,432,280,5,285
86743626,349,281,5,286
86820105,117,49,1,50
76270439,202,122,3,125
43350083,4853,3806,0,3806
54220362,625,436,0,436
43414264,968,576,13,589
11820169,933,569,6,575
86991913,432,282,2,284
32840388,3537,2667,3,2670
76340505,278,168,2,170
76100486,1296,704,7,711
22750297,1542,1145,10,1155
33060866,3108,2440,0,2440
11270023,826,580,12,592
33280039,446,320,1,321
76320413,1534,1008,13,1021
22540036,2000,1435,10,1445
33020479,2143,1591,4,1595
97142182,1476,1152,14,1166
21860131,3192,2264,5,2269
11591085,279,172,0,172
54620029,1406,581,11,592
11630517,788,459,13,472
43773172,356,316,3,319
43640029,1483,1208,12,1220
11620910,330,193,1,194
10841183,106,65,0,65
86550947,158,46,3,49
11560474,666,955,3,958
76220580,1256,772,18,790
11611189,90,54,0,54
86821106,71,74,1,75
87020489,2379,1880,11,1891
32900037,2545,2005,0,2005
32910117,3351,2497,22,2519
97830085,232,136,0,136
11570385,698,456,10,466
10590858,2514,1719,48,1767
33080228,3140,2376,23,2399
11800280,486,260,7,267
43380334,3568,2965,0,2965
10810707,282,182,0,182
44000020,1850,1534,33,1567
76310120,670,284,5,289
76140255,675,408,1,409
86553489,456,308,1,309
54210080,1472,867,1,868
54220092,1505,870,5,875
43581405,212,156,4,160
97200277,2209,1338,12,1350
86662839,520,301,7,308
76280856,20,16,0,16
32861774,1670,1261,0,1261
87020366,2326,1307,31,1338
76080078,2066,1109,14,1123
86870267,1801,1145,14,1159
43583788,421,312,4,316
32980136,3189,2600,12,2612
22020185,1334,872,20,892
86910060,1824,993,4,997
43993974,520,433,22,455
22120119,237,157,4,161
43620814,656,453,5,458
43774678,386,318,1,319
54190032,2159,1375,9,1384
22421618,706,536,9,545
97860055,1754,1386,3,1389
43625606,688,527,9,536
76360697,767,713,6,719
11801067,171,124,2,126
43411968,667,388,12,400
76080304,247,158,3,161
76160033,376,248,5,253
86741152,1433,1037,1,1038
32910487,1820,1888,5,1893
76360912,235,171,0,171
11831228,691,525,6,531
86660365,905,506,8,514
11590769,263,168,4,172
43770832,807,416,3,419
97090308,2439,1753,50,1803
22420943,867,483,7,490
11800730,981,702,5,707
21861884,363,359,7,366
10760026,183,66,1,67
43360107,2837,2482,14,2496
43502497,621,419,2,421
22100083,209,139,5,144
22600763,427,355,1,356
10670295,542,428,5,433
22420123,1656,1040,14,1054
43620252,503,346,4,350
97141046,5356,3835,9,3844
65440638,1428,1262,2,1264
86742119,83,44,0,44
98420104,543,386,10,396
86742456,827,532,18,550
43502598,761,502,1,503
43690709,776,561,10,571
76210770,520,274,1,275
76481006,381,290,2,292
76140211,1308,866,5,871
43691036,558,410,6,416
11070919,305,183,2,185
43360826,2496,2128,23,2151
32930658,1680,1209,11,1220
32840366,3251,2077,18,2095
97141529,2680,2029,8,2037
10810268,770,528,12,540
33010232,3686,2417,33,2450
11820631,331,192,8,200
43413207,1300,889,33,922
97100692,1210,1176,6,1182
10730034,1380,758,7,765
86770075,2233,1406,47,1453
32890282,3210,2234,23,2257
43501430,1395,872,8,880
22810137,183,80,0,80
32840805,2802,1841,24,1865
33170105,3709,2070,15,2085
54590104,1168,800,10,810
86550251,409,222,4,226
86661692,601,264,2,266
43690721,977,670,9,679
76280575,803,485,0,485
11780153,1172,832,11,843
54360020,276,209,2,211
86662019,1163,755,17,772
54860160,1193,893,8,901
44030023,1867,1393,6,1399
10670116,2493,1767,20,1787
86552040,962,630,13,643
43770078,618,417,0,417
43625752,224,193,0,193
11601166,350,221,2,223
11760409,612,383,7,390
54570304,549,282,4,286
65570036,3407,2497,12,2509
97820163,253,198,4,202
65660070,170,101,2,103
43622883,540,280,16,296
76240267,1704,973,20,993
54510049,1208,782,13,795
22150077,1312,1028,9,1037
10340064,507,361,2,363
97141293,2885,2028,86,2114
11830418,263,193,0,193
86552354,1075,670,5,675
22430012,95,40,0,40
10890413,429,314,3,317
11630809,510,246,7,253
32840726,2632,1689,21,1710
76350113,1877,977,14,991
11750497,434,296,10,306
11571218,368,253,3,256
11611055,162,93,0,93
11790288,735,549,13,562
97980014,2516,1868,3,1871
97820095,643,357,4,361
43771181,1201,971,11,982
54870228,505,336,2,338
54540840,623,492,56,548
65140107,697,632,9,641
43993402,1195,932,0,932
76360215,726,426,8,434
10871322,525,335,5,340
97220156,1330,860,17,877
43582013,921,670,10,680
11590680,474,360,4,364
11770286,572,367,2,369
97141372,1395,1076,11,1087
54750067,382,356,3,359
22420965,872,532,12,544
33010906,1376,843,16,859
22640015,132,90,5,95
76350876,211,142,2,144
32860245,2766,2254,3,2257
11631046,202,150,0,150
86552118,1060,701,4,705
43503577,340,294,3,297
65290103,150,121,1,122
54240049,81,80,2,82
43870170,484,609,4,613
22490052,1485,1010,9,1019
54790331,2690,1686,11,1697
54570270,977,628,5,633
32890507,5727,4397,28,4425
65030116,973,666,10,676
76090068,2352,1474,0,1474
76080483,457,423,4,427
43625381,337,262,5,267
43414466,1176,882,14,896
86662200,612,471,6,477
86910127,1830,1319,17,1336
43640052,2080,1618,11,1629
10590409,1642,1147,13,1160
11650137,649,377,12,389
22080147,422,243,7,250
22421821,189,130,1,131
10500039,107,68,1,69
54160051,505,402,4,406
86750017,855,479,7,486
76300039,1356,891,10,901
22400277,489,325,16,341
33000433,783,836,21,857
11030106,1077,732,8,740
43773183,203,152,1,153
22640172,60,48,1,49
86720115,744,455,6,461
10940587,224,140,4,144
43414657,1385,870,12,882
11590219,330,200,3,203
76470172,301,218,5,223
32952539,1319,1077,16,1093
54670338,116,91,1,92
87010039,2780,1352,16,1368
10400061,1122,754,1,755
54880049,1244,908,13,921
32840287,3669,2637,16,2653
86992486,617,595,12,607
22090216,109,94,1,95
54410026,2429,1830,25,1855
76481017,442,313,2,315
76250639,505,312,9,321
43583249,456,272,2,274
97140887,3000,2610,11,2621
33090342,1700,1246,6,1252
11071392,203,135,3,138
76320097,279,166,3,169
54600195,3077,1975,19,1994
11752095,103,89,2,91
76470037,1694,1013,11,1024
43361287,7168,4677,105,4782
97110503,1286,1238,29,1267
86662097,1205,728,17,745
32960112,2096,1508,12,1520
76161012,287,212,15,227
43361715,3384,2421,24,2445
76470071,971,698,6,704
54680283,179,160,5,165
43360578,3064,2442,15,2457
10850789,641,437,5,442
54700073,811,515,4,519
43413274,766,512,9,521
86550228,1918,995,16,1011
76170102,1345,847,13,860
43740121,3469,2505,49,2554
86570073,175,85,3,88
98430172,1790,1215,24,1239
22600314,1333,1019,2,1021
86741893,624,383,2,385
11610649,124,96,1,97
22800057,886,597,12,609
54650189,1724,1550,15,1565
43991028,468,308,3,311
76280160,829,469,4,473
43693308,452,382,3,385
33010917,3043,2243,26,2269
33070036,2867,1868,7,1875
54570056,624,295,5,300
86700281,1082,844,14,858
97090702,2598,1962,16,1978
76380699,341,231,1,232
33060686,3997,3253,18,3271
98400269,1450,1200,10,1210
76321212,615,443,4,447
76150469,1095,607,3,610
33170127,1188,900,15,915
86663199,164,99,1,100
43414961,1533,1260,13,1273
32860290,4086,3219,11,3230
11830867,998,683,9,692
76330199,1290,715,4,719
10710021,1523,1268,15,1283
54650695,378,493,2,495
87020041,3668,1978,30,2008
43360062,3619,3112,34,3146
76370687,1279,655,11,666
22700090,947,614,16,630
76080045,1530,719,16,735
76420098,749,191,1,192
32861471,2267,1753,36,1789
11760375,519,257,8,265
43710016,580,533,0,533
11752017,388,251,2,253
76080540,237,185,2,187
11610447,595,376,5,381
10510074,139,102,2,104
43690383,726,520,15,535
43625291,751,571,4,575
43583542,1912,1419,27,1446
22110017,114,75,2,77
76220344,1547,847,17,864
10760060,38,32,0,32
76150010,966,672,3,675
76370665,1134,695,4,699
97100940,4307,2979,28,3007
10790096,518,340,5,345
65520053,257,141,1,142
98080094,165,134,0,134
54590508,695,768,13,781
65160053,662,506,4,510
10600041,1918,1281,21,1302
76250628,1691,822,22,844
32862685,4045,2330,47,2377
10850587,206,142,4,146
33310066,2577,1855,24,1879
43610048,671,614,14,628
86743705,155,136,3,139
97110187,3649,3031,9,3040
65350177,75,34,0,34
43994683,466,407,0,407
11780973,394,267,0,267
11751207,665,416,5,421
76320244,578,315,4,319
22320043,1656,1247,53,1300
11650384,344,224,6,230
11821306,432,294,11,305
97090207,1909,1448,3,1451
86820622,239,125,1,126
97100434,1708,1535,0,1535
76140480,1495,1011,5,1016
66020059,61,44,0,44
86660512,1055,650,12,662
43773509,405,319,3,322
10820405,428,269,5,274
76100970,991,584,9,593
97200446,1982,1316,12,1328
43992366,374,253,6,259
43622300,985,633,1,634
54320015,2437,1808,13,1821
33110345,378,244,1,245
43771989,979,603,11,614
54590463,573,517,5,522
22320155,1024,750,4,754
32960257,2070,1497,12,1509
43773352,370,245,2,247
54620524,292,255,2,257
76221277,581,404,24,428
22690032,1344,838,4,842
43950067,1166,821,8,829
65530234,63,32,0,32
11751162,476,330,10,340
86990473,483,312,4,316
54650774,746,866,7,873
43691159,405,301,4,305
10870398,878,574,16,590
11751331,454,291,11,302
32952281,3155,2259,24,2283
32940592,2192,1789,22,1811
43771990,920,637,10,647
86742197,661,436,8,444
76270170,658,346,11,357
11600660,1370,845,22,867
54650617,2793,1871,21,1892
11820361,999,575,12,587
98100042,583,325,10,335
32840861,1742,1410,17,1427
43371525,2309,1587,32,1619
43990702,328,236,8,244
76480296,579,219,3,222
86660983,1882,1393,13,1406
86820228,493,347,29,376
21861503,649,577,13,590
76310052,686,349,10,359
43600373,1126,1020,26,1046
65950016,1652,1153,22,1175
97091354,2566,1937,8,1945
21860984,1202,827,10,837
54350030,1070,760,4,764
76290420,751,216,3,219
65090033,830,451,13,464
97090926,1071,767,5,772
43625527,498,346,5,351
10251403,1812,1365,27,1392
43994122,1120,889,15,904
86992879,454,490,7,497
43390144,3237,2550,35,2585
76350630,1158,506,3,509
43773880,141,50,2,52
22820194,235,166,1,167
43504770,110,88,0,88
22590075,1087,645,14,659
54620265,522,262,1,263
98340071,505,272,2,274
76251258,403,318,6,324
54540479,1078,782,12,794
32910038,2873,3764,19,3783
43775309,291,274,3,277
86690199,513,420,4,424
11580409,623,395,0,395
32890024,2817,2287,8,2295
86992857,492,541,10,551
22420426,276,147,1,148
54820065,389,338,5,343
32930692,1266,949,12,961
76350720,698,378,5,383
10910764,359,230,3,233
97190017,763,435,7,442
86992082,922,656,0,656
11670049,768,970,12,982
76101500,404,284,5,289
76300297,2146,1314,18,1332
32952797,863,871,15,886
44020011,973,689,1,690
43460018,810,400,6,406
33310224,1990,1510,62,1572
11390611,361,197,4,201
22540058,1671,1167,20,1187
43503353,885,574,10,584
11580320,253,168,5,173
54630019,3272,2195,39,2234
54860238,431,316,9,325
54520039,251,379,2,381
10790322,587,349,1,350
54870026,531,350,3,353
76141098,168,245,1,246
32861482,1336,1178,10,1188
43550030,2829,1846,28,1874
22430292,118,52,0,52
86742614,615,349,9,358
33090274,1861,1374,22,1396
54680362,194,187,3,190
32860863,2160,1609,11,1620
76150694,573,431,4,435
86991519,639,458,9,467
43570199,470,497,3,500
86550992,862,632,12,644
65530223,314,84,2,86
32871203,4622,3383,1,3384
11790570,276,206,1,207
10940790,272,166,2,168
54910267,1339,878,13,891
76220401,1190,771,5,776
43993659,444,298,12,310
11570127,660,387,3,390
10400106,111,91,0,91
22410201,57,18,0,18
76390061,1013,684,5,689
43580910,348,284,0,284
86900182,494,317,10,327
86742490,470,222,11,233
11640484,126,75,2,77
43580662,1706,1420,20,1440
10820876,1137,894,12,906
54120215,960,753,11,764
43622030,1174,912,26,938
76490051,467,216,4,220
11650698,464,295,2,297
54540648,1051,826,16,842
11610469,434,248,1,249
32952124,1882,1114,15,1129
54790094,4553,3422,6,3428
11760511,247,125,0,125
11771456,477,341,15,356
43771653,1263,839,11,850
33090229,2445,1730,50,1780
97141327,2105,1597,5,1602
43950775,1743,1146,18,1164
86552141,846,522,9,531
43621039,145,84,0,84
32952236,1271,1355,8,1363
65590016,3523,2155,20,2175
97142496,1612,1307,8,1315
33030290,1779,1469,20,1489
86662446,334,271,8,279
76480656,542,315,1,316
21861671,472,466,1,467
22020051,2148,1566,33,1599
11580050,1352,812,18,830
86663492,2041,1168,0,1168
10930070,188,79,0,79
11071336,156,105,2,107
11640079,1296,767,10,777
22600718,1582,1272,10,1282
43773543,831,630,12,642
76290644,831,323,3,326
22550026,1649,1284,21,1305
54260175,1880,1083,11,1094
86890045,1618,1115,25,1140
11080336,437,289,3,292
11751645,571,396,6,402
11800943,178,110,2,112
11771726,388,263,4,267
32870808,2422,1647,25,1672
10860364,272,189,1,190
43501564,416,251,1,252
11580173,728,986,14,1000
43504725,517,469,6,475
43413397,495,464,8,472
32952090,1428,910,4,914
54760024,2488,1516,13,1529
10920260,407,281,3,284
43390278,3381,2519,63,2582
11570374,611,290,16,306
32890664,2880,1551,21,1572
86742681,320,181,3,184
43775398,361,266,3,269
43690563,1007,615,12,627
43951260,802,869,3,872
11811248,278,184,3,187
86550431,762,512,7,519
65470013,1505,1049,23,1072
22430102,222,149,4,153
11750587,677,477,8,485
32870156,3882,2891,7,2898
54370032,979,688,12,700
86992677,370,309,11,320
11080482,532,372,4,376
76460047,310,204,3,207
86743514,328,276,7,283
86662020,1638,1029,9,1038
22750129,2035,1259,11,1270
76371048,417,370,6,376
76370542,1262,661,6,667
22270069,1356,1109,18,1127
22490029,1439,1091,8,1099
22100049,122,61,3,64
76240357,858,542,6,548
10100057,1420,910,12,922
43620791,618,450,11,461
11750789,1106,564,6,570
21860850,2017,1498,10,1508
43580707,584,376,0,376
97090511,2186,1712,18,1730
22250034,527,372,5,377
43621815,271,161,4,165
76280508,901,582,7,589
54650235,2377,1391,27,1418
43990421,1606,1234,24,1258
86930107,2635,1603,16,1619
11570037,570,365,5,370
11790536,559,381,8,389
11830991,256,208,1,209
33000422,1026,796,13,809
22200017,1118,786,2,788
32870707,2154,1646,17,1663
43417784,683,490,11,501
10810864,165,117,0,117
11770589,771,516,8,524
43993222,1860,1769,4,1773
76400344,1132,574,10,584
21870075,1302,974,8,982
43991578,895,521,4,525
43418943,1046,904,7,911
43692802,504,380,6,386
10860184,234,181,3,184
43770270,1018,686,8,694
43412598,422,315,4,319
43414668,584,387,6,393
97092377,2433,1645,25,1670
22420785,865,572,11,583
11650272,687,393,1,394
76290802,770,337,3,340
43360501,2507,1903,14,1917
10590252,812,602,14,616
11780793,1215,860,15,875
54330061,1844,1202,16,1218
76300208,2300,1645,18,1663
43580741,703,482,5,487
76170595,613,474,1,475
10820090,492,305,2,307
76200016,1256,690,9,699
76200263,493,223,4,227
54790566,1116,1064,6,1070
43414332,800,512,12,524
10920293,453,241,5,246
43992715,865,603,5,608
86740274,1055,682,17,699
32861640,2259,1651,23,1674
43992221,364,242,7,249
32980080,5458,4063,16,4079
76211568,381,347,7,354
43584565,369,350,1,351
43411801,3415,2775,37,2812
11621034,182,122,4,126
10910078,287,166,3,169
11060019,2226,1516,16,1532
22420213,996,621,5,626
43693229,323,277,6,283
32910083,1115,1021,3,1024
76340921,225,151,0,151
97270195,338,305,4,309
76110083,2086,1328,13,1341
11600941,440,246,2,248
33060035,2032,1653,26,1679
54911033,183,141,2,143
76150582,794,568,9,577
43570155,1227,974,1,975
43992276,825,519,4,523
11750958,304,199,0,199
43770292,188,106,5,111
76230176,263,116,1,117
76350168,893,530,12,542
43581494,466,360,6,366
43690417,661,470,6,476
86990462,434,304,2,306
76210556,1485,800,9,809
54380033,276,213,2,215
32950852,2658,1929,8,1937
22720182,2154,1323,21,1344
32940109,2083,1584,16,1600
76140323,554,306,1,307
54790836,624,701,2,703
21860861,2157,1595,16,1611
76330290,747,423,26,449
86670232,2238,1697,32,1729
76480140,309,178,3,181
33090162,1829,1301,18,1319
11600985,178,106,0,106
97710015,2400,1960,7,1967
10790366,306,177,1,178
10500040,161,101,7,108
33080026,2691,1765,30,1795
32850615,4236,3036,0,3036
86670041,2608,1650,47,1697
76340808,214,126,0,126
86742883,1047,817,0,817
43480177,3018,1937,13,1950
43622164,346,226,3,229
43360859,2366,1970,0,1970
32840074,5079,3730,11,3741
11080178,735,482,6,488
32950694,2372,1700,1,1701
10910977,418,272,2,274
76530203,1894,1129,11,1140
76100239,714,354,1,355
86990091,316,177,6,183
22600426,2444,1666,24,1690
10890277,702,527,8,535
76351035,306,222,3,225
86740544,885,446,14,460
11260011,1103,686,32,718
76371004,958,661,13,674
22650432,130,98,3,101
11780412,456,238,2,240
32930209,1904,1370,26,1396
76380419,897,539,2,541
11620325,486,280,9,289
97141440,2975,2115,34,2149
43626056,254,262,2,264
22000026,856,664,10,674
22421157,2194,1418,10,1428
54790713,335,448,0,448
76210242,1464,757,8,765
43692970,102,83,0,83
43416468,1017,798,15,813
33250463,3051,2017,30,2047
33000095,2452,1905,26,1931
11650160,944,630,24,654
76130052,587,241,8,249
76300264,852,481,2,483
22270058,2041,1437,17,1454
11771108,1000,545,14,559
10490082,86,72,1,73
43950258,1585,1333,11,1344
86992026,105,83,0,83
43994560,776,748,9,757
54720020,2279,1591,14,1605
32861145,2119,1554,18,1572
86552613,1458,935,14,949
65020036,519,370,2,372
43770416,405,298,6,304
32862764,1679,1195,0,1195
32951617,4374,3398,10,3408
11780940,347,253,6,259
11760207,892,468,6,474
11060053,1500,794,9,803
43771046,1505,1157,25,1182
22600123,2043,1508,12,1520
76500109,270,139,2,141
43360714,863,672,10,682
43361456,3000,2389,26,2415
43580808,1006,846,21,867
32860683,2573,1886,37,1923
32890675,3227,1506,30,1536
54210248,975,982,6,988
43621949,460,292,5,297
22600268,2536,1249,23,1272
43994784,347,286,5,291
54650257,2689,1745,19,1764
86992622,221,191,3,194
43991679,325,186,1,187
10890402,341,244,1,245
65500039,185,116,2,118
32862551,2332,1614,16,1630
32940255,3142,2216,17,2233
65500017,76,29,0,29
65010079,31,36,1,37
76220973,1116,740,4,744
76130096,220,125,2,127
76080180,2698,1458,10,1468
97100096,3554,3120,15,3135
11670016,1598,1057,18,1075
76250189,1077,675,10,685
97530284,1427,1215,10,1225
86662424,248,166,3,169
97420035,3611,1724,20,1744
11150020,715,513,7,520
43350465,1977,1226,56,1282
43960013,2300,1631,12,1643
86991586,1651,1006,14,1020
32841019,2750,2120,33,2153
33250340,2348,1441,15,1456
43391099,1744,1533,33,1566
22750163,2625,1689,27,1716
10250402,2047,1769,6,1775
11460563,359,230,21,251
43370579,2439,1911,27,1938
22110196,107,55,0,55
32850390,3677,1782,10,1792
33260251,1689,958,19,977
22110309,139,89,3,92
76340325,698,330,4,334
43417087,537,404,5,409
43501575,766,376,9,385
11070122,590,381,3,384
97100423,3879,2942,17,2959
11752242,327,258,12,270
86660859,2574,1830,29,1859
86991429,962,424,0,424
86960043,2189,1555,5,1560
10060029,333,342,2,344
76160718,955,614,2,616
22270025,982,660,8,668
54680328,606,717,3,720
43625897,321,251,8,259
43500372,451,336,4,340
10251717,1320,1017,15,1032
32951808,4224,2709,0,2709
97330013,1822,1581,3,1584
76220939,739,440,0,440
76060010,2610,1487,8,1495
76540147,466,337,0,337
86554222,434,322,64,386
11590613,460,262,8,270
32860740,122,96,2,98
86550543,864,552,13,565
54890231,876,534,7,541
76400333,1640,962,8,970
43992603,1036,797,11,808
22810036,278,179,4,183
32860032,1969,1073,14,1087
10330018,421,318,3,321
43770731,961,700,15,715
32840209,3530,2437,12,2449
11620493,250,160,0,160
54570124,1161,684,14,698
97270117,2027,1244,24,1268
97090016,3929,1989,7,1996
86870290,1977,1170,10,1180
43380132,3032,2591,26,2617
32860795,1589,1308,5,1313
43622715,330,260,3,263
32840591,4067,2700,11,2711
32940716,3395,2195,17,2212
43774656,474,422,14,436
11780333,242,147,4,151
10851128,227,150,2,152
43774500,211,174,3,177
11750374,315,194,4,198
86700090,2077,1285,0,1285
11570093,741,433,6,439
10120060,940,881,17,898
86660039,474,233,2,235
43775400,612,651,10,661
11100238,201,132,0,132
11570082,572,366,4,370
86741309,2022,1218,20,1238
22750264,1127,939,22,961
21860108,1202,930,2,932
11630674,565,337,14,351
97730017,1171,818,13,831
43692015,794,550,11,561
54830033,2297,1724,20,1744
76340471,414,257,3,260
87020096,1464,942,27,969
43503320,344,297,3,300
32960572,3318,2255,13,2268
11771210,480,277,7,284
76290273,990,350,7,357
97520137,1713,1066,17,1083
32940323,2927,1976,34,2010
43410024,801,495,12,507
86550194,909,519,22,541
10590960,1608,1352,0,1352
11760993,565,448,4,452
54380022,301,210,0,210
11830700,855,562,7,569
97090724,1989,1601,4,1605
76300679,200,138,2,140
97860044,322,177,4,181
86661074,663,502,6,508
65530098,380,208,14,222
86554255,494,322,10,332
43501070,1085,647,6,653
54620726,588,376,6,382
76340459,1063,556,7,563
76470127,150,127,0,127
86741972,3083,1970,33,2003
32980114,6028,2672,45,2717
76350449,259,142,1,143
11460169,386,244,1,245
22421854,760,753,11,764
86990349,2244,1469,15,1484
11650328,609,429,8,437
97200154,1249,836,8,844
10820944,144,100,2,102
33090465,2494,1857,19,1876
97090814,1575,1235,13,1248
22120085,227,137,5,142
76350865,235,140,1,141
43620779,807,554,13,567
54650550,418,339,3,342
54650684,892,1005,2,1007
86991407,3342,1964,39,2003
86551588,543,309,7,316
97140630,3783,2837,25,2862
43411171,289,191,2,193
11560250,965,641,12,653
43690710,1078,732,14,746
86550284,1075,601,22,623
10420018,1369,988,15,1003
65530076,180,117,1,118
43993312,629,486,5,491
43993750,1874,1518,16,1534
86990574,574,352,15,367
54860227,1336,957,18,975
43500103,576,403,3,406
76390128,650,388,4,392
76300051,828,576,6,582
43583935,546,425,0,425
76290048,944,430,2,432
86553175,469,301,5,306
86550600,412,229,15,244
86552860,257,106,1,107
86554008,411,335,9,344
32860403,781,675,5,680
86741578,810,474,17,491
11760713,359,243,6,249
76300387,1229,668,11,679
43991792,1790,1178,18,1196
43371907,1951,1571,34,1605
86740207,582,333,6,339
76190227,691,401,6,407
97140764,3038,2554,6,2560
32840614,5747,3483,49,3532
22750398,657,622,3,625
98100154,674,309,2,311
11781121,339,230,7,237
32860548,2529,1465,14,1479
33110020,237,150,3,153
76330559,370,334,2,336
43502150,1002,721,7,728
76211322,1256,731,8,739
43415704,2365,1722,29,1751
54570337,299,186,4,190
97110299,2578,1439,16,1455
32871157,2561,1525,19,1544
10251155,3252,2433,26,2459
54230127,1134,874,14,888
76341067,196,125,0,125
43773846,146,79,0,79
11580195,629,398,8,406
43584341,288,238,6,244
43414477,1237,875,15,890
33250205,2717,1652,5,1657
86992374,2306,1606,36,1642
54340017,1993,1440,14,1454
97800149,3068,2246,20,2266
11770871,261,146,3,149
43622399,509,356,2,358
10090101,780,453,2,455
21861266,882,662,14,676
54770047,302,238,10,248
54760068,731,500,3,503
54910975,288,266,1,267
43414613,1026,714,6,720
10300251,3431,2412,47,2459
86990653,999,691,26,717
43417830,792,714,11,725
32900048,3291,2368,0,2368
32850075,3540,2317,21,2338
43412532,1288,873,12,885
43416187,564,429,5,434
76210477,1525,803,6,809
86990136,350,236,7,243
86990440,705,374,14,388
43414871,1758,1295,0,1295
33040099,708,528,6,534
98380053,1192,1088,1,1089
33090184,1136,773,16,789
43581483,1116,930,16,946
76500244,2235,1218,53,1271
10850633,132,85,1,86
54540569,933,865,19,884
76101319,724,522,0,522
11811035,375,243,7,250
11560531,328,223,4,227
33260149,2179,1634,5,1639
43583294,1377,1080,28,1108
76310377,482,277,7,284
10250356,2526,1661,34,1695
11771647,725,536,10,546
76530045,2558,1598,20,1618
86741613,554,274,7,281
32952966,1185,1239,7,1246
32860627,1305,1049,28,1077
76290914,299,80,0,80
65440010,1610,1182,10,1192
22400424,61,37,0,37
54910256,915,699,2,701
43691250,833,525,14,539
43775387,327,276,6,282
43414815,348,220,2,222
32980068,3407,2141,9,2150
54760091,1070,814,9,823
43692857,799,614,11,625
10330096,174,133,0,133
86991979,2055,1323,28,1351
11640394,370,247,1,248
11610098,583,379,0,379
43950124,2137,1453,12,1465
97890036,1055,711,10,721
76220119,1204,562,9,571
86992633,1030,516,7,523
76230031,884,477,3,480
43371200,1299,1046,6,1052
11570059,352,125,0,125
54280065,1238,879,13,892
32840524,2101,1807,5,1812
76300624,423,264,0,264
76150133,801,477,7,484
86550329,182,102,6,108
10850116,600,392,3,395
32952775,220,326,2,328
97141811,3424,2493,16,2509
43991130,883,667,20,687
43371660,2243,1418,16,1434
76380431,961,582,3,585
10910911,432,287,2,289
76140334,658,376,2,378
97091422,2546,1825,6,1831
32950076,2691,1805,5,1810
11640024,568,382,5,387
11790110,1092,659,10,669
32940424,2248,1714,6,1720
10820887,784,563,2,565
44060060,578,446,3,449
54620074,1269,688,12,700
10591286,812,693,9,702
43584071,1659,1405,19,1424
21870558,391,315,6,321
43773655,153,100,1,101
43502048,322,203,0,203
11810124,412,205,3,208
43582192,216,140,1,141
54870194,1093,969,14,983
22420527,948,588,20,608
32862012,2294,1638,22,1660
43622018,302,203,1,204
33270139,1438,610,6,616
43771215,1129,803,6,809
10920080,662,383,5,388
33100052,602,470,2,472
11801236,193,148,1,149
54890051,612,452,1,453
11070065,316,198,4,202
11450023,64,43,0,43
76500020,529,313,1,314
76510290,714,431,14,445
97540263,624,461,6,467
43771080,488,411,0,411
10820461,133,78,1,79
43413982,2511,1754,28,1782
76370340,343,199,2,201
65500040,168,114,0,114
86662356,500,336,5,341
11630438,335,194,2,196
54540794,671,603,0,603
10250491,3048,2190,11,2201
97092096,1300,927,6,933
10940217,409,229,3,232
86990563,1179,683,8,691
11580634,577,402,0,402
76480083,558,298,5,303
86700146,3002,1735,7,1742
21910036,1112,847,10,857
54510016,1385,1002,7,1009
43910029,176,242,2,244
11560294,1191,555,9,564
11800167,570,378,7,385
97090241,2267,1882,10,1892
32940110,4295,2855,30,2885
11090023,352,193,3,196
10251357,2101,1433,19,1452
32952371,1502,1079,15,1094
86553568,614,402,10,412
76290093,907,380,7,387
22600291,2826,2147,11,2158
86550802,1971,1251,32,1283
43621354,916,660,0,660
10300048,1876,1469,28,1497
76390139,1069,685,1,686
43502475,498,384,3,387
43582899,794,610,13,623
10870095,740,493,12,505
86553849,250,189,36,225
86740724,741,455,8,463
11070537,490,318,12,330
11590736,467,273,2,275
43417593,1665,1412,36,1448
33270038,1480,967,10,977
10820775,225,181,5,186
76300657,208,123,2,125
76250279,921,483,12,495
76351192,375,306,3,309
87010040,885,536,17,553
54790522,635,533,9,542
32840715,3186,2264,54,2318
76170618,760,605,12,617
76320277,877,478,3,481
10850824,587,381,6,387
32952999,550,628,0,628
11830508,448,337,2,339
32890518,2622,2441,0,2441
97091961,2214,1528,26,1554
43400180,1494,1254,2,1256
10350076,173,190,5,195
76320086,1637,958,15,973
22630036,133,72,0,72
54890040,357,148,2,150
11790277,765,499,4,503
43419236,291,249,5,254
43584521,310,248,10,258
43371637,2858,2038,0,2038
21870569,392,311,10,321
10100080,1731,1288,21,1309
86820161,138,67,2,69
32860267,4033,2689,13,2702
43581652,539,351,10,361
43992625,552,412,0,412
10840452,684,491,8,499
76220311,1064,587,6,593
32930287,2651,1926,23,1949
33060798,4127,2901,22,2923
97142249,790,671,10,681
43370928,4600,3167,65,3232
43692745,975,780,18,798
43416592,652,550,3,553
10430086,766,637,13,650
43370018,2128,1457,21,1478
11790299,612,348,3,351
54620434,1002,570,3,573
11560069,693,455,3,458
11630450,337,178,3,181
54120080,845,666,6,672
32940491,1679,1310,21,1331
76490354,427,320,6,326
97220088,1705,1374,3,1377
43410811,285,167,3,170
76170708,331,293,3,296
11580724,439,340,0,340
11761084,293,193,3,196
86900250,1106,602,8,610
43991433,805,447,5,452
11071303,403,297,2,299
76380307,573,343,5,348
43581630,452,300,2,302
43418763,452,381,11,392
11750015,505,326,1,327
76220074,1312,621,2,623
54220014,1512,927,9,936
76290598,1259,412,6,418
11790615,622,440,8,448
76140761,1142,731,8,739
43690833,1867,1408,25,1433
43580763,1064,966,17,983
22820330,2279,1761,35,1796
11771243,439,265,5,270
43504051,492,332,10,342
43950832,2265,1791,12,1803
76221109,440,372,4,376
33260273,570,466,6,472
10590128,2099,1391,46,1437
54680272,1726,1434,11,1445
54880689,261,268,6,274
32890888,1284,1177,25,1202
11560036,1420,950,11,961
87020074,4769,2398,6,2404
54250028,1186,982,7,989
97130156,1523,1029,8,1037
10590757,4295,3574,43,3617
76050020,1491,702,12,714
76380554,1368,1003,8,1011
22650476,731,579,9,588
76321481,444,417,6,423
97200435,2072,1450,7,1457
11080280,508,341,8,349
11760724,1028,649,5,654
43581955,1245,927,15,942
76130412,745,459,2,461
11071077,523,406,3,409
76180046,300,164,0,164
43992412,927,689,2,691
43692576,613,425,6,431
43412925,426,239,2,241
54830101,578,586,4,590
43583902,1020,765,13,778
76360901,227,210,1,211
11400062,73,52,1,53
76210130,792,482,2,484
54620030,1247,708,4,712
11200048,1078,618,7,625
54890297,631,420,4,424
32840670,2502,1784,20,1804
22700089,1014,692,15,707
54880106,1401,938,11,949
43580235,1268,954,16,970
11751274,429,194,12,206
11611022,326,182,1,183
43417537,382,255,1,256
10240063,1137,869,5,874
86820723,1455,1008,5,1013
32980091,4371,3519,11,3530
54890882,889,707,6,713
76190250,780,478,4,482
11780489,310,157,6,163
22490119,1075,835,12,847
32850503,3333,1910,24,1934
86743200,633,408,8,416
22390040,738,627,12,639
10830068,323,185,3,188
76190351,493,245,5,250
86550699,271,187,4,191
11600581,724,434,4,438
33010748,3902,3384,32,3416
32950021,2691,1544,1,1545
11781266,169,132,0,132
86990844,411,253,5,258
65090055,768,502,1,503
43410956,736,527,52,579
86920083,1291,1006,31,1037
43504354,249,215,1,216
86663289,403,357,7,364
97090870,2173,1562,7,1569
10250941,3492,2606,42,2648
97120290,2081,1220,11,1231
43951282,982,964,13,977
43992681,1516,1254,17,1271
43584059,620,458,17,475
43622502,1100,1274,17,1291
97141057,2401,1786,12,1798
97120234,1594,1003,17,1020
43583384,612,428,6,434
54590272,1345,948,4,952
86590086,1151,854,19,873
11010047,1935,1305,33,1338
86553388,426,305,3,308
76250336,1406,903,0,903
43582653,966,746,21,767
22810058,132,67,0,67
54900132,335,187,1,188
97960012,3476,2243,17,2260
10250222,3595,2969,1,2970
98330014,440,257,5,262
33030234,2060,1674,20,1694
54910144,880,606,10,616
10790625,142,113,0,113
11631349,761,413,9,422
76230211,238,138,1,139
97140517,2566,1827,12,1839
33110233,1270,749,1,750
32951370,1521,1035,11,1046
54790308,1792,1192,10,1202
33060406,2191,1649,9,1658
11070829,356,211,1,212
76210174,1173,550,7,557
43692903,211,154,1,155
86992969,245,261,27,288
11630933,251,166,3,169
11690041,518,340,3,343
11801180,404,279,2,281
43413881,774,564,12,576
76320851,940,514,5,519
11800123,496,293,10,303
97270106,960,488,7,495
10580048,1327,930,8,938
22260068,775,705,14,719
43580145,507,396,2,398
43411867,656,444,3,447
11631136,221,135,5,140
54150038,408,340,3,343
97530206,1401,916,16,932
54820054,175,112,11,123
76160909,463,386,27,413
86991924,254,125,1,126
65590027,1366,941,16,957
22210276,134,351,4,355
54270031,3010,1660,40,1700
22590176,1471,1116,12,1128
97090959,2304,1725,24,1749
76330458,103,105,0,105
11801214,230,173,1,174
76140503,1215,795,2,797
43772047,675,482,5,487
21870200,1314,932,26,958
22720159,997,531,0,531
65190045,366,290,8,298
43990207,226,145,4,149
86551779,376,204,13,217
97220101,612,449,3,452
43416389,421,294,4,298
86554288,346,283,0,283
10920282,365,222,2,224
97100681,3054,2266,23,2289
43410046,1092,810,11,821
22200028,1904,914,18,932
43419247,308,305,3,308
43380165,2616,2128,61,2189
86661085,1676,1051,13,1064
65440470,1630,1291,4,1295
97840132,166,118,1,119
43414725,133,108,1,109
11771300,404,250,1,251
86790099,514,498,25,523
86992453,181,116,0,116
43417852,268,219,2,221
11110048,37,33,0,33
10300082,2495,1551,33,1584
86990631,1073,716,4,720
32890215,1664,1229,9,1238
32862045,2065,1554,22,1576
11110037,52,38,0,38
43620656,412,240,3,243
97110132,2088,1169,11,1180
86742232,322,289,7,296
86743064,370,271,4,275
43520015,1908,1318,15,1333
76270350,641,418,6,424
32950559,2917,1429,19,1448
43400786,885,811,1,812
10251076,3534,2530,9,2539
10920439,177,140,1,141
86662952,424,304,1,305
86850063,1907,1330,2,1332
11750059,617,318,3,321
76400108,1177,562,6,568
97092018,3298,2142,24,2166
32950324,3275,2652,16,2668
32910421,826,603,9,612
43582495,455,267,7,274
86790011,2079,1359,37,1396
32890709,3690,2633,32,2665
65680083,136,122,1,123
32910061,3105,2319,11,2330
32870572,2223,1554,29,1583
43501553,608,376,6,382
22020264,973,826,14,840
32952629,484,651,1,652
76540136,172,146,3,149
97141068,2713,1894,13,1907
32960370,2749,1868,23,1891
86600011,1124,650,17,667
22490041,1239,686,5,691
11390644,1310,819,15,834
22150022,1536,1157,5,1162
43625112,506,427,4,431
86551207,1323,815,19,834
43581876,705,476,7,483
43692644,255,262,10,272
43690866,713,463,5,468
43503713,789,616,5,621
11771850,938,582,7,589
76320299,1088,544,9,553
76250055,981,580,12,592
98310078,355,292,7,299
76230053,1009,540,0,540
33110132,811,681,3,684
43500675,454,282,3,285
98430251,1028,537,17,554
22430281,250,224,3,227
32953125,594,1238,5,1243
11570026,290,148,2,150
32952359,438,726,3,729
86550138,591,222,2,224
10840362,495,350,9,359
11611112,165,124,2,126
43581944,735,472,9,481
98410079,1193,844,9,853
76251146,192,128,0,128
54410060,117,73,0,73
11770387,964,547,11,558
43583339,1413,1074,8,1082
43416750,329,265,1,266
10820045,642,499,10,509
11760050,427,222,1,223
43621590,1495,999,15,1014
43413623,785,421,8,429
76350124,1185,656,15,671
11760746,76,51,0,51
22820026,1248,653,12,665
86840039,1972,1203,10,1213
97520261,1854,1051,8,1059
76280227,863,472,7,479
97120357,4295,3048,53,3101
11790187,1246,801,9,810
43994650,435,385,4,389
86661861,432,271,5,276
11831206,201,157,1,158
10250514,1741,1474,9,1483
98280197,964,768,13,781
11640619,351,248,2,250
11460091,285,165,3,168
11560508,518,446,3,449
11620729,534,275,1,276
11590297,548,331,4,335
10570014,2459,1903,15,1918
54620243,1338,647,11,658
43640074,1198,1061,17,1078
54330173,175,109,0,109
86552703,264,160,3,163
11811260,254,214,3,217
10300330,2178,1463,16,1479
86550644,1077,562,3,565
43582574,471,364,17,381
32890787,1241,1411,12,1423
11601065,564,403,0,403
97800183,1398,1389,16,1405
97180016,541,452,1,453
43412802,1184,950,13,963
22421720,197,166,6,172
86741275,1152,845,25,870
10250840,2390,1760,37,1797
22230032,508,443,2,445
43770247,177,193,7,200
11750824,541,311,10,321
11080550,511,305,6,311
11750127,421,226,1,227
76520011,751,427,11,438
21870110,2014,1520,21,1541
11772064,246,170,14,184
97530295,264,402,3,405
21860153,3021,2079,10,2089
76140187,922,510,3,513
10810404,366,209,1,210
86553850,538,549,14,563
22420718,474,285,1,286
32870268,3826,3158,9,3167
54620759,370,256,5,261
97142654,1663,1346,10,1356
43774319,462,373,10,383
32951842,3907,3061,8,3069
11811024,471,346,5,351
76260517,448,298,3,301
43380244,3218,2202,29,2231
11810270,690,425,8,433
54790296,1647,1335,9,1344
43371705,2472,1655,37,1692
43502420,763,504,3,507
32952641,653,899,0,899
43740299,399,396,2,398
32951897,2149,1599,10,1609
10810785,391,165,10,175
22510022,1687,1080,20,1100
86743367,688,437,11,448
76210310,1097,613,10,623
54860205,158,118,2,120
11770512,944,533,7,540
11810258,573,288,5,293
97800206,1313,1151,11,1162
76360710,482,304,6,310
54330050,1186,600,1,601
32860010,4539,3208,29,3237
87020333,2197,1800,20,1820
43772272,900,708,10,718
32951325,2383,1444,0,1444
76200072,709,365,1,366
43502622,389,289,3,292
22750028,2477,1801,3,1804
32952270,1402,1404,10,1414
43502778,840,599,2,601
11810416,1004,611,17,628
32862146,1479,1239,0,1239
11591254,326,220,4,224
11650845,320,251,4,255
76110072,3460,2038,15,2053
97960113,1028,922,1,923
43621781,2177,1487,20,1507
54610354,622,487,5,492
97550130,653,456,2,458
10670194,2125,1204,16,1220
86960054,562,352,3,355
11020105,290,199,4,203
76260584,172,159,4,163
32860953,3024,2038,30,2068
76490040,210,125,1,126
76480555,710,427,4,431
10870466,960,646,2,648
76460092,367,276,2,278
43692554,274,209,5,214
43414196,374,266,6,272
43692295,571,360,8,368
10310049,204,156,1,157
43410181,2541,1624,51,1675
86550554,700,387,11,398
11420064,26,27,0,27
54440085,1524,1117,26,1143
54430028,880,433,13,446
10650024,1036,623,8,631
43501744,2125,1321,16,1337
54680159,1005,532,18,550
10350065,130,83,3,86
43504646,340,340,1,341
43690181,481,356,6,362
43580897,613,333,5,338
32951516,2749,1896,19,1915
86741523,352,189,4,193
10591219,1420,981,0,981
54240038,1165,1053,7,1060
86590109,2442,1471,10,1481
76200634,109,69,0,69
22421629,487,412,9,421
97090162,2944,2205,15,2220
22080080,366,235,4,239
10591174,540,480,9,489
54670068,820,451,14,465
32910139,4695,3112,50,3162
86620091,167,380,4,384
11200183,673,529,1,530
10550012,2339,1565,28,1593
76120286,281,185,2,187
76150043,1061,705,9,714
54410251,146,120,2,122
76380666,239,189,2,191
32950829,2502,1903,0,1903
43771204,967,753,11,764
43371749,1743,1279,18,1297
54410419,209,203,0,203
43500125,873,590,5,595
32960167,2396,706,4,710
86663357,302,284,2,286
86690032,2845,2103,29,2132
76500143,1542,624,8,632
43771349,1305,1004,17,1021
54610264,1623,1119,25,1144
43419191,337,307,3,310
97710127,2988,1866,18,1884
43415838,549,397,3,400
11570363,656,350,8,358
32851313,1298,1411,4,1415
86743750,198,178,3,181
97540072,969,539,11,550
22030030,47,31,2,33
43414253,1947,1295,25,1320
43582866,732,520,14,534
10590229,2964,2273,18,2291
43360602,2648,1854,18,1872
32863192,726,622,3,625
11760937,422,263,2,265
43950337,1542,1692,10,1702
86990721,139,65,2,67
43772373,1326,965,10,975
87020603,1276,1417,25,1442
43416851,233,184,0,184
97510024,2093,1475,17,1492
76400210,1015,531,7,538
43622579,1229,515,10,525
43770304,564,400,0,400
32930197,3630,2460,26,2486
43770663,660,419,8,427
97890025,1179,964,7,971
98420014,931,598,0,598
22380083,605,627,9,636
86660286,1853,1190,18,1208
43590023,1718,970,21,991
43390302,2688,2152,40,2192
76330201,1154,773,0,773
43990498,1678,1223,32,1255
76300219,3265,1622,20,1642
76180192,259,125,1,126
43670077,2988,2039,13,2052
76100891,928,483,4,487
43360118,1539,1221,13,1234
33240349,885,540,3,543
76360226,1121,769,14,783
76211535,344,373,4,377
11590792,354,251,4,255
33010096,2652,2028,10,2038
54790072,1915,1404,7,1411
43417065,658,807,5,812
86553995,554,421,6,427
76370069,350,155,2,157
11760926,321,187,4,191
98320035,586,320,4,324
43580718,654,480,7,487
43550063,661,609,7,616
32940097,2080,1437,14,1451
43500462,583,374,3,377
65600029,1898,1158,17,1175
86741499,250,92,1,93
43691294,424,248,3,251
21870693,558,474,5,479
33020424,2788,1990,11,2001
11070694,373,231,11,242
76100880,319,237,0,237
76220838,778,487,6,493
11780861,87,50,1,51
11820721,284,201,6,207
11080864,179,120,4,124
65020070,1129,932,6,938
21870053,1365,1025,8,1033
43361513,1768,1098,27,1125
11560452,1783,1088,37,1125
43580156,503,394,2,396
32860391,2885,2208,1,2209
32960022,2516,1620,10,1630
10430132,1489,1083,16,1099
11750183,744,466,3,469
76180226,241,153,8,161
32952753,1405,1240,13,1253
10250558,3050,2139,17,2156
54330128,1422,993,23,1016
21860793,2120,1667,24,1691
54340084,1819,1543,24,1567
76380767,340,319,6,325
76080337,580,501,4,505
22590187,1374,977,11,988
76340550,808,649,5,654
54540143,1813,1278,12,1290
33310190,427,348,6,354
54790454,1145,936,7,943
22150044,1689,1252,5,1257
86991654,1558,1033,15,1048
11600750,595,329,9,338
86820992,2391,1111,24,1135
43690215,1419,1051,23,1074
86661186,1376,1047,13,1060
87020209,1519,981,9,990
76370081,1330,731,4,735
65350098,81,52,0,52
76400502,361,299,0,299
86741286,1060,699,21,720
32950605,3332,2183,6,2189
76500323,1344,877,11,888
86662817,988,600,6,606
43415625,1087,885,10,895
11780186,595,388,9,397
11790491,339,217,3,220
97100210,1846,1515,7,1522
43503342,962,701,14,715
86990035,448,267,2,269
11390598,749,450,6,456
86830072,1313,120,1,121
86662479,1269,852,32,884
11070920,246,164,4,168
76140783,705,397,15,412
54610512,632,447,13,460
54310014,2141,1508,15,1523
10810516,152,100,1,101
22690054,1721,1149,18,1167
11591018,265,201,3,204
32980305,856,997,15,1012
76510571,156,211,3,214
76260067,990,608,7,615
76260168,1343,686,2,688
97142115,1071,807,12,819
11070357,573,312,11,323
11590545,595,346,4,350
11631776,1776,1293,48,1341
43775264,67,62,0,62
86554211,213,193,5,198
44080017,1843,1282,14,1296
86992712,406,306,5,311
11760364,799,424,9,433
76300321,2453,1372,22,1394
98140024,215,184,1,185
86820666,80,20,0,20
86580254,874,607,11,618
32950739,2390,1739,19,1758
11650711,378,282,1,283
43504400,381,292,3,295
11200206,871,863,21,884
76300028,1282,808,12,820
32860357,2157,1899,6,1905
86740117,488,277,5,282
86930185,542,476,24,500
43503432,517,405,2,407
76101432,316,274,3,277
32862348,1010,762,12,774
76140244,663,408,6,414
76160325,589,380,7,387
76240100,1136,642,24,666
97090634,2299,1728,0,1728
32850110,4509,3152,17,3169
76210107,1366,681,9,690
86600033,2386,1535,45,1580
21860692,1167,799,15,814
10850071,588,366,5,371
33200200,1213,1057,1,1058
76260663,268,92,1,93
43770427,499,338,0,338
66000080,28,27,1,28
76490398,619,436,14,450
43625336,132,107,2,109
11820923,323,240,8,248
32910184,4941,2911,42,2953
54610332,681,536,7,543
32870099,4282,3089,3,3092
43412600,722,540,3,543
86990181,1718,1023,19,1042
11750408,472,301,4,305
33010164,2677,1625,71,1696
22150369,437,418,9,427
76140671,466,300,2,302
76250662,245,153,1,154
76320402,774,482,5,487
86662187,1537,978,10,988
76211197,573,305,0,305
43670291,2588,1818,33,1851
97100849,3233,1827,12,1839
43417302,417,338,3,341
54880555,476,387,4,391
11621001,303,198,0,198
76360642,748,479,4,483
87020490,2774,1310,24,1334
76340606,1301,778,10,788
32940468,1366,1050,16,1066
97100636,2262,2076,1,2077
54610488,625,539,7,546
43740266,2215,1910,26,1936
97200053,3239,2148,76,2224
11130028,249,109,3,112
43371840,1224,1057,61,1118
33061058,6052,3726,42,3768
43380356,959,1519,19,1538
11070683,357,212,4,216
76490129,1315,864,17,881
33250193,1999,1519,14,1533
43772452,2094,1684,29,1713
43691429,594,393,1,394
11811158,274,193,6,199
76230109,562,304,7,311
54680340,234,190,0,190
10350054,96,53,1,54
76291083,295,165,1,166
76200825,250,209,10,219
32930300,3063,2012,11,2023
86700292,824,974,9,983
32961090,514,552,8,560
43503364,1259,762,9,771
87030031,991,772,13,785
43412060,1202,761,0,761
32952405,2423,2021,18,2039
54280010,1835,1360,22,1382
22320133,852,595,8,603
54610208,1086,759,3,762
76540013,291,154,1,155
10680027,1839,1312,16,1328
11620314,335,210,0,210
76320042,346,147,1,148
54670136,1166,303,7,310
43410866,639,390,9,399
86870166,1614,1183,20,1203
10920327,369,203,12,215
43691249,600,368,3,371
54650493,490,428,6,434
11800460,451,293,7,300
43582721,583,344,14,358
10860173,455,310,11,321
76480364,462,250,4,254
86662985,560,364,12,376
10590184,1716,1222,17,1239
10840238,257,145,2,147
32890125,2958,1847,13,1860
86660635,893,557,4,561
76320828,700,441,6,447
22540014,1541,1050,0,1050
86742760,323,219,8,227
11600840,233,142,0,142
86910295,2120,1716,8,1724
54490080,457,475,4,479
76380251,917,543,7,550
76350528,1344,669,9,678
86663470,523,537,11,548
10980019,1761,1175,16,1191
11752231,146,102,2,104
86730093,1207,933,10,943
43413937,831,572,11,583
11751533,298,141,6,147
22750208,1427,719,12,731
76120141,308,177,2,179
43410518,452,301,7,308
11751656,462,285,4,289
43580189,2644,1959,9,1968
76100857,1026,530,4,534
11630483,269,128,0,128
43991624,1500,1099,7,1106
43775231,547,460,11,471
10790265,303,198,5,203
65340064,78,52,1,53
76060256,107,38,0,38
22420897,924,579,17,596
86910611,554,542,3,545
11760858,333,196,7,203
76220254,1499,911,0,911
22330044,1726,1318,10,1328
11601043,398,297,4,301
10770061,473,380,2,382
11720023,1818,1017,8,1025
11630449,475,248,5,253
43371996,2310,1899,27,1926
11710033,993,777,18,795
86580063,1557,1033,21,1054
86910600,192,189,3,192
43360163,1973,1701,15,1716
76450305,685,550,73,623
43625066,745,504,9,513
86730161,1576,1186,19,1205
43771686,518,408,5,413
43583159,278,206,2,208
11071202,251,169,2,171
76260450,625,435,3,438
97093479,574,616,5,621
43503241,302,197,2,199
76210567,695,359,3,362
33120043,73,53,1,54
10890569,135,89,0,89
97140652,2228,1727,7,1734
33200019,450,331,5,336
43773194,4,40,0,40
76060111,1646,1001,26,1027
76230345,881,485,4,489
54440142,2104,1616,22,1638
11080066,1247,835,13,848
54880195,1738,1141,14,1155
54210215,139,90,1,91
54890310,1426,1054,7,1061
32862595,2248,1477,35,1512
10251032,1838,1537,19,1556
43990117,300,172,4,176
86662345,236,152,3,155
22410481,1118,858,13,871
86920016,2176,1274,14,1288
43770865,951,757,6,763
43960125,615,546,5,551
32952810,2092,1787,186,1973
86551005,1003,685,15,700
76370205,1256,662,6,668
97130538,2406,1936,4,1940
86661388,864,531,53,584
76210703,919,483,3,486
43773891,153,105,0,105
86740960,1133,712,6,718
43770214,251,156,3,159
11631877,599,406,5,411
76360877,146,133,3,136
54890039,89,74,2,76
11630247,1775,799,15,814
76380509,345,239,1,240
33050067,495,178,1,179
11751229,210,121,2,123
43361344,1657,1346,16,1362
43950449,1593,1361,8,1369
11590860,504,261,11,272
22630081,100,32,1,33
86660433,1907,1122,21,1143
11630821,481,259,0,259
22720216,1753,999,8,1007
22540104,1642,1145,10,1155
97141923,2066,2297,4,2301
43670673,863,988,3,991
43690608,758,523,10,533
10880085,135,120,0,120
97140113,3156,2652,8,2660
11830317,355,196,1,197
33061092,1303,1102,7,1109
65440582,1985,1213,45,1258
76170539,951,733,6,739
86553748,360,288,2,290
76400209,431,278,5,283
11580061,632,472,11,483
97550017,632,320,6,326
76480218,419,245,3,248
11790064,1292,769,24,793
10250435,2728,2044,9,2053
43584497,485,436,4,440
11640596,349,291,7,298
76280418,455,191,8,199
43417740,730,534,11,545
32851043,3265,2642,31,2673
33250081,2527,1815,16,1831
10251469,2188,1349,26,1375
86930017,3251,2057,11,2068
10670071,1021,667,8,675
21860748,968,531,6,537
22120322,97,92,3,95
32850637,5119,4050,15,4065
22560072,1410,786,14,800
22600033,2135,1493,0,1493
54650448,3097,2461,62,2523
43625224,676,511,17,528
10820427,149,93,0,93
33090049,1047,1536,17,1553
43584543,548,508,8,516
33030571,1203,1131,25,1156
64980018,566,440,5,445
54410093,2224,1592,48,1640
21860726,1510,1028,17,1045
11071066,180,132,0,132
22230043,889,842,19,861
32871281,2274,1703,14,1717
32951910,1848,2193,16,2209
32862876,2693,1966,30,1996
32841503,3297,2113,35,2148
11580229,876,546,15,561
86740836,567,390,4,394
10650114,473,365,5,370
43622805,1428,962,12,974
33010265,2484,1862,18,1880
11100137,437,237,6,243
86930084,2799,3758,30,3788
10250671,2475,1429,15,1444
43540028,2663,1989,17,2006
11100148,500,424,2,426
97830096,364,223,2,225
11600604,596,336,9,345
54120192,1196,960,7,967
11831149,164,113,0,113
76251056,431,350,17,367
54650280,1493,985,32,1017
11560104,995,661,3,664
76321380,392,364,3,367
76400489,270,233,5,238
43580426,320,270,1,271
22120197,251,198,8,206
11831509,92,70,4,74
10890446,42,31,0,31
22020084,788,628,2,630
86743491,324,245,19,264
32960796,4210,2962,27,2989
97470029,1212,687,2,689
11780535,31,17,1,18
43670213,1838,1217,14,1231
97310022,2907,1830,17,1847
65520176,29,36,2,38
86992903,411,371,27,398
86550172,497,306,6,312
76200050,467,339,12,351
10850701,209,165,2,167
43992591,1132,786,12,798
32950986,1834,1652,1,1653
10251223,3046,2201,11,2212
43690349,1212,1024,29,1053
86662435,557,408,0,408
76351103,323,215,0,215
43416637,416,318,3,321
43412273,183,147,2,149
97140641,3106,2466,9,2475
32952764,531,635,0,635
11610964,408,262,5,267
22120018,173,129,1,130
76280801,156,135,0,135
97141484,2103,1447,12,1459
10850420,663,447,7,454
86991878,704,442,12,454
43371356,2667,2019,19,2038
11601010,409,296,2,298
43361489,2510,2041,17,2058
43502521,267,233,3,236
98380222,1144,874,8,882
32930928,987,782,4,786
86992172,238,141,12,153
86660837,1870,1281,4,1285
86991441,1101,700,10,710
43503498,1236,802,3,805
10910371,503,273,5,278
76340774,379,225,0,225
43390717,2737,2309,50,2359
43770180,541,403,2,405
97092434,861,897,9,906
43774218,412,317,1,318
32910072,2909,1243,4,1247
86660107,324,211,0,211
97110255,2831,2263,5,2268
11640091,566,416,2,418
22100038,93,39,0,39
43691597,472,300,1,301
43411935,1717,1270,0,1270
76100936,1610,968,5,973
11160098,789,539,7,546
54620041,1112,605,10,615
22421203,674,414,12,426
43991321,275,197,3,200
86552769,169,113,5,118
43501193,1180,847,10,857
86550925,589,291,7,298
10460012,1293,1388,12,1400
65990076,50,33,1,34
10250334,2903,2199,17,2216
11570925,291,193,4,197
11070414,489,306,6,312
11350022,134,100,1,101
43625088,851,626,5,631
22750039,829,437,3,440
76290150,854,455,9,464
10050028,1243,1045,15,1060
43774746,507,443,8,451
33010816,2062,1383,13,1396
33180027,1999,1217,13,1230
43993929,83,31,1,32
11750543,627,416,8,424
86820857,920,600,13,613
32840928,1095,630,5,635
43480166,2040,1422,19,1441
86991823,1322,862,17,879
86661557,485,289,5,294
11071369,170,122,1,123
10840081,504,326,8,334
11751858,311,208,4,212
33020277,2250,1798,12,1810
22590019,1648,1280,11,1291
11801034,89,61,1,62
43411003,752,400,9,409
11390060,257,134,7,141
76440124,511,509,1,510
11811114,262,144,0,144
97140236,2453,1714,12,1726
10940262,786,525,7,532
98190018,1026,864,15,879
11611145,140,93,21,114
76250022,722,395,0,395
76160066,1200,658,14,672
98380143,2036,1454,19,1473
11830902,463,341,3,344
33150091,813,526,1,527
76250246,701,435,11,446
10930261,89,54,0,54
76190553,638,454,7,461
97141989,1515,1167,11,1178
43584026,582,370,9,379
76330188,1270,579,9,588
98100110,862,541,24,565
86660028,1613,880,28,908
32850424,3344,1858,25,1883
97142564,1048,890,4,894
43500484,1058,764,7,771
43774803,507,427,11,438
32952427,1478,1394,22,1416
32951055,2246,1688,2,1690
76340617,342,257,5,262
86670030,3097,1575,29,1604
11770095,1401,887,9,896
43414310,786,526,10,536
43360691,4577,3066,51,3117
43621387,1171,709,10,719
86820903,173,86,4,90
11080189,690,451,7,458
22200073,1737,1105,11,1116
97091590,3226,1962,18,1980
76500312,144,101,0,101
76510289,1269,758,31,789
22590244,677,595,20,615
21861660,634,898,6,904
43502161,1000,697,7,704
11581129,82,87,1,88
11340021,386,277,3,280
11760308,413,175,3,178
97590011,1759,944,10,954
43950663,2297,1624,32,1656
43502824,814,596,4,600
65060041,769,517,9,526
98160026,1257,1044,12,1056
11390374,713,376,13,389
76260214,1252,723,8,731
32950043,2994,2485,0,2485
33260284,1784,1373,10,1383
43772182,905,660,16,676
86580018,1832,1432,14,1446
97091231,3942,3061,11,3072
32980103,3878,3040,9,3049
32952898,455,731,1,732
11810102,406,209,0,209
54260311,630,566,5,571
11801146,330,246,1,247
11360023,505,364,6,370
11120016,625,457,15,472
86553265,400,355,9,364
22540047,896,627,7,634
43625189,826,650,14,664
86720092,2508,1530,13,1543
11790569,385,277,3,280
43991309,2029,1543,26,1569
10920541,160,124,3,127
43625426,576,398,14,412
54790285,2368,1523,16,1539
86821083,65,41,0,41
54360097,1542,1122,29,1151
11570790,795,568,3,571
10920204,410,269,5,274
76370025,1400,706,4,710
43584015,415,341,2,343
54270064,339,315,1,316
32870279,1940,1710,3,1713
76340718,938,533,3,536
76300826,235,226,5,231
54890130,780,565,9,574
86743244,306,199,5,204
43992513,910,683,15,698
97340025,1622,1201,21,1222
54230105,1906,1309,9,1318
86550565,722,454,5,459
22740140,1753,1268,12,1280
21860580,1968,1403,24,1427
54120260,318,308,1,309
43680012,1934,1219,20,1239
33060372,2340,1687,12,1699
11390554,355,209,0,209
98430138,618,507,7,514
43390245,3174,1978,64,2042
76130445,484,223,4,227
76360585,402,251,2,253
76450383,390,536,10,546
22760018,1890,1283,13,1296
54650561,936,920,20,940
43418055,120,135,5,140
43950731,1300,1128,23,1151
33010074,1953,1534,44,1578
43360411,4388,3598,13,3611
32930636,2050,1400,8,1408
10670026,2394,1376,17,1393
86990248,811,533,3,536
11610818,222,142,0,142
11790019,956,552,10,562
33070137,2182,1653,25,1678
43418235,115,103,2,105
43419269,574,654,13,667
54790814,112,103,2,105
22421348,458,345,5,350
76360271,720,483,2,485
43380042,2188,1472,2,1474
43620599,716,529,6,535
76211265,942,502,3,505
86820598,209,78,7,85
76100879,624,427,1,428
76330212,880,456,1,457
11570600,573,306,9,315
11752118,278,198,4,202
76370980,540,393,10,403
32890260,3613,2226,69,2295
43580684,1791,1430,30,1460
11830474,1305,844,20,864
97530149,377,261,6,267
11780197,671,451,13,464
86720104,2029,1287,19,1306
43415029,760,520,5,525
76351327,304,241,6,247
11600255,868,516,19,535
43416974,283,204,4,208
22410290,263,180,5,185
43370951,3320,2477,56,2533
43416806,423,331,8,339
65520154,77,114,5,119
10870141,971,632,9,641
76090046,3476,2143,29,2172
43994504,895,845,19,864
43400674,725,545,7,552
76180114,1467,921,14,935
76130377,298,174,2,176
76100273,2027,929,14,943
11650148,687,440,3,443
33080127,1774,1386,5,1391
43411159,1178,830,10,840
32960325,3352,2199,34,2233
21870479,1075,910,9,919
11620640,329,204,0,204
87000061,1098,900,28,928
43371064,1814,1516,13,1529
43350353,3874,2796,207,3003
11790659,232,164,0,164
86950053,1949,1451,13,1464
43690912,1409,1038,18,1056
32952720,1235,1106,13,1119
76530146,304,179,8,187
43360523,1995,1391,11,1402
22400480,385,272,6,278
32862281,3700,2378,31,2409
43361355,1433,1164,12,1176
32890563,2732,2189,6,2195
76450035,1272,584,5,589
76251157,362,274,5,279
32940389,3332,2405,13,2418
54790498,1736,1449,4,1453
76130489,579,287,7,294
76250640,321,180,4,184
43771361,407,299,11,310
97091792,3123,2589,14,2603
11071662,253,152,8,160
76240504,520,452,3,455
43850011,2781,2146,8,2154
97220055,2932,1777,29,1806
21861457,380,381,8,389
54840146,1865,1480,9,1489
54790678,444,449,9,458
86552219,230,105,2,107
11831284,1283,1067,14,1081
76210354,355,230,1,231
43410091,1012,713,11,724
43620645,679,498,5,503
22750084,2076,1534,6,1540
86662480,770,369,7,376
54620399,580,326,5,331
97100850,3181,1729,9,1738
32910320,3441,2811,18,2829
43772014,331,220,3,223
32960965,385,317,2,319
76170146,1030,478,5,483
54210103,1913,1169,9,1178
32861257,3202,2338,14,2352
76350494,1194,440,5,445
43773105,426,281,3,284
43622748,656,442,0,442
76300444,1182,535,15,550
32862393,1898,1486,10,1496
54220205,531,402,7,409
43411272,557,405,8,413
97092074,2555,1937,5,1942
10810527,553,360,5,365
65220049,1125,951,9,960
43991949,1189,905,10,915
54870273,555,568,8,576
86740487,1305,783,21,804
32861268,1366,1063,16,1079
32850097,3726,2728,12,2740
43370096,1563,1172,13,1185
43621208,939,624,4,628
32840221,3834,2481,37,2518
22150011,1685,1086,15,1101
10820674,249,190,0,190
11560193,2813,1377,22,1399
43412329,802,550,3,553
54620131,1400,704,6,710
22430348,88,59,2,61
43418280,378,419,8,427
76470082,1177,754,23,777
76120051,1229,676,8,684
97570019,399,274,3,277
43410068,1415,960,20,980
32862438,2723,2015,39,2054
76350393,750,500,8,508
11640631,29,44,0,44
54590069,1391,1005,4,1009
11772109,273,216,0,216
32863428,311,224,2,226
43581854,988,755,16,771
98280108,2244,1426,25,1451
11751308,197,111,0,111
11811170,202,144,0,144
33240327,726,323,3,326
97091769,2775,1686,19,1705
54910548,1555,1092,13,1105
97960067,2294,1673,15,1688
10591129,747,704,4,708
33000084,2010,1520,9,1529
32850985,2916,1406,12,1418
43418639,570,404,47,451
33310202,450,454,6,460
43400821,1741,1530,26,1556
97100793,782,743,1,744
76360934,294,262,4,266
76101230,639,386,2,388
43773071,355,250,4,254
64950015,2351,1724,15,1739
21870491,1132,833,9,842
54410105,314,265,1,266
54890949,324,253,9,262
43771451,752,527,17,544
43480245,1494,1626,22,1648
54890220,1732,1176,11,1187
32952911,701,776,4,780
11071842,301,223,4,227
76480612,950,480,3,483
11830058,1017,677,7,684
54610444,1116,870,13,883
43692060,611,417,11,428
43994706,96,83,0,83
86580300,895,665,17,682
21860210,1187,768,3,771
43391044,3058,2278,32,2310
11210016,985,651,8,659
10841295,383,296,2,298
32952663,1974,1882,4,1886
43774645,984,869,26,895
54610040,2163,1309,17,1326
76280081,655,471,7,478
98340116,802,396,12,408
76200207,1092,523,5,528
11650474,567,366,4,370
10590173,2393,1381,18,1399
32863305,760,665,22,687
86663245,582,416,4,420
11831486,283,218,3,221
97540094,466,252,2,254
43415995,115,66,1,67
11360034,85,54,0,54
76450361,391,338,1,339
86551106,509,339,15,354
76180080,218,114,1,115
65770016,3389,2373,14,2387
76150661,1034,716,11,727
76350775,828,537,6,543
76210691,746,410,2,412
97090588,2136,1461,126,1587
54550021,1177,861,12,873
32950380,4095,1878,7,1885
33030155,1746,1290,4,1294
11601133,534,351,8,359
33000231,2554,2122,4,2126
97130044,2814,2136,3,2139
43361164,1819,1631,25,1656
86900069,2352,1399,24,1423
86740410,590,417,3,420
97110390,1362,979,14,993
65090101,270,138,3,141
54410015,223,182,1,183
11390734,368,182,2,184
43772711,258,151,0,151
86990967,402,226,4,230
43504174,294,217,1,218
32850581,3172,2601,8,2609
22470151,692,511,8,519
97142609,3261,2305,32,2337
54620670,306,237,5,242
32960640,4551,3063,28,3091
86552174,1087,522,10,532
97100254,2762,1916,28,1944
10840610,316,218,2,220
54540660,815,669,15,684
76200409,905,740,7,747
86553894,134,38,0,38
32960246,2173,1545,16,1561
76340932,324,222,2,224
86553940,460,370,11,381
43501092,984,699,5,704
22420550,1845,1046,0,1046
43500147,670,426,3,429
76211276,721,446,10,456
32961012,429,414,5,419
76280609,391,262,3,265
10930171,956,637,16,653
54570292,775,424,2,426
76190159,938,628,6,634
10920170,772,476,3,479
32863079,2244,1631,5,1636
10790726,157,104,3,107
43371839,3047,2195,45,2240
33260329,1213,968,1,969
43460096,1295,1005,13,1018
76210882,720,388,1,389
10860038,384,230,2,232
11590185,730,407,7,414
54890398,1584,1120,13,1133
10910089,343,197,4,201
10400094,250,180,0,180
86663447,500,484,7,491
76310041,875,519,6,525
10100215,1526,1177,18,1195
43774634,1007,837,11,848
11080594,420,272,6,278
43620915,773,551,13,564
10100013,2417,1702,3,1705
11260022,576,381,7,388
43622557,246,198,12,210
43690596,820,506,16,522
65190012,1133,685,7,692
11800572,772,486,7,493
54440041,958,599,10,609
97142227,2787,2046,17,2063
86821184,124,116,5,121
11580836,273,206,3,209
43900017,4492,2506,31,2537
10251188,4516,3376,33,3409
76260483,476,359,3,362
43820018,693,597,11,608
86770143,364,550,7,557
86620057,1213,1001,7,1008
86840084,636,481,7,488
65130094,815,717,11,728
86690155,1117,726,3,729
43371794,2993,2237,77,2314
10790715,381,258,3,261
43772823,467,454,2,456
86930095,2149,1371,21,1392
43950180,1908,1454,20,1474
43360297,2912,2072,20,2092
76350067,1423,649,8,657
10970018,1098,690,12,702
10841004,159,113,1,114
43774465,256,213,2,215
43414040,619,382,6,388
11160133,452,306,4,310
54540682,586,390,7,397
54470011,188,85,4,89
43500653,1062,674,0,674
22820183,117,62,1,63
54610107,2147,881,17,898
54600173,2413,1762,6,1768
10590555,1142,751,11,762
97142384,1607,1387,6,1393
11590354,581,299,0,299
11070098,981,549,10,559
98180017,173,95,1,96
43501496,521,310,2,312
10591297,400,371,5,376
43504231,461,462,8,470
11831475,545,428,8,436
76340358,748,360,0,360
22170080,121,111,0,111
76400401,853,518,13,531
22580018,1519,1047,17,1064
11080358,875,548,6,554
10590544,3038,1464,15,1479
11820866,387,245,4,249
86661412,1094,753,13,766
32850750,4697,3778,18,3796
10580037,339,259,3,262
10980121,1011,677,17,694
54330094,1535,992,11,1003
86742131,55,27,0,27
11821362,204,161,2,163
76330324,400,235,3,238
97440037,2474,1364,12,1376
43771552,376,352,2,354
76250864,1053,704,9,713
54540750,734,598,8,606
54570214,949,510,1,511
32861842,2143,1459,11,1470
97090869,2131,1568,9,1577
76500165,1695,794,7,801
10251425,2136,1626,34,1660
11820844,175,87,1,88
76110094,2094,1395,19,1414
54220328,590,483,7,490
54860058,207,156,2,158
43416244,1149,886,12,898
54660135,91,60,3,63
22680020,443,278,1,279
11610537,242,156,5,161
22460026,1574,1177,34,1211
10841240,158,100,4,104
32861235,1620,1358,15,1373
86910396,1158,997,15,1012
10390058,1564,1073,13,1086
43992984,764,615,8,623
43502509,475,296,3,299
43624920,529,389,0,389
87020467,3076,2121,6,2127
32861875,1965,1479,13,1492
54190087,2234,1349,14,1363
76360394,1328,756,7,763
22330055,1179,917,11,928
43412756,1784,1492,31,1523
11760735,274,172,5,177
76101397,486,310,0,310
22650364,222,105,4,109
43411924,1466,1040,13,1053
43772362,1038,711,13,724
22120311,114,101,2,103
76500075,528,352,7,359
11620820,409,260,0,260
76380802,260,227,1,228
11831453,527,436,2,438
11760285,813,402,11,413
11160111,1031,725,9,734
10590746,3046,2464,13,2477
22430236,144,101,2,103
86743435,59,57,1,58
76150380,2049,1180,19,1199
10250198,4176,3096,8,3104
97550062,82,33,0,33
32870998,3344,2383,28,2411
43690091,933,654,0,654
65010035,76,22,0,22
11610425,254,143,5,148
97090577,1610,1189,7,1196
65090167,56,24,1,25
11800178,572,330,14,344
43418022,292,226,0,226
43670336,2713,1903,33,1936
76400423,293,196,0,196
76480948,475,329,3,332
76190092,363,201,4,205
43620342,493,390,6,396
32863271,456,706,5,711
43993211,472,359,2,361
54160028,1204,650,6,656
11460024,582,394,5,399
54610310,798,530,8,538
76170191,1149,657,5,662
97120403,3679,2873,6,2879
54120013,230,100,1,101
43771035,958,899,13,912
86742221,121,55,0,55
97091095,2454,1555,16,1571
43690811,613,475,9,484
43480065,1980,1397,14,1411
43504523,180,136,1,137
10850442,424,235,2,237
86551959,539,313,10,323
76100295,1301,1048,10,1058
11330031,274,221,2,223
22020028,1023,574,71,645
76220692,786,625,2,627
43583665,1037,904,20,924
32952696,1306,1150,9,1159
43625033,251,174,3,177
32930322,1928,1449,17,1466
43621961,162,128,1,129
76160156,673,454,7,461
43414051,863,550,3,553
97130381,1549,1190,6,1196
76530179,492,231,12,243
11821373,264,203,6,209
86553535,431,282,9,291
86663223,527,512,2,514
11580881,201,127,0,127
86940052,741,617,11,628
10590050,2413,1645,28,1673
76450204,1042,438,12,450
33010928,2149,1644,33,1677
76360945,224,154,3,157
97100119,3373,2656,3,2659
32980406,1210,1605,5,1610
76180259,577,397,0,397
11800370,494,239,31,270
11610054,458,264,0,264
43670202,1396,972,13,985
32851087,3146,1957,0,1957
43580864,370,269,4,273
11830812,511,348,10,358
10840654,245,150,0,150
43771541,711,520,15,535
32850727,5022,3485,30,3515
54650538,246,205,1,206
10871029,880,673,11,684
76130029,668,382,7,389
76280878,626,679,12,691
33250159,2519,1542,3,1545
86660613,1109,690,6,696
54910470,1519,1081,6,1087
76140569,2116,1412,6,1418
86650027,71,44,3,47
11370035,257,180,5,185
22340067,1069,711,9,720
32890057,4976,3508,34,3542
43400528,1828,1455,7,1462
43504310,150,126,1,127
86553692,278,215,15,230
97140900,3026,2517,1,2518
76270383,1417,795,12,807
86740937,849,517,16,533
43621040,490,304,0,304
76260461,744,496,5,501
33020660,667,867,1,868
43992793,321,209,3,212
43771091,1431,1161,18,1179
22080013,274,178,4,182
43390616,2845,2112,25,2137
22330033,1196,782,9,791
32952944,426,410,7,417
43371985,3492,3654,38,3692
86840095,791,564,4,568
97131124,6497,3868,43,3911
32862900,752,565,2,567
65960017,1309,955,10,965
10590117,2412,1511,14,1525
21860669,1287,1008,2,1010
43620195,570,398,2,400
98420058,981,758,15,773
22421786,403,321,10,331
33250687,460,297,0,297
76220793,1603,938,5,943
11590242,572,323,2,325
87020423,5170,2695,39,2734
76200702,445,355,1,356
11751870,354,239,7,246
86660758,1796,1083,22,1105
32850323,2940,1621,16,1637
76200612,360,226,4,230
97540083,825,425,8,433
11781109,545,347,7,354
11810540,675,382,8,390
76500299,3547,1651,183,1834
54890916,238,281,1,282
76240526,320,279,7,286
76100329,1526,1037,6,1043
65350100,22,17,0,17
22640194,163,100,1,101
32930412,2204,1283,24,1307
10590027,2461,1710,0,1710
10550023,3177,2441,6,2447
76280384,2499,1447,20,1467
54580192,1349,699,7,706
10550034,2152,1396,28,1424
86992352,616,382,8,390
97950055,2745,1796,18,1814
86661300,939,498,2,500
11650115,1548,1149,10,1159
43414118,1097,647,6,653
97141204,3055,2008,17,2025
21930016,812,523,6,529
10990021,1810,1145,19,1164
76290149,580,290,3,293
22330112,547,520,5,525
22120096,373,209,2,211
43414433,732,521,15,536
43411250,512,281,1,282
11760061,649,300,8,308
76340044,1247,707,7,714
33080059,1372,1161,10,1171
32953046,1876,2009,2,2011
76300163,1156,676,9,685
11570352,573,302,22,324
54440197,526,384,13,397
22530024,1194,782,18,800
10560013,1115,586,2,588
11690108,938,744,7,751
76290015,553,286,4,290
32890091,4492,2887,27,2914
43840032,3170,2235,44,2279
10810583,190,112,1,113
32862641,3163,1253,29,1282
43581832,270,182,0,182
43500541,971,654,14,668
76350269,604,405,4,409
65020104,46,55,0,55
21870288,1965,1423,27,1450
43360477,3374,2364,0,2364
11260033,636,449,7,456
43670493,2119,1447,15,1462
32871124,6010,3626,30,3656
43501520,700,530,10,540
86910509,311,116,1,117
11010069,1102,799,45,844
76230244,437,273,2,275
43411845,347,214,10,224
10940510,531,345,12,357
76060122,1468,872,17,889
76211647,398,397,6,403
10250705,1394,852,19,871
33060473,3105,2144,15,2159
54910010,895,620,7,627
76320862,555,303,2,305
11200161,1423,990,30,1020
43417032,726,528,2,530
76290059,775,460,9,469
43360938,2600,2096,19,2115
32871191,2844,2418,19,2437
54420139,1462,1132,27,1159
86910138,1541,1068,4,1072
76290767,812,337,2,339
43992377,462,375,7,382
86554356,367,281,4,285
76520190,111,115,0,115
22560117,1048,825,17,842
32850918,4212,3629,10,3639
43410664,1002,567,0,567
11820710,683,460,4,464
76480667,363,228,6,234
43413814,418,284,3,287
22320087,2450,1463,34,1497
65470080,902,698,17,715
10871399,348,241,3,244
33270241,2279,1325,11,1336
43417795,222,194,4,198
43771800,845,570,5,575
11510019,1503,823,11,834
54440232,474,399,3,402
54890118,827,584,20,604
43411069,86,43,1,44
33090117,1985,1406,17,1423
43411362,965,670,12,682
32950649,2117,1342,14,1356
11090089,56,48,1,49
32841334,4063,2679,43,2722
43581371,369,239,5,244
11751487,340,208,4,212
11640316,684,390,5,395
43371424,2974,2080,31,2111
32850626,2955,2261,0,2261
10250525,2124,1322,247,1569
43622850,835,544,6,550
97090612,2102,1615,11,1626
76140446,1447,942,6,948
54320082,1800,1442,26,1468
10420029,1211,835,6,841
32861707,2354,1799,16,1815
33060620,2912,2252,8,2260
10871478,178,117,2,119
98410068,1728,1116,10,1126
32953091,1014,1167,0,1167
87020265,1894,1141,193,1334
76481028,459,322,4,326
11080549,690,381,6,387
76210343,470,213,2,215
97720016,1925,1464,3,1467
98280131,1532,1103,5,1108
11030285,795,633,4,637
76100701,483,267,0,267
43500293,2081,1408,17,1425
10251346,1447,1004,17,1021
10140062,3999,3455,9,3464
86660815,1686,1308,5,1313
43990926,172,104,5,109
33220022,1206,931,11,942
11570532,409,245,2,247
10910494,300,193,2,195
11750071,405,196,3,199
76200780,690,583,11,594
43500798,476,333,0,333
43501610,359,257,0,257
33040123,1073,787,8,795
86821061,384,280,8,288
22420459,979,667,22,689
11770961,446,251,6,257
11820439,1102,700,23,723
11630168,578,309,3,312
65340042,2016,1340,17,1357
33000028,3101,2242,17,2259
86910239,2134,1467,15,1482
43772980,517,365,3,368
65530188,108,56,2,58
32841682,2170,1479,29,1508
98200032,198,132,1,133
43361300,2168,1647,11,1658
32850367,6212,3554,43,3597
11750419,392,221,4,225
22600224,1621,1135,15,1150
76490107,485,186,1,187
86900137,1716,1237,20,1257
32950212,3471,2599,2,2601
11150132,702,508,8,516
33240080,2138,1536,6,1542
65530324,49,38,0,38
43416255,370,278,9,287
86552938,1172,868,24,892
21861008,2736,1980,24,2004
98070048,415,272,3,275
43621185,472,305,3,308
33010388,2441,1772,22,1794
32871180,4487,4752,48,4800
76510515,370,235,2,237
22590020,1787,1231,10,1241
86850052,3105,2127,46,2173
10870017,386,306,2,308
22650140,122,62,2,64
76170124,1107,637,10,647
76100363,1625,990,3,993
43900040,3194,1910,33,1943
43600216,1542,809,3,812
43771002,1487,1091,23,1114
97093334,1317,1105,10,1115
76240199,1274,686,13,699
54340073,2343,1701,10,1711
32861066,3481,2564,5,2569
76240122,761,463,9,472
76480331,937,551,3,554
97140528,2366,1690,9,1699
86660253,616,408,1,409
22150055,1576,1122,4,1126
43772542,551,660,9,669
76200511,147,99,1,100
98380299,2221,1625,13,1638
43415063,383,289,2,291
10420052,334,234,1,235
11810427,561,301,3,304
76200454,426,369,2,371
76160695,216,156,1,157
21870312,590,393,6,399
43580077,606,389,4,393
76390207,1025,690,5,695
65470091,400,352,7,359
76350382,1742,1047,17,1064
10820911,1098,808,0,808
43417841,332,282,7,289
11830070,779,467,13,480
54470099,1218,758,15,773
76510313,317,157,1,158
97130606,1141,973,3,976
54380066,333,73,1,74
43504961,663,638,1,639
76150335,1061,561,10,571
76380172,1648,908,25,933
97440059,369,335,1,336
54590115,1712,1104,22,1126
54680339,330,302,3,305
43620533,296,217,0,217
10940633,617,362,6,368
97090746,2572,1770,22,1792
11290036,822,731,7,738
43951305,432,436,3,439
32890035,3637,2398,23,2421
11690085,1042,698,5,703
76370788,1242,757,10,767
86660747,926,499,13,512
43740075,3133,2185,38,2223
97130022,3493,2477,19,2496
54890017,1312,948,8,956
86552758,188,102,0,102
43502789,359,251,1,252
86552028,1106,733,8,741
86821140,403,314,7,321
10810246,287,190,2,192
98200021,132,80,2,82
11601054,389,267,6,273
86570107,1120,1168,27,1195
54600038,3322,2343,23,2366
43361546,3440,2331,34,2365
33020491,3416,2267,34,2301
11810708,413,241,8,249
65530212,758,568,15,583
43773789,337,262,1,263
43991219,727,611,0,611
76510010,271,127,1,128
43800016,2513,1900,25,1925
43991242,670,478,5,483
10520031,124,70,2,72
11831497,591,549,12,561
54570034,1184,555,8,563
86870065,2688,1994,17,2011
32871382,478,1197,12,1209
33250542,3068,2095,26,2121
33060912,3978,2837,0,2837
76280328,1323,708,5,713
11070773,628,437,11,448
43583823,683,572,15,587
11810539,436,227,2,229
22090081,116,86,0,86
43950292,4080,3670,10,3680
11071314,140,101,1,102
43370221,2454,1891,23,1914
76450293,2015,1683,23,1706
43625101,1248,965,10,975
22110129,186,51,0,51
86900294,1070,895,13,908
10600029,1677,1123,27,1150
32870426,1939,1438,9,1447
54670091,218,110,2,112
76300129,443,259,1,260
86730240,1267,1023,24,1047
22600730,867,701,19,720
97131157,1929,1347,7,1354
32840063,2213,1688,7,1695
76240043,727,341,8,349
33240237,966,611,18,629
43480122,1984,1541,17,1558
43410271,746,585,15,600
11570497,377,239,4,243
11770321,1165,769,9,778
11820596,453,285,7,292
86551881,573,379,15,394
76120073,405,246,2,248
33010108,2665,1957,3,1960
43390111,3316,2296,15,2311
65050039,1566,1133,21,1154
11620628,317,194,10,204
76240212,1389,763,8,771
10910113,184,121,3,124
11200149,409,274,1,275
33270320,1394,1433,16,1449
32960617,2544,1796,20,1816
43582822,925,826,9,835
11810764,204,109,0,109
76290734,921,454,0,454
11580982,457,363,8,371
76290633,1259,565,8,573
54540749,935,769,12,781
32870392,1777,1496,11,1507
54540402,913,606,5,611
43775040,454,659,8,667
54330027,1495,878,19,897
11020060,585,430,3,433
10590869,1472,982,12,994
10250200,2062,1738,7,1745
11610391,178,118,0,118
43691823,924,610,21,631
43504141,385,268,3,271
43990320,231,188,1,189
76341179,67,60,1,61
43400304,1615,989,54,1043
43503410,617,388,4,392
32850514,4880,2456,36,2492
76351215,481,347,7,354
11820136,460,188,5,193
86740555,1549,896,19,915
10790175,291,181,3,184
86553041,290,165,3,168
65440627,1746,1588,7,1595
65390069,145,99,1,100
11571117,442,306,6,312
10820708,608,436,3,439
10830046,188,127,1,128
76370586,1865,992,9,1001
43412442,824,530,5,535
97110154,3144,2528,0,2528
54890804,902,731,19,750
54790599,1624,1412,13,1425
22421483,442,425,9,434
33280028,890,926,4,930
98410046,2619,1876,13,1889
86551500,612,298,6,304
32940200,3390,2251,19,2270
43772216,1324,969,22,991
86660275,454,271,1,272
76380655,117,83,0,83
54260142,2162,1394,17,1411
43992906,648,439,7,446
54620658,540,370,5,375
10300116,2787,1743,24,1767
97091994,4109,1949,6,1955
97240024,1720,1247,25,1272
76470149,173,161,0,161
76230514,572,326,1,327
43583586,784,667,0,667
43670819,503,951,7,958
86742300,1386,995,15,1010
76351080,292,231,5,236
76380813,209,171,0,171
76090057,2452,1623,19,1642
43625987,609,475,8,483
11790097,896,610,10,620
76211164,1218,601,1,602
22810092,211,126,1,127
97520014,1385,981,9,990
76160280,946,645,12,657
43410282,767,528,7,535
10590342,3031,2017,28,2045
43950720,2550,2056,11,2067
43361579,2255,1452,17,1469
10250547,3232,2179,26,2205
11570510,467,253,6,259
43500978,904,621,7,628
43950359,2501,1900,24,1924
22640138,113,22,0,22
43691777,656,444,6,450
32950896,4753,3347,0,3347
10251582,1190,759,16,775
54670170,365,195,3,198
98310023,314,150,3,153
65290080,36,50,2,52
32952416,1289,898,11,909
54670013,1086,642,8,650
97110031,2708,2137,1,2138
43503892,266,169,4,173
86910026,3273,2282,6,2288
10910753,361,256,13,269
22740195,222,180,3,183
11590961,250,150,3,153
11070335,437,268,4,272
54670057,747,408,10,418
54700017,607,486,1,487
97141855,3409,2342,29,2371
43584408,136,104,0,104
54700062,205,84,3,87
86550442,159,56,2,58
32940480,1574,1144,10,1154
54230239,535,602,67,669
10810099,297,173,2,175
97530172,549,356,7,363
11631822,110,59,0,59
86662996,448,323,0,323
54890691,916,691,0,691
54650437,1685,1368,19,1387
43370614,2549,1912,29,1941
32930131,3090,818,3,821
97141114,3502,2873,30,2903
54890837,708,556,3,559
54410048,164,198,3,201
76370407,266,107,2,109
43370197,2652,1813,41,1854
43380110,2396,1858,0,1858
10910236,468,288,4,292
11370013,197,125,6,131
11630326,1792,986,6,992
76280610,380,251,2,253
10850015,608,391,3,394
65130050,380,279,3,282
10790489,276,188,1,189
97141866,4080,3059,25,3084
11760072,453,260,2,262
11650193,951,548,8,556
11080123,423,277,4,281
76180237,461,298,4,302
33240383,927,669,11,680
43773004,810,588,4,592
86742737,182,122,2,124
43775466,881,840,19,859
43361793,1694,1118,17,1135
10810640,216,139,0,139
76230446,507,280,1,281
10810505,316,219,2,221
10860128,614,417,7,424
76510065,351,234,1,235
98400034,1538,862,5,867
32952900,580,627,0,627
11801247,142,108,1,109
11831330,234,184,2,186
43773576,947,639,0,639
11630090,474,235,5,240
76200252,1139,621,5,626
32930995,2994,2602,37,2639
22300030,1402,1023,25,1048
76450473,763,687,15,702
86660398,265,164,0,164
86700214,1919,1415,8,1423
76350685,897,396,11,407
65080021,142,123,2,125
86553401,299,176,3,179
97090038,2929,2238,11,2249
76480094,206,95,1,96
43650031,923,619,19,638
33020536,4801,3612,0,3612
87020456,941,719,16,735
54790544,1671,1446,14,1460
33240103,1343,1020,15,1035
43418785,611,618,15,633
22600482,386,167,6,173
76540237,890,566,3,569
32890169,2997,2063,23,2086
43371299,2091,2061,27,2088
43950269,1887,1288,8,1296
11790334,847,393,13,406
65250020,457,365,7,372
43418392,544,483,11,494
54790465,2196,1678,30,1708
76250303,392,111,2,113
76220748,791,403,4,407
32862922,1061,974,9,983
43691160,704,458,9,467
10540011,1525,950,8,958
33010603,2648,1947,11,1958
76210051,1405,727,6,733
43991332,650,460,3,463
43993435,737,648,4,652
86551825,347,213,5,218
33270072,1437,926,11,937
43620151,394,286,2,288
54890668,752,565,7,572
43690170,714,507,20,527
54540356,1390,964,23,987
43621062,635,436,15,451
76090305,783,827,8,835
43413735,2695,1688,28,1716
76510526,239,119,2,121
43361119,2055,1458,16,1474
97100737,1957,1926,25,1951
97960045,872,721,8,729
86992497,4292,1933,64,1997
76140929,761,488,7,495
22740094,1660,1187,9,1196
11810944,385,254,2,256
43625561,358,265,5,270
43410574,1122,647,4,651
65660047,376,234,3,237
10100091,2278,1476,31,1507
43350443,1840,1503,13,1516
10490093,58,29,2,31
76101117,949,584,4,588
33020301,5678,4208,82,4290
86740106,1127,445,11,456
33140012,612,465,3,468
33061160,789,882,5,887
76320716,812,582,7,589
43391134,1409,1531,15,1546
97200323,2253,1509,26,1535
54610477,634,503,7,510
97091972,3373,1939,23,1962
10930160,180,95,1,96
10851117,354,228,2,230
22410144,198,133,3,136
76080427,860,692,13,705
10840867,165,112,0,112
32861572,3393,2545,19,2564
32860470,3194,2295,14,2309
86740128,628,332,4,336
22720261,1787,1122,0,1122
11821003,224,127,2,129
76230233,647,415,5,420
22210232,171,118,7,125
86920049,2371,1519,25,1544
32930793,2159,1837,6,1843
22110264,136,113,3,116
32950414,3459,2130,6,2136
98410013,2017,1689,5,1694
33070182,1346,1096,9,1105
65350054,205,100,1,101
21850028,2269,1639,21,1660
33020480,3498,3071,9,3080
11780636,351,256,1,257
10330108,95,83,6,89
54620490,542,346,0,346
33020086,3447,2668,32,2700
43502745,753,328,4,332
76340022,1536,852,3,855
22200107,1314,823,4,827
76340077,1344,724,17,741
43501722,828,590,7,597
33040101,1330,1004,7,1011
33070047,2041,1544,40,1584
32851346,679,700,7,707
22630126,43,8,0,8
11760498,291,183,2,185
76321458,242,184,2,186
11460349,282,197,8,205
43418572,319,190,7,197
32870415,2148,1516,15,1531
54440119,845,566,5,571
76090383,1034,1078,11,1089
11771119,885,576,6,582
10120015,2395,1507,17,1524
76280272,1295,656,5,661
11581028,587,414,2,416
98070059,202,115,2,117
54910593,1023,698,5,703
33061193,1351,1535,16,1551
32940851,2260,1640,36,1676
86670074,1461,1043,12,1055
86550688,276,200,2,202
86743154,376,281,6,287
11611190,266,163,0,163
98280164,1648,980,16,996
43417144,669,464,26,490
32861033,1485,1402,7,1409
43691553,379,219,11,230
11751498,255,163,4,167
33110323,830,649,2,651
43370894,2429,1754,30,1784
11820787,236,121,3,124
32910050,5950,2117,11,2128
10430154,559,332,4,336
10590375,2188,1403,30,1433
43371097,2789,1931,30,1961
54220430,499,482,11,493
76250033,1284,596,15,611
86910206,2176,1415,11,1426
33030391,4585,2877,13,2890
33250496,2699,1960,31,1991
11080729,280,194,8,202
76070088,2261,1418,27,1445
10590522,2292,1857,133,1990
32861741,1342,1174,10,1184
11811215,196,145,1,146
11070212,328,206,8,214
11460530,355,239,6,245
43960079,922,724,21,745
32850211,4464,1963,29,1992
11450067,307,233,7,240
86662569,470,332,3,335
32940941,1089,923,5,928
22770109,483,627,25,652
54740112,283,145,0,145
32862023,1373,1173,0,1173
10350021,399,265,0,265
22720430,588,530,7,537
54390067,225,202,6,208
22720104,1867,1270,23,1293
54610039,1984,1075,22,1097
43581900,421,277,4,281
33260240,1599,983,18,1001
43693218,709,602,0,602
21870301,1656,1138,15,1153
54760114,1381,1098,0,1098
43418640,319,304,2,306
43730153,290,250,7,257
11821036,365,207,5,212
11210038,802,530,7,537
11390699,710,494,1,495
43583878,574,419,10,429
22210142,140,107,4,111
97270218,266,284,0,284
43992287,946,579,15,594
54910414,1207,850,8,858
11760623,270,157,1,158
11570936,294,181,4,185
54650268,2230,1622,29,1651
65330096,62,41,0,41
32960819,1586,1661,0,1661
43582237,2404,1951,22,1973
86992723,384,250,4,254
43480380,597,650,4,654
11580386,458,288,3,291
22820093,153,103,0,103
10550045,973,796,22,818
43570166,1544,1181,12,1193
43410394,1470,1121,11,1132
54200045,646,468,2,470
43990296,385,269,4,273
76480577,397,226,4,230
43415490,1265,920,21,941
43580101,422,276,4,280
22210096,1783,637,7,644
54410239,151,119,0,119
54190155,1024,1027,31,1058
86741859,1371,802,8,810
97091589,3643,2667,13,2680
10030037,1696,1216,8,1224
11810191,784,461,9,470
43691193,696,424,10,434
32863383,958,1253,16,1269
43900141,1214,863,21,884
10430019,1227,942,11,953
43502127,1004,627,3,630
32930816,3253,1988,21,2009
32870224,2060,1627,21,1648
22600112,1691,1218,2,1220
22610089,1028,631,0,631
43415906,479,345,2,347
43620274,656,462,17,479
76280137,873,506,15,521
86743008,656,519,7,526
11760892,400,214,4,218
43622489,312,195,2,197
86660141,1025,538,9,547
43624841,1096,812,19,831
43990432,1327,910,20,930
43400832,2050,1661,28,1689
97120582,1896,1283,14,1297
11831194,306,235,3,238
76190621,108,94,1,95
86661524,905,582,6,588
65280045,1207,907,3,910
43501902,620,401,3,404
33090151,2606,1964,26,1990
22800125,90,62,0,62
86661939,451,203,2,205
11571005,344,237,2,239
10780028,133,49,0,49
76160628,1004,557,15,572
76150548,1177,758,4,762
11070492,581,351,0,351
10590038,2182,1592,19,1611
22820206,190,102,3,105
43991523,483,344,5,349
76260089,1002,571,5,576
43418336,456,412,6,418
43670695,1217,1093,7,1100
33030201,2696,2041,24,2065
76380273,1125,543,4,547
10870916,886,663,11,674
76290396,776,463,7,470
43412611,563,352,1,353
43772081,683,536,7,543
76450158,1751,1037,10,1047
98430161,522,329,4,333
43416378,357,254,5,259
22300018,2012,1193,12,1205
11100272,356,231,2,233
33080262,611,515,6,521
97480019,1588,877,14,891
10390047,178,179,4,183
76420043,2320,1736,19,1755
10591242,880,908,12,920
43690350,769,468,21,489
11751117,246,138,0,138
86661748,2032,1386,17,1403
43670640,556,465,7,472
43415805,1205,994,11,1005
10250693,1882,1134,12,1146
54540907,539,508,6,514
11570734,633,417,3,420
43993479,585,403,2,405
43624773,139,136,0,136
43993277,1400,1007,30,1037
10250053,3439,2662,33,2695
10920226,354,169,2,171
54230037,2159,1467,10,1477
43990971,149,91,1,92
43994380,819,631,3,634
54590047,1577,1038,16,1054
11790176,390,257,6,263
43371659,1960,1372,15,1387
11631002,345,247,3,250
22420673,386,236,0,236
32940884,1336,1048,10,1058
76310164,399,176,8,184
86662514,933,805,8,813
43992669,399,260,4,264
43773879,739,538,10,548
11750857,685,393,7,400
10810808,268,180,3,183
86662064,863,653,13,666
11780849,254,171,6,177
11820912,432,257,7,264
33310156,607,393,5,398
86690188,837,905,10,915
10820865,663,525,6,531
76380734,344,267,2,269
11801191,211,142,4,146
76220951,500,256,4,260
10670453,609,448,7,455
11630887,455,292,1,293
97140461,4619,2981,27,3008
54200023,406,291,3,294
65660104,69,41,0,41
32861998,2316,1762,17,1779
33030481,1148,920,0,920
43992568,611,452,12,464
54230172,549,447,5,452
43570133,2201,1355,12,1367
32860346,2929,2241,8,2249
10400128,80,55,0,55
54790375,1724,1395,13,1408
76110151,2686,1502,19,1521
11310017,1159,627,7,634
11771883,381,232,8,240
97091141,1448,1025,8,1033
10790074,504,304,4,308
10250020,4348,3227,7,3234
86661636,1704,1084,18,1102
10591185,2264,1925,30,1955
54890411,1486,1112,9,1121
43362031,2251,1740,56,1796
43410833,1224,761,7,768
98340082,531,272,4,276
11460541,243,174,2,176
97200312,2900,1748,11,1759
32960415,1798,1253,14,1267
98100165,320,236,4,240
76170696,361,326,4,330
65280078,60,26,1,27
11390138,709,469,7,476
76280553,867,584,3,587
76090271,2776,2142,10,2152
32850143,3237,2216,13,2229
43418730,824,792,15,807
43503971,325,245,0,245
22410065,510,416,9,425
97130987,1560,1182,6,1188
43691227,171,110,3,113
43581236,503,323,8,331
32840276,3242,2572,23,2595
76130625,296,156,3,159
76290947,514,298,5,303
97850043,28,15,0,15
87060034,1395,779,3,782
10930294,385,248,1,249
43772924,443,382,13,395
43417245,339,221,2,223
97091499,2152,1497,17,1514
76200117,892,319,2,321
54510151,523,465,3,468
43670190,1329,978,14,992
43390997,2350,2046,6,2052
